OFV: 101437.0

Route: [0, 358, 53, 68, 390, 352, 76, 165, 183, 66, 283, 227, 251, 451, 222, 468, 327, 207, 428, 320, 239, 298, 67, 62, 263, 447, 271, 346, 103, 306, 278, 143, 141, 71, 430, 363, 99, 284, 345, 491, 112, 261, 256, 0]
Volume: 4.8882
Cost: 6915
Route: [0, 33, 157, 442, 400, 406, 104, 268, 187, 467, 310, 190, 89, 189, 269, 432, 449, 138, 34, 114, 202, 299, 288, 151, 22, 392, 199, 252, 226, 369, 326, 156, 84, 92, 461, 446, 402, 330, 158, 50, 344, 408, 339, 0]
Volume: 4.4563
Cost: 7387
Route: [0, 360, 224, 166, 444, 205, 280, 470, 147, 372, 240, 181, 3, 342, 409, 235, 193, 244, 287, 418, 489, 494, 440, 14, 133, 111, 96, 140, 294, 499, 460, 367, 160, 70, 203, 450, 319, 0]
Volume: 4.858
Cost: 7780
Route: [0, 404, 309, 43, 36, 215, 413, 220, 83, 87, 483, 308, 75, 109, 77, 121, 458, 65, 179, 24, 396, 272, 197, 333, 281, 78, 41, 122, 20, 0]
Volume: 3.7443
Cost: 5088
Route: [0, 417, 377, 497, 184, 28, 45, 422, 493, 419, 169, 9, 456, 115, 167, 395, 291, 420, 7, 469, 366, 459, 478, 91, 265, 134, 123, 407, 0]
Volume: 3.6355
Cost: 7103
Route: [0, 425, 488, 335, 61, 325, 482, 373, 302, 155, 19, 82, 379, 304, 85, 21, 253, 362, 486, 175, 463, 217, 64, 453, 426, 136, 341, 18, 100, 81, 0]
Volume: 4.9395
Cost: 8443
Route: [0, 375, 236, 145, 490, 40, 173, 98, 44, 117, 443, 139, 393, 321, 323, 464, 94, 485, 429, 243, 131, 262, 382, 354, 35, 414, 348, 361, 208, 370, 436, 368, 305, 119, 431, 229, 31, 247, 230, 343, 149, 421, 106, 182, 107, 0]
Volume: 4.9991
Cost: 7748
Route: [0, 266, 276, 13, 410, 49, 234, 214, 376, 204, 371, 196, 129, 329, 314, 161, 118, 412, 232, 128, 290, 144, 102, 163, 201, 293, 415, 328, 452, 359, 72, 484, 245, 12, 316, 228, 130, 381, 231, 191, 334, 0]
Volume: 4.9011
Cost: 6493
Route: [0, 357, 378, 289, 120, 311, 365, 37, 388, 54, 498, 194, 177, 364, 455, 434, 176, 336, 30, 152, 433, 209, 148, 219, 88, 25, 32, 195, 69, 331, 221, 97, 101, 297, 174, 384, 355, 162, 427, 23, 472, 0]
Volume: 4.997
Cost: 8220
Route: [0, 312, 273, 270, 454, 397, 212, 350, 27, 113, 479, 387, 200, 448, 124, 374, 60, 295, 63, 188, 51, 324, 110, 47, 218, 48, 246, 403, 58, 216, 337, 150, 317, 238, 439, 267, 153, 313, 282, 340, 225, 423, 0]
Volume: 4.9536
Cost: 9196
Route: [0, 241, 351, 11, 474, 73, 137, 475, 487, 389, 277, 466, 399, 127, 223, 108, 445, 349, 315, 424, 248, 380, 250, 125, 52, 401, 4, 242, 198, 347, 126, 254, 159, 279, 318, 186, 0]
Volume: 4.7976
Cost: 7159
Route: [0, 260, 385, 233, 481, 480, 180, 296, 10, 79, 164, 457, 1, 383, 105, 26, 332, 192, 237, 391, 206, 441, 476, 74, 394, 178, 5, 437, 95, 301, 0]
Volume: 3.567
Cost: 6650
Route: [0, 90, 55, 185, 258, 300, 172, 56, 213, 6, 492, 170, 286, 398, 59, 471, 462, 57, 465, 416, 154, 2, 259, 386, 353, 171, 411, 274, 132, 495, 322, 86, 168, 275, 356, 210, 338, 80, 0]
Volume: 4.3605
Cost: 5921
Route: [0, 496, 211, 38, 249, 135, 477, 116, 42, 39, 16, 29, 15, 285, 405, 473, 46, 257, 93, 146, 292, 435, 255, 303, 438, 142, 17, 264, 8, 307, 0]
Volume: 4.7175
Cost: 7334
