OFV: 95939.0

Route: [0, 211, 236, 145, 44, 117, 48, 98, 443, 139, 393, 321, 24, 94, 323, 464, 396, 272, 197, 333, 281, 78, 41, 122, 35, 46, 305, 473, 257, 106, 182, 18, 100, 341, 136, 426, 29, 16, 15, 116, 39, 42, 477, 135, 38, 249, 19, 155, 82, 379, 302, 238, 153, 267, 0]
Volume: 11.904
Cost: 11298
Route: [0, 225, 340, 423, 481, 480, 180, 350, 212, 397, 27, 113, 448, 124, 79, 1, 457, 164, 374, 295, 63, 188, 51, 47, 324, 110, 218, 307, 0]
Volume: 6.0361
Cost: 5502
Route: [0, 107, 81, 339, 20, 444, 205, 280, 470, 181, 147, 372, 240, 3, 342, 409, 235, 193, 287, 244, 418, 224, 166, 130, 381, 191, 231, 334, 5, 437, 456, 115, 395, 291, 167, 420, 9, 469, 366, 459, 478, 91, 265, 134, 123, 407, 489, 494, 427, 0]
Volume: 12.0401
Cost: 10629
Route: [0, 357, 404, 429, 485, 243, 131, 382, 262, 354, 436, 368, 414, 348, 361, 208, 370, 119, 431, 229, 31, 247, 230, 405, 285, 25, 32, 88, 152, 30, 148, 219, 209, 433, 336, 468, 327, 207, 239, 428, 320, 298, 67, 62, 263, 447, 271, 346, 103, 401, 306, 315, 424, 104, 338, 95, 301, 0]
Volume: 12.2052
Cost: 10558
Route: [0, 425, 488, 335, 61, 325, 482, 373, 439, 21, 253, 362, 85, 304, 217, 64, 453, 343, 149, 421, 93, 146, 292, 435, 255, 303, 438, 142, 17, 264, 8, 109, 121, 458, 65, 77, 179, 461, 446, 402, 330, 158, 318, 186, 0]
Volume: 11.482
Cost: 9497
Route: [0, 90, 55, 258, 185, 300, 172, 56, 213, 6, 492, 170, 286, 371, 290, 144, 102, 163, 201, 293, 415, 328, 449, 359, 452, 59, 471, 416, 432, 154, 269, 430, 363, 99, 284, 203, 491, 112, 261, 256, 0]
Volume: 11.172
Cost: 5575
Route: [0, 358, 496, 50, 344, 408, 36, 43, 309, 215, 413, 308, 75, 483, 83, 220, 87, 183, 165, 76, 53, 68, 352, 390, 378, 227, 177, 364, 455, 279, 434, 176, 143, 171, 141, 71, 411, 353, 274, 132, 495, 322, 86, 168, 275, 499, 460, 367, 160, 268, 70, 345, 356, 210, 80, 0]
Volume: 12.4851
Cost: 7666
Route: [0, 375, 204, 234, 214, 376, 314, 329, 129, 161, 196, 118, 412, 232, 128, 490, 40, 173, 246, 403, 58, 216, 337, 422, 493, 419, 45, 28, 497, 184, 387, 200, 479, 377, 417, 312, 273, 454, 270, 0]
Volume: 9.8321
Cost: 7409
Route: [0, 241, 11, 474, 487, 73, 475, 137, 351, 389, 277, 466, 399, 127, 223, 294, 108, 445, 248, 349, 380, 250, 125, 52, 278, 4, 242, 198, 22, 299, 151, 228, 245, 316, 12, 72, 484, 465, 462, 57, 398, 49, 410, 13, 276, 266, 450, 319, 0]
Volume: 11.204
Cost: 8180
Route: [0, 33, 157, 442, 400, 406, 187, 467, 310, 190, 89, 189, 2, 259, 386, 347, 392, 202, 288, 138, 34, 114, 199, 252, 226, 369, 126, 92, 84, 156, 254, 159, 326, 289, 120, 311, 365, 37, 388, 54, 66, 194, 498, 283, 251, 451, 222, 360, 0]
Volume: 12.1031
Cost: 7302
Route: [0, 260, 385, 233, 313, 282, 296, 10, 383, 105, 26, 74, 476, 441, 394, 178, 60, 391, 206, 237, 332, 192, 486, 175, 463, 150, 317, 195, 69, 331, 111, 96, 140, 97, 221, 7, 169, 14, 133, 440, 101, 297, 174, 384, 355, 162, 23, 472, 0]
Volume: 11.299
Cost: 12323
