OFV: 96110.0

Route: [0, 87, 290, 178, 198, 315, 221, 130, 272, 252, 144, 317, 248, 413, 319, 322, 452, 199, 200, 56, 345, 464, 216, 481, 176, 358, 412, 47, 189, 463, 16, 373, 316, 434, 458, 103, 62, 14, 405, 418, 357, 242, 143, 350, 379, 305, 23, 43, 367, 126, 243, 102, 491, 236, 85, 0]
Volume: 12.0751
Cost: 10880
Route: [0, 19, 384, 435, 3, 341, 7, 465, 457, 249, 456, 496, 279, 123, 50, 473, 154, 228, 104, 255, 258, 306, 478, 430, 8, 152, 241, 472, 67, 381, 74, 42, 153, 440, 191, 187, 203, 10, 257, 0]
Volume: 9.725
Cost: 7904
Route: [0, 219, 197, 95, 204, 280, 226, 41, 5, 182, 392, 212, 428, 261, 318, 334, 77, 332, 223, 293, 314, 68, 403, 217, 34, 30, 369, 195, 190, 449, 213, 131, 0]
Volume: 9.067
Cost: 7280
Route: [0, 227, 274, 57, 159, 48, 309, 263, 304, 387, 145, 310, 29, 215, 60, 393, 167, 75, 239, 116, 400, 147, 120, 180, 229, 354, 142, 419, 446, 378, 382, 429, 342, 407, 366, 421, 28, 237, 25, 339, 376, 134, 64, 96, 375, 308, 498, 495, 462, 161, 71, 181, 0]
Volume: 12.135
Cost: 8130
Route: [0, 206, 433, 284, 127, 326, 166, 475, 177, 39, 231, 383, 298, 112, 328, 325, 124, 37, 162, 436, 268, 295, 431, 460, 388, 59, 61, 423, 207, 233, 320, 468, 470, 135, 411, 441, 448, 480, 136, 36, 260, 27, 396, 80, 484, 331, 186, 0]
Volume: 10.8121
Cost: 8706
Route: [0, 474, 437, 168, 79, 93, 307, 244, 113, 66, 111, 277, 138, 128, 432, 488, 73, 4, 360, 33, 122, 489, 493, 240, 49, 347, 459, 245, 346, 359, 453, 330, 365, 94, 497, 235, 397, 300, 390, 218, 90, 193, 391, 264, 313, 0]
Volume: 12.141
Cost: 9091
Route: [0, 333, 380, 262, 192, 156, 137, 141, 324, 114, 442, 294, 276, 353, 469, 46, 210, 115, 343, 271, 270, 422, 40, 45, 169, 99, 451, 490, 486, 386, 196, 461, 394, 184, 427, 487, 372, 38, 165, 32, 454, 22, 0]
Volume: 11.7672
Cost: 8334
Route: [0, 371, 224, 26, 12, 98, 340, 361, 205, 194, 356, 311, 230, 370, 335, 106, 417, 211, 86, 283, 121, 208, 479, 443, 483, 251, 455, 389, 253, 183, 477, 289, 222, 52, 175, 445, 410, 172, 232, 424, 344, 0]
Volume: 10.094
Cost: 6764
Route: [0, 11, 292, 349, 288, 402, 492, 151, 63, 35, 327, 355, 404, 140, 163, 420, 351, 110, 9, 363, 117, 81, 254, 54, 312, 285, 337, 447, 362, 399, 155, 425, 70, 108, 408, 301, 494, 55, 17, 275, 18, 426, 148, 109, 266, 0]
Volume: 10.8251
Cost: 8797
Route: [0, 125, 201, 299, 439, 297, 401, 267, 471, 133, 281, 13, 377, 171, 247, 118, 250, 348, 132, 2, 256, 100, 374, 69, 303, 6, 398, 1, 20, 174, 89, 302, 101, 438, 202, 409, 97, 352, 220, 296, 209, 146, 214, 150, 44, 385, 92, 53, 323, 336, 416, 91, 338, 0]
Volume: 11.518
Cost: 9447
Route: [0, 444, 78, 282, 179, 278, 170, 450, 286, 83, 76, 158, 364, 24, 414, 476, 173, 58, 265, 72, 88, 259, 291, 482, 129, 466, 157, 287, 269, 188, 467, 139, 51, 84, 105, 65, 107, 15, 246, 21, 164, 415, 485, 238, 31, 119, 82, 321, 149, 225, 185, 234, 499, 406, 273, 368, 329, 160, 395, 0]
Volume: 11.307
Cost: 10777
