OFV: 211367.0

Route: [0, 162, 248, 164, 68, 99, 212, 168, 23, 203, 196, 30, 219, 134, 165, 112, 56, 231, 217, 1, 167, 113, 96, 147, 198, 75, 69, 139, 182, 166, 27, 16, 199, 177, 2, 6, 247, 43, 235, 10, 237, 200, 36, 14, 32, 24, 91, 81, 71, 118, 157, 9, 19, 197, 77, 194, 31, 133, 83, 39, 238, 98, 206, 169, 65, 0]
Volume: 6.349
Cost: 52159
Route: [0, 192, 92, 82, 64, 28, 61, 29, 26, 72, 201, 155, 114, 163, 109, 243, 172, 218, 222, 76, 52, 102, 106, 51, 188, 215, 244, 126, 55, 225, 146, 63, 211, 80, 67, 190, 230, 140, 229, 227, 86, 204, 119, 95, 88, 178, 115, 49, 145, 78, 187, 208, 58, 108, 239, 226, 154, 89, 33, 111, 186, 97, 174, 84, 144, 94, 143, 100, 152, 179, 141, 127, 18, 70, 171, 47, 50, 191, 234, 170, 103, 87, 213, 0]
Volume: 9.5835
Cost: 69052
Route: [0, 117, 176, 193, 48, 13, 205, 131, 221, 25, 73, 158, 156, 41, 161, 183, 122, 216, 121, 85, 93, 11, 22, 149, 53, 132, 210, 17, 79, 209, 42, 224, 159, 105, 15, 245, 173, 148, 246, 66, 249, 233, 125, 142, 90, 120, 37, 60, 62, 223, 240, 135, 184, 138, 101, 5, 116, 7, 241, 35, 151, 38, 107, 44, 74, 34, 150, 130, 54, 153, 20, 46, 180, 40, 242, 4, 110, 195, 45, 214, 236, 181, 124, 160, 123, 220, 12, 189, 21, 228, 104, 128, 207, 202, 185, 59, 57, 232, 175, 137, 129, 8, 3, 136, 0]
Volume: 12.3553
Cost: 90156
