OFV: 15236.0

Route: [0, 331, 357, 20, 420, 360, 330, 166, 283, 185, 395, 487, 208, 11, 58, 48, 98, 438, 428, 326, 497, 335, 19, 49, 328, 204, 416, 473, 447, 33, 265, 123, 470, 346, 159, 47, 133, 183, 72, 22, 78, 28, 213, 60, 172, 284, 195, 150, 157, 94, 25, 38, 301, 460, 65, 118, 170, 423, 469, 61, 404, 277, 89, 256, 42, 186, 177, 305, 339, 269, 371, 376, 244, 13, 354, 225, 263, 483, 391, 99, 452, 148, 29, 311, 171, 454, 446, 102, 405, 386, 392, 456, 448, 0]
Volume: 12.1566
Cost: 2146
Route: [0, 288, 254, 81, 140, 307, 154, 260, 207, 342, 349, 387, 486, 465, 401, 478, 261, 424, 442, 468, 274, 394, 306, 449, 124, 129, 10, 318, 271, 231, 14, 272, 135, 495, 122, 239, 499, 191, 471, 302, 484, 227, 126, 488, 196, 73, 249, 286, 188, 412, 202, 34, 36, 235, 417, 158, 86, 350, 462, 435, 433, 450, 120, 320, 194, 233, 236, 142, 455, 312, 317, 332, 143, 361, 461, 117, 23, 262, 432, 17, 378, 289, 407, 152, 160, 211, 83, 364, 285, 127, 44, 234, 0]
Volume: 11.4233
Cost: 2978
Route: [0, 352, 363, 445, 51, 219, 426, 268, 163, 393, 304, 80, 153, 193, 381, 255, 489, 300, 422, 419, 241, 481, 457, 252, 97, 379, 113, 444, 206, 41, 1, 165, 215, 116, 245, 402, 54, 224, 418, 258, 105, 59, 101, 474, 149, 291, 9, 201, 32, 62, 4, 63, 321, 351, 35, 40, 327, 439, 372, 242, 114, 370, 45, 131, 427, 297, 18, 30, 403, 229, 246, 31, 237, 365, 95, 164, 316, 425, 138, 276, 336, 257, 67, 275, 104, 92, 295, 205, 359, 270, 389, 491, 329, 397, 273, 409, 0]
Volume: 11.2657
Cost: 2539
Route: [0, 267, 162, 189, 287, 415, 7, 91, 477, 266, 66, 377, 430, 156, 383, 216, 388, 187, 380, 440, 279, 280, 119, 77, 145, 292, 467, 27, 443, 218, 139, 248, 100, 240, 308, 479, 464, 79, 26, 334, 247, 476, 466, 338, 168, 345, 71, 155, 413, 453, 110, 410, 203, 88, 39, 319, 15, 282, 82, 200, 290, 472, 74, 109, 12, 324, 190, 494, 441, 314, 355, 221, 174, 458, 161, 278, 56, 93, 169, 128, 259, 181, 0]
Volume: 10.1366
Cost: 1256
Route: [0, 358, 253, 310, 210, 64, 251, 43, 173, 214, 396, 228, 37, 220, 144, 108, 294, 125, 496, 367, 303, 57, 493, 217, 198, 475, 382, 385, 347, 356, 429, 192, 337, 437, 167, 111, 400, 375, 343, 373, 3, 490, 121, 293, 223, 411, 50, 230, 362, 68, 0]
Volume: 5.6071
Cost: 837
Route: [0, 333, 374, 96, 463, 90, 85, 482, 146, 315, 421, 340, 492, 480, 141, 176, 299, 281, 136, 414, 325, 199, 398, 55, 130, 107, 151, 184, 24, 368, 296, 209, 175, 298, 390, 75, 134, 485, 243, 179, 212, 16, 451, 369, 366, 178, 264, 115, 309, 132, 197, 353, 498, 6, 106, 406, 313, 459, 434, 84, 87, 180, 8, 348, 70, 232, 147, 384, 53, 250, 103, 21, 226, 112, 182, 431, 408, 238, 137, 322, 46, 69, 52, 2, 222, 323, 344, 341, 399, 5, 436, 76, 0]
Volume: 10.0434
Cost: 5480
