OFV: 235870.0

Route: [0, 64, 52, 95, 90, 39, 30, 76, 53, 1, 84, 79, 40, 56, 18, 55, 93, 6, 8, 5, 0]
Volume: 12.396
Cost: 42247
Route: [0, 20, 91, 14, 3, 51, 2, 25, 67, 24, 65, 74, 37, 27, 38, 94, 47, 82, 33, 81, 44, 92, 70, 85, 0]
Volume: 12.372
Cost: 55481
Route: [0, 42, 11, 35, 75, 88, 15, 58, 43, 29, 34, 45, 7, 26, 66, 13, 19, 46, 17, 72, 98, 97, 61, 99, 78, 89, 49, 69, 16, 0]
Volume: 12.1841
Cost: 83746
Route: [0, 68, 86, 50, 9, 77, 80, 21, 36, 59, 41, 96, 87, 60, 73, 71, 83, 62, 22, 28, 23, 10, 63, 4, 57, 32, 54, 48, 31, 12, 0]
Volume: 12.496
Cost: 54396
