OFV: 257710.0

Route: [0, 135, 194, 50, 215, 168, 85, 115, 105, 71, 153, 131, 14, 56, 107, 12, 31, 200, 112, 224, 60, 29, 10, 116, 109, 167, 77, 187, 120, 231, 103, 227, 171, 174, 172, 166, 141, 157, 226, 46, 129, 124, 225, 25, 232, 201, 4, 165, 0]
Volume: 4.9825
Cost: 58383
Route: [0, 156, 237, 173, 152, 3, 119, 97, 137, 108, 51, 207, 138, 20, 15, 17, 49, 47, 98, 149, 228, 110, 125, 69, 234, 6, 74, 206, 239, 83, 21, 235, 76, 63, 190, 177, 209, 70, 175, 121, 230, 99, 202, 53, 186, 81, 66, 0]
Volume: 4.946
Cost: 40846
Route: [0, 73, 195, 34, 62, 150, 16, 217, 164, 210, 213, 11, 222, 236, 197, 38, 82, 91, 151, 181, 243, 158, 87, 95, 78, 136, 159, 189, 244, 198, 39, 248, 75, 45, 84, 55, 24, 88, 5, 48, 0]
Volume: 4.9801
Cost: 34832
Route: [0, 219, 102, 229, 117, 148, 44, 249, 2, 142, 146, 52, 238, 245, 37, 196, 188, 132, 223, 90, 246, 241, 143, 130, 212, 122, 113, 134, 94, 161, 111, 179, 35, 220, 183, 155, 178, 128, 185, 57, 204, 59, 86, 218, 61, 8, 0]
Volume: 4.899
Cost: 66343
Route: [0, 28, 18, 145, 92, 221, 9, 123, 163, 68, 169, 139, 242, 106, 214, 240, 42, 27, 23, 191, 211, 79, 184, 208, 96, 41, 180, 247, 154, 22, 1, 199, 30, 160, 114, 205, 193, 0]
Volume: 4.9141
Cost: 31189
Route: [0, 101, 13, 43, 64, 0]
Volume: 0.568
Cost: 637
Route: [0, 140, 170, 26, 32, 72, 104, 58, 80, 182, 7, 36, 216, 147, 19, 126, 118, 93, 65, 133, 176, 162, 192, 127, 89, 233, 40, 203, 67, 54, 33, 144, 100, 0]
Volume: 4.9145
Cost: 25480
