OFV: 114028.0

Route: [0, 259, 287, 442, 35, 247, 315, 31, 258, 220, 188, 123, 243, 367, 420, 145, 412, 408, 236, 128, 444, 186, 0]
Volume: 3.3481
Cost: 6975
Route: [0, 130, 369, 336, 308, 200, 27, 94, 32, 126, 410, 147, 283, 459, 183, 160, 217, 448, 242, 393, 0]
Volume: 3.1245
Cost: 4110
Route: [0, 10, 216, 370, 221, 437, 89, 199, 84, 279, 28, 499, 118, 59, 288, 138, 49, 415, 3, 455, 81, 26, 301, 17, 433, 383, 498, 363, 429, 122, 150, 129, 449, 416, 190, 403, 202, 276, 432, 0]
Volume: 4.9771
Cost: 10014
Route: [0, 19, 4, 25, 261, 185, 135, 136, 132, 55, 111, 254, 50, 156, 108, 426, 161, 374, 171, 72, 158, 361, 350, 486, 447, 119, 104, 155, 305, 414, 21, 168, 153, 371, 406, 211, 425, 133, 256, 443, 479, 0]
Volume: 4.9796
Cost: 8938
Route: [0, 100, 489, 312, 178, 194, 184, 457, 64, 377, 468, 225, 402, 424, 149, 106, 97, 422, 125, 292, 389, 333, 267, 146, 456, 440, 86, 22, 212, 24, 303, 235, 239, 53, 497, 325, 306, 434, 291, 343, 57, 470, 0]
Volume: 4.9177
Cost: 9549
Route: [0, 309, 195, 83, 208, 490, 120, 115, 154, 179, 197, 148, 263, 394, 349, 381, 219, 400, 472, 330, 249, 204, 331, 357, 344, 33, 339, 131, 347, 210, 29, 298, 143, 475, 227, 30, 356, 103, 105, 40, 463, 0]
Volume: 4.958
Cost: 9002
Route: [0, 282, 43, 257, 162, 37, 277, 391, 346, 231, 379, 114, 82, 487, 165, 382, 266, 226, 230, 430, 233, 285, 375, 18, 462, 78, 334, 340, 388, 380, 38, 385, 427, 473, 251, 177, 99, 169, 0]
Volume: 4.8315
Cost: 9963
Route: [0, 41, 73, 327, 441, 299, 265, 214, 46, 182, 311, 313, 297, 272, 48, 139, 11, 337, 207, 270, 110, 365, 58, 405, 342, 152, 159, 181, 387, 458, 75, 314, 229, 295, 399, 173, 335, 353, 494, 378, 0]
Volume: 4.888
Cost: 9094
Route: [0, 91, 332, 323, 290, 271, 492, 481, 69, 275, 9, 74, 228, 454, 187, 329, 166, 467, 404, 483, 278, 80, 466, 248, 189, 151, 262, 67, 232, 322, 428, 366, 222, 193, 401, 70, 224, 36, 102, 56, 280, 0]
Volume: 4.934
Cost: 9983
Route: [0, 496, 328, 191, 398, 269, 326, 164, 364, 476, 439, 465, 175, 205, 464, 23, 172, 196, 319, 141, 213, 304, 436, 413, 390, 51, 316, 307, 460, 240, 252, 62, 101, 7, 493, 453, 373, 352, 0]
Volume: 4.6435
Cost: 9430
Route: [0, 302, 409, 386, 167, 121, 431, 209, 76, 88, 107, 368, 376, 77, 317, 170, 355, 246, 445, 417, 140, 392, 450, 255, 223, 423, 238, 20, 96, 63, 174, 137, 485, 395, 237, 79, 488, 446, 362, 358, 112, 250, 241, 42, 477, 321, 474, 0]
Volume: 4.7606
Cost: 4963
Route: [0, 284, 484, 435, 47, 157, 93, 359, 274, 6, 372, 203, 360, 273, 54, 289, 407, 192, 281, 397, 215, 310, 482, 52, 268, 5, 1, 90, 338, 260, 345, 348, 296, 92, 14, 127, 320, 471, 44, 480, 117, 451, 0]
Volume: 4.6606
Cost: 6723
Route: [0, 71, 318, 245, 218, 206, 396, 491, 15, 253, 8, 341, 286, 384, 142, 452, 478, 469, 61, 144, 244, 411, 109, 2, 419, 60, 124, 95, 45, 180, 176, 39, 85, 0]
Volume: 4.987
Cost: 6694
Route: [0, 66, 351, 438, 65, 293, 495, 16, 163, 324, 87, 12, 264, 294, 134, 13, 34, 234, 113, 354, 198, 418, 98, 461, 68, 201, 116, 421, 300, 0]
Volume: 3.308
Cost: 8590
