OFV: 114542.0

Route: [0, 361, 295, 331, 75, 201, 163, 4, 435, 290, 399, 264, 341, 281, 171, 92, 395, 58, 78, 211, 238, 430, 195, 243, 362, 174, 183, 220, 7, 439, 0]
Volume: 7.7452
Cost: 8782
Route: [0, 234, 119, 415, 410, 493, 26, 465, 315, 271, 289, 416, 413, 16, 99, 185, 120, 161, 308, 304, 150, 145, 196, 494, 197, 338, 82, 389, 121, 231, 23, 297, 66, 94, 296, 317, 187, 375, 344, 37, 438, 0]
Volume: 9.359
Cost: 7713
Route: [0, 131, 30, 282, 263, 229, 450, 152, 32, 133, 12, 122, 109, 261, 302, 463, 190, 298, 358, 169, 107, 367, 209, 385, 166, 424, 387, 437, 327, 180, 468, 246, 22, 436, 64, 316, 473, 377, 179, 140, 72, 259, 67, 471, 206, 31, 0]
Volume: 12.283
Cost: 10400
Route: [0, 487, 280, 434, 378, 486, 345, 125, 143, 88, 102, 237, 449, 191, 117, 484, 240, 481, 459, 433, 65, 330, 398, 71, 63, 431, 321, 239, 114, 89, 217, 301, 208, 440, 266, 45, 60, 309, 350, 384, 96, 489, 227, 477, 458, 76, 472, 254, 212, 457, 383, 182, 0]
Volume: 12.4521
Cost: 8637
Route: [0, 25, 241, 364, 303, 347, 273, 328, 249, 5, 116, 149, 59, 40, 250, 43, 349, 124, 397, 248, 53, 381, 455, 392, 91, 224, 205, 312, 408, 428, 379, 164, 371, 496, 154, 230, 2, 151, 90, 42, 279, 79, 272, 181, 57, 80, 29, 194, 422, 412, 251, 49, 0]
Volume: 12.0223
Cost: 7926
Route: [0, 376, 157, 357, 228, 8, 252, 417, 235, 148, 265, 153, 479, 474, 339, 318, 491, 310, 253, 403, 291, 223, 480, 226, 292, 382, 126, 132, 288, 414, 28, 41, 337, 19, 103, 218, 445, 286, 461, 394, 388, 118, 108, 202, 409, 0]
Volume: 10.402
Cost: 13113
Route: [0, 184, 127, 130, 319, 167, 393, 112, 482, 54, 225, 158, 313, 17, 270, 44, 255, 444, 300, 233, 172, 256, 454, 245, 320, 100, 177, 48, 97, 348, 492, 93, 324, 141, 421, 419, 83, 467, 354, 236, 33, 9, 55, 418, 451, 356, 129, 18, 0]
Volume: 11.7901
Cost: 14599
Route: [0, 159, 401, 427, 268, 299, 466, 360, 68, 203, 123, 193, 443, 342, 11, 452, 39, 13, 104, 287, 283, 293, 47, 351, 269, 336, 27, 407, 198, 326, 294, 221, 134, 144, 232, 61, 380, 396, 478, 192, 495, 284, 322, 366, 34, 346, 359, 105, 199, 278, 460, 178, 0]
Volume: 10.9641
Cost: 9353
Route: [0, 106, 98, 85, 210, 462, 258, 262, 136, 168, 425, 429, 285, 244, 214, 200, 52, 499, 404, 21, 170, 113, 20, 274, 189, 69, 400, 219, 216, 186, 257, 483, 35, 36, 323, 497, 73, 277, 420, 355, 423, 464, 485, 0]
Volume: 9.7552
Cost: 13216
Route: [0, 128, 70, 456, 247, 146, 155, 306, 142, 56, 207, 402, 374, 14, 139, 38, 135, 213, 62, 353, 329, 162, 476, 81, 406, 24, 138, 110, 111, 314, 369, 469, 391, 77, 15, 372, 1, 50, 363, 352, 6, 343, 242, 340, 175, 390, 448, 86, 276, 305, 0]
Volume: 11.817
Cost: 11572
Route: [0, 74, 188, 173, 307, 275, 441, 267, 335, 204, 115, 51, 332, 176, 101, 260, 95, 370, 498, 488, 311, 147, 215, 333, 453, 365, 325, 405, 490, 373, 84, 3, 386, 475, 334, 432, 446, 442, 160, 447, 165, 426, 137, 87, 222, 156, 10, 368, 411, 470, 46, 0]
Volume: 11.2234
Cost: 9231
