OFV: 576785.0

Route: [0, 387, 374, 60, 391, 206, 476, 74, 441, 394, 178, 5, 437, 100, 341, 18, 182, 303, 438, 435, 292, 255, 93, 106, 136, 426, 463, 175, 304, 0]
Volume: 12.388
Cost: 43249
Route: [0, 481, 480, 180, 296, 10, 79, 448, 124, 457, 164, 1, 383, 105, 26, 237, 332, 192, 486, 85, 362, 253, 21, 373, 0]
Volume: 11.0479
Cost: 26951
Route: [0, 442, 132, 424, 248, 349, 125, 52, 401, 434, 498, 194, 54, 37, 388, 183, 87, 109, 77, 121, 458, 65, 179, 446, 402, 330, 102, 398, 0]
Volume: 12.446
Cost: 33913
Route: [0, 233, 282, 38, 232, 128, 490, 40, 173, 246, 98, 44, 117, 58, 403, 216, 337, 477, 135, 482, 0]
Volume: 11.014
Cost: 25753
Route: [0, 375, 166, 444, 205, 280, 470, 240, 147, 372, 181, 342, 3, 409, 235, 193, 244, 287, 418, 224, 191, 231, 130, 381, 334, 211, 404, 0]
Volume: 11.6863
Cost: 23570
Route: [0, 355, 389, 277, 466, 32, 25, 88, 428, 320, 239, 327, 298, 67, 306, 143, 141, 411, 353, 274, 495, 104, 338, 0]
Volume: 12.4641
Cost: 30420
Route: [0, 313, 90, 33, 49, 410, 13, 59, 492, 6, 56, 172, 300, 185, 258, 55, 319, 301, 0]
Volume: 12.2719
Cost: 18985
Route: [0, 358, 312, 417, 377, 28, 184, 497, 45, 422, 493, 419, 51, 47, 110, 218, 324, 63, 295, 188, 200, 479, 113, 27, 397, 212, 350, 454, 273, 270, 0]
Volume: 12.086
Cost: 30594
Route: [0, 95, 325, 50, 408, 344, 429, 485, 243, 131, 382, 262, 354, 35, 122, 368, 436, 414, 348, 146, 257, 305, 473, 46, 119, 431, 229, 31, 247, 230, 39, 42, 150, 317, 0]
Volume: 12.1461
Cost: 43185
Route: [0, 385, 286, 57, 462, 471, 465, 432, 159, 254, 126, 326, 365, 311, 120, 289, 66, 283, 177, 364, 455, 279, 84, 92, 156, 461, 276, 266, 0]
Volume: 12.47
Cost: 29434
Route: [0, 496, 360, 318, 186, 339, 107, 81, 20, 357, 0]
Volume: 5.792
Cost: 10129
Route: [0, 260, 170, 290, 158, 43, 36, 309, 215, 413, 308, 75, 483, 220, 83, 165, 68, 76, 53, 390, 352, 378, 227, 251, 451, 222, 468, 207, 399, 127, 223, 162, 0]
Volume: 12.4081
Cost: 37722
Route: [0, 307, 123, 134, 407, 489, 494, 265, 440, 14, 133, 169, 420, 167, 395, 291, 115, 456, 9, 7, 366, 459, 469, 478, 91, 384, 101, 297, 174, 472, 427, 0]
Volume: 12.448
Cost: 29570
Route: [0, 425, 157, 491, 363, 2, 259, 242, 4, 176, 103, 346, 271, 447, 62, 263, 336, 433, 209, 152, 219, 30, 148, 195, 69, 331, 221, 97, 111, 140, 96, 0]
Volume: 12.342
Cost: 35777
Route: [0, 488, 371, 415, 34, 114, 392, 202, 288, 138, 199, 71, 171, 386, 430, 269, 112, 261, 256, 0]
Volume: 12.19
Cost: 22490
Route: [0, 241, 187, 467, 310, 190, 89, 189, 416, 154, 449, 359, 452, 328, 201, 293, 163, 144, 196, 161, 329, 129, 118, 314, 234, 214, 204, 376, 213, 450, 61, 0]
Volume: 12.4962
Cost: 24017
Route: [0, 356, 268, 70, 160, 499, 445, 315, 380, 250, 278, 198, 226, 369, 252, 347, 22, 299, 151, 228, 484, 245, 12, 72, 316, 99, 284, 203, 345, 210, 335, 0]
Volume: 12.492
Cost: 26183
Route: [0, 80, 400, 406, 460, 367, 275, 168, 322, 86, 108, 294, 487, 73, 475, 137, 351, 11, 474, 23, 0]
Volume: 12.334
Cost: 21907
Route: [0, 153, 217, 64, 453, 16, 29, 15, 343, 149, 421, 361, 208, 142, 370, 17, 264, 41, 405, 285, 116, 19, 155, 379, 238, 340, 225, 423, 0]
Volume: 12.3662
Cost: 31569
Route: [0, 267, 302, 82, 249, 145, 443, 139, 393, 321, 24, 396, 272, 197, 333, 281, 78, 8, 464, 94, 323, 48, 236, 412, 439, 0]
Volume: 12.25
Cost: 31367
