OFV: 53624.0

Route: [0, 282, 356, 205, 92, 295, 51, 166, 283, 185, 395, 123, 470, 346, 235, 43, 396, 251, 173, 214, 0]
Volume: 4.4031
Cost: 2159
Route: [0, 181, 50, 135, 285, 127, 44, 21, 211, 83, 112, 182, 344, 323, 341, 399, 5, 436, 68, 0]
Volume: 4.9921
Cost: 1355
Route: [0, 172, 144, 435, 204, 310, 473, 447, 233, 195, 150, 157, 94, 38, 25, 464, 448, 0]
Volume: 4.659
Cost: 1824
Route: [0, 331, 109, 74, 12, 71, 398, 199, 55, 325, 136, 281, 414, 105, 59, 101, 474, 149, 45, 345, 31, 340, 315, 0]
Volume: 4.4659
Cost: 1383
Route: [0, 14, 272, 318, 70, 385, 200, 203, 88, 67, 332, 291, 107, 151, 178, 240, 64, 227, 0]
Volume: 4.174
Cost: 1881
Route: [0, 314, 191, 213, 100, 383, 187, 216, 388, 156, 377, 430, 66, 7, 91, 477, 266, 317, 246, 0]
Volume: 4.9141
Cost: 2063
Route: [0, 264, 115, 301, 312, 455, 236, 142, 479, 192, 328, 330, 217, 73, 451, 369, 0]
Volume: 4.861
Cost: 2267
Route: [0, 370, 415, 131, 351, 133, 72, 183, 78, 22, 159, 47, 145, 292, 158, 243, 179, 212, 11, 487, 208, 284, 471, 467, 484, 0]
Volume: 4.759
Cost: 2095
Route: [0, 352, 154, 338, 476, 429, 279, 81, 140, 307, 247, 160, 407, 17, 378, 289, 41, 254, 0]
Volume: 4.975
Cost: 2195
Route: [0, 98, 335, 326, 428, 497, 19, 443, 433, 416, 120, 320, 194, 456, 248, 229, 245, 54, 418, 215, 116, 224, 402, 104, 95, 365, 164, 0]
Volume: 4.9901
Cost: 2123
Route: [0, 49, 102, 218, 53, 270, 389, 491, 329, 273, 397, 363, 440, 489, 401, 478, 261, 424, 26, 334, 267, 0]
Volume: 4.914
Cost: 1593
Route: [0, 237, 316, 425, 276, 257, 138, 336, 353, 85, 299, 354, 380, 97, 411, 494, 441, 231, 271, 0]
Volume: 3.7932
Cost: 2258
Route: [0, 232, 147, 384, 483, 311, 171, 29, 99, 452, 148, 391, 143, 146, 492, 421, 0]
Volume: 4.7241
Cost: 2268
Route: [0, 190, 432, 250, 103, 453, 110, 168, 153, 193, 381, 255, 355, 79, 258, 162, 165, 121, 0]
Volume: 4.96
Cost: 2326
Route: [0, 125, 294, 108, 367, 496, 303, 57, 60, 488, 196, 28, 417, 77, 405, 386, 392, 382, 366, 472, 155, 413, 0]
Volume: 4.665
Cost: 2148
Route: [0, 82, 39, 287, 442, 465, 486, 387, 349, 342, 207, 260, 364, 347, 139, 475, 198, 61, 0]
Volume: 4.2711
Cost: 2273
Route: [0, 129, 449, 10, 124, 130, 459, 434, 313, 406, 106, 84, 13, 80, 304, 163, 393, 426, 219, 268, 498, 6, 376, 290, 0]
Volume: 4.197
Cost: 2285
Route: [0, 409, 226, 230, 362, 359, 300, 422, 419, 241, 481, 457, 306, 35, 309, 223, 469, 176, 141, 480, 0]
Volume: 4.705
Cost: 1448
Route: [0, 288, 174, 221, 458, 161, 278, 56, 93, 169, 128, 259, 252, 1, 152, 468, 274, 394, 40, 277, 404, 0]
Volume: 4.905
Cost: 1822
Route: [0, 499, 379, 337, 167, 111, 373, 400, 375, 3, 437, 343, 269, 361, 461, 225, 117, 23, 262, 490, 244, 0]
Volume: 4.6611
Cost: 2131
Route: [0, 27, 308, 202, 34, 420, 360, 485, 427, 275, 324, 113, 206, 444, 184, 263, 454, 319, 0]
Volume: 4.4271
Cost: 2303
Route: [0, 58, 265, 249, 188, 286, 412, 302, 350, 86, 493, 239, 122, 495, 0]
Volume: 4.816
Cost: 2066
Route: [0, 37, 220, 228, 132, 197, 201, 18, 297, 30, 403, 126, 4, 321, 63, 62, 32, 76, 0]
Volume: 4.758
Cost: 1156
Route: [0, 371, 89, 24, 368, 75, 134, 390, 209, 298, 175, 296, 293, 348, 180, 8, 482, 446, 114, 9, 0]
Volume: 4.049
Cost: 1984
Route: [0, 333, 374, 96, 463, 90, 222, 46, 52, 69, 2, 322, 238, 137, 431, 408, 0]
Volume: 4.255
Cost: 3590
Route: [0, 358, 253, 357, 20, 36, 466, 280, 119, 410, 339, 305, 186, 256, 177, 42, 234, 0]
Volume: 4.4681
Cost: 529
Route: [0, 48, 438, 462, 450, 210, 33, 16, 460, 65, 170, 118, 423, 327, 439, 372, 242, 189, 445, 87, 15, 0]
Volume: 4.563
Cost: 2099
