OFV: 51101.0

Route: [0, 12, 65, 86, 52, 15, 78, 76, 63, 21, 9, 71, 81, 38, 88, 31, 92, 77, 73, 7, 93, 80, 0]
Volume: 9.822
Cost: 8569
Route: [0, 20, 1, 18, 85, 25, 43, 34, 82, 64, 17, 29, 67, 74, 84, 6, 62, 69, 47, 30, 58, 44, 49, 8, 39, 95, 60, 66, 0]
Volume: 11.4
Cost: 15622
Route: [0, 46, 22, 36, 2, 90, 4, 96, 16, 35, 59, 94, 33, 27, 99, 5, 61, 50, 11, 72, 91, 53, 40, 75, 10, 54, 83, 57, 70, 0]
Volume: 12.162
Cost: 14964
Route: [0, 97, 28, 87, 68, 37, 56, 24, 98, 89, 48, 45, 51, 3, 41, 42, 13, 55, 32, 14, 79, 19, 23, 26, 0]
Volume: 12.098
Cost: 11946
