OFV: 98371.0

Route: [0, 361, 295, 201, 75, 331, 163, 4, 435, 344, 37, 438, 375, 187, 317, 66, 23, 296, 231, 94, 297, 290, 264, 341, 399, 326, 294, 221, 134, 144, 478, 396, 380, 476, 24, 81, 138, 110, 111, 314, 469, 391, 1, 50, 372, 15, 77, 369, 406, 87, 222, 156, 10, 368, 411, 337, 19, 103, 218, 321, 114, 59, 43, 349, 124, 397, 248, 53, 381, 455, 392, 91, 224, 205, 312, 301, 408, 208, 428, 440, 266, 45, 309, 60, 350, 96, 227, 384, 489, 379, 477, 458, 76, 472, 212, 457, 383, 182, 0]
Volume: 12.3469
Cost: 16342
Route: [0, 131, 30, 226, 6, 352, 292, 343, 242, 340, 175, 382, 126, 132, 288, 141, 421, 419, 492, 93, 324, 100, 97, 48, 348, 177, 320, 245, 256, 454, 186, 257, 36, 483, 323, 35, 497, 73, 277, 355, 420, 480, 223, 291, 403, 253, 310, 491, 265, 153, 479, 318, 339, 474, 192, 61, 232, 495, 284, 322, 366, 102, 237, 449, 191, 117, 484, 240, 467, 481, 459, 354, 433, 65, 63, 236, 33, 431, 239, 5, 116, 149, 89, 217, 40, 250, 445, 286, 461, 394, 388, 118, 108, 202, 86, 276, 305, 234, 423, 464, 485, 0]
Volume: 11.6217
Cost: 22099
Route: [0, 68, 173, 307, 427, 188, 268, 466, 360, 299, 74, 401, 159, 410, 493, 416, 413, 16, 289, 185, 308, 52, 499, 448, 390, 145, 189, 400, 69, 170, 113, 20, 274, 21, 219, 216, 196, 494, 338, 197, 82, 389, 121, 270, 17, 44, 255, 233, 444, 300, 172, 261, 302, 463, 190, 298, 358, 169, 158, 313, 107, 367, 209, 385, 387, 424, 166, 437, 327, 180, 468, 246, 22, 179, 436, 64, 316, 473, 377, 414, 28, 41, 140, 418, 55, 330, 398, 71, 9, 451, 356, 129, 460, 178, 409, 0]
Volume: 10.8471
Cost: 19555
Route: [0, 184, 70, 456, 247, 146, 155, 306, 142, 254, 79, 279, 272, 57, 29, 194, 422, 128, 280, 487, 434, 378, 486, 345, 34, 346, 376, 359, 105, 199, 278, 18, 471, 31, 206, 67, 259, 72, 157, 357, 228, 285, 244, 214, 200, 304, 150, 404, 161, 120, 99, 465, 26, 315, 271, 119, 415, 429, 101, 260, 95, 370, 311, 115, 51, 498, 488, 147, 425, 176, 332, 275, 204, 335, 441, 267, 453, 365, 363, 405, 325, 490, 333, 215, 373, 84, 386, 3, 334, 432, 475, 446, 442, 160, 137, 447, 165, 426, 83, 470, 46, 0]
Volume: 12.0906
Cost: 16872
Route: [0, 25, 241, 364, 303, 347, 273, 328, 249, 203, 123, 193, 443, 342, 88, 125, 452, 39, 13, 287, 104, 143, 11, 283, 293, 47, 351, 269, 336, 27, 8, 252, 407, 417, 198, 235, 148, 130, 127, 319, 482, 112, 393, 167, 12, 122, 109, 133, 32, 54, 225, 171, 92, 281, 395, 58, 78, 211, 238, 430, 195, 243, 183, 362, 174, 220, 7, 439, 282, 263, 229, 152, 450, 329, 162, 62, 353, 135, 213, 139, 38, 374, 402, 14, 207, 56, 496, 371, 164, 154, 230, 2, 151, 90, 42, 181, 80, 412, 251, 49, 258, 168, 136, 262, 210, 85, 462, 98, 106, 0]
Volume: 12.3147
Cost: 23503
