OFV: 182120.0

Route: [0, 154, 7, 8, 43, 166, 21, 236, 243, 9, 134, 78, 91, 192, 71, 51, 178, 79, 82, 133, 168, 231, 18, 114, 196, 222, 0]
Volume: 3.564
Cost: 16045
Route: [0, 53, 131, 104, 56, 22, 124, 219, 235, 105, 156, 228, 242, 162, 15, 146, 11, 220, 23, 230, 210, 35, 208, 221, 233, 89, 176, 216, 93, 195, 96, 2, 172, 85, 224, 179, 72, 36, 84, 237, 165, 107, 0]
Volume: 4.9761
Cost: 29563
Route: [0, 50, 24, 151, 149, 203, 207, 185, 5, 212, 159, 4, 115, 232, 25, 37, 184, 138, 68, 32, 109, 57, 106, 102, 90, 52, 39, 226, 86, 113, 45, 42, 65, 0]
Volume: 4.3885
Cost: 29780
Route: [0, 241, 177, 223, 215, 145, 26, 69, 73, 186, 197, 118, 180, 189, 80, 125, 83, 229, 206, 174, 234, 182, 167, 117, 87, 171, 157, 98, 123, 188, 183, 201, 103, 77, 249, 126, 147, 0]
Volume: 4.5755
Cost: 20633
Route: [0, 163, 227, 170, 248, 40, 44, 148, 211, 6, 3, 95, 61, 122, 175, 34, 214, 160, 140, 16, 110, 238, 81, 173, 13, 62, 58, 60, 239, 204, 202, 67, 28, 218, 66, 155, 111, 41, 0]
Volume: 4.9785
Cost: 29363
Route: [0, 33, 63, 247, 128, 38, 100, 30, 135, 116, 55, 198, 76, 127, 0]
Volume: 1.8781
Cost: 10337
Route: [0, 88, 119, 130, 47, 143, 191, 225, 20, 205, 1, 144, 194, 59, 246, 137, 199, 12, 164, 129, 99, 245, 94, 29, 48, 158, 0]
Volume: 4.3321
Cost: 19227
Route: [0, 217, 27, 121, 161, 136, 139, 108, 200, 49, 169, 150, 209, 181, 141, 92, 120, 112, 31, 213, 193, 70, 75, 17, 187, 101, 244, 190, 152, 19, 153, 74, 64, 240, 54, 97, 132, 142, 46, 14, 10, 0]
Volume: 4.8461
Cost: 27172
