OFV: 202536.0

Route: [0, 77, 88, 84, 91, 24, 36, 73, 37, 23, 18, 93, 58, 6, 95, 89, 56, 68, 66, 99, 49, 51, 48, 15, 98, 46, 85, 35, 62, 26, 34, 0]
Volume: 8.765
Cost: 52220
Route: [0, 40, 9, 11, 31, 32, 90, 83, 21, 44, 65, 1, 69, 94, 7, 5, 30, 33, 61, 82, 50, 14, 60, 67, 76, 80, 0]
Volume: 6.138
Cost: 65566
Route: [0, 41, 12, 52, 47, 72, 17, 81, 39, 63, 59, 75, 16, 86, 92, 70, 43, 97, 10, 96, 3, 27, 55, 53, 45, 20, 29, 25, 54, 4, 87, 13, 71, 78, 57, 28, 2, 79, 22, 19, 38, 42, 8, 74, 64, 0]
Volume: 11.6052
Cost: 84750
