OFV: 133088.0

Route: [0, 171, 439, 419, 478, 27, 353, 346, 242, 221, 384, 423, 202, 145, 498, 496, 205, 204, 19, 258, 0]
Volume: 4.7449
Cost: 4013
Route: [0, 22, 117, 182, 426, 119, 233, 189, 364, 399, 280, 136, 320, 133, 198, 240, 458, 348, 170, 5, 110, 374, 0]
Volume: 4.4919
Cost: 5733
Route: [0, 295, 195, 183, 286, 312, 488, 402, 223, 465, 417, 362, 484, 113, 129, 300, 228, 0]
Volume: 4.546
Cost: 4925
Route: [0, 83, 424, 287, 257, 335, 54, 479, 269, 123, 376, 305, 354, 39, 395, 308, 414, 436, 360, 0]
Volume: 4.9591
Cost: 6663
Route: [0, 456, 62, 235, 73, 483, 309, 356, 337, 47, 372, 431, 383, 333, 116, 192, 209, 212, 455, 341, 0]
Volume: 4.5261
Cost: 5546
Route: [0, 190, 310, 85, 206, 75, 118, 463, 279, 88, 84, 418, 499, 262, 0]
Volume: 3.2631
Cost: 3195
Route: [0, 161, 213, 338, 408, 76, 103, 159, 109, 16, 216, 440, 154, 332, 164, 265, 444, 61, 66, 0]
Volume: 4.977
Cost: 5429
Route: [0, 163, 288, 325, 413, 132, 93, 359, 226, 94, 12, 497, 184, 105, 160, 345, 137, 373, 238, 25, 379, 487, 318, 472, 313, 392, 0]
Volume: 4.9421
Cost: 3596
Route: [0, 412, 340, 166, 323, 378, 179, 234, 134, 477, 23, 272, 266, 46, 111, 96, 292, 168, 222, 470, 438, 274, 396, 86, 0]
Volume: 4.75
Cost: 5742
Route: [0, 296, 186, 464, 261, 394, 102, 489, 194, 151, 29, 278, 462, 53, 297, 71, 70, 81, 7, 141, 36, 0]
Volume: 4.9671
Cost: 4119
Route: [0, 375, 476, 130, 58, 162, 55, 90, 79, 380, 99, 368, 467, 352, 442, 0]
Volume: 4.413
Cost: 3535
Route: [0, 97, 80, 429, 230, 366, 219, 126, 311, 92, 446, 26, 236, 251, 326, 432, 0]
Volume: 4.563
Cost: 4349
Route: [0, 304, 404, 391, 454, 253, 13, 480, 277, 386, 339, 397, 259, 453, 142, 469, 211, 422, 473, 153, 101, 108, 63, 0]
Volume: 4.8581
Cost: 6205
Route: [0, 17, 317, 437, 327, 371, 1, 329, 60, 344, 256, 246, 218, 268, 294, 434, 67, 486, 349, 203, 32, 0]
Volume: 4.7251
Cost: 5583
Route: [0, 302, 270, 114, 452, 148, 172, 127, 42, 416, 200, 77, 443, 243, 282, 267, 121, 0]
Volume: 4.8069
Cost: 5392
Route: [0, 493, 401, 403, 343, 336, 169, 155, 174, 252, 245, 410, 8, 188, 377, 131, 31, 445, 0]
Volume: 4.7079
Cost: 5466
Route: [0, 104, 112, 193, 260, 342, 52, 33, 284, 319, 285, 361, 87, 231, 254, 244, 0]
Volume: 3.6731
Cost: 4173
Route: [0, 43, 82, 330, 363, 239, 59, 381, 306, 430, 175, 281, 398, 365, 15, 57, 40, 158, 56, 30, 147, 20, 241, 0]
Volume: 4.9361
Cost: 5135
Route: [0, 457, 433, 289, 427, 301, 91, 303, 328, 2, 157, 0]
Volume: 4.404
Cost: 4395
Route: [0, 6, 407, 167, 314, 315, 50, 441, 358, 271, 471, 120, 49, 428, 78, 0]
Volume: 4.295
Cost: 3179
Route: [0, 494, 449, 351, 10, 210, 448, 382, 229, 201, 181, 187, 98, 425, 138, 491, 405, 276, 232, 21, 406, 225, 72, 106, 0]
Volume: 4.801
Cost: 5856
Route: [0, 34, 299, 217, 45, 65, 37, 14, 474, 331, 89, 275, 369, 322, 135, 248, 150, 51, 100, 173, 156, 48, 387, 0]
Volume: 4.878
Cost: 7422
Route: [0, 124, 393, 461, 291, 250, 460, 490, 468, 367, 9, 165, 298, 324, 0]
Volume: 4.286
Cost: 3486
Route: [0, 227, 144, 107, 492, 95, 11, 495, 385, 41, 207, 69, 450, 481, 485, 316, 290, 35, 152, 140, 191, 321, 435, 466, 263, 0]
Volume: 4.8101
Cost: 6708
Route: [0, 355, 400, 447, 4, 125, 115, 197, 293, 44, 146, 143, 283, 264, 64, 247, 18, 249, 350, 178, 0]
Volume: 4.7891
Cost: 2806
Route: [0, 128, 208, 411, 420, 224, 390, 199, 307, 176, 415, 220, 74, 357, 388, 38, 196, 421, 255, 68, 3, 475, 180, 0]
Volume: 4.892
Cost: 5748
Route: [0, 215, 24, 459, 28, 149, 214, 273, 347, 409, 177, 334, 122, 389, 451, 482, 139, 237, 370, 185, 0]
Volume: 4.2711
Cost: 4689
