OFV: 99180.0

Route: [0, 48, 0]
Volume: 0.37
Cost: 4199
Route: [0, 32, 34, 57, 20, 87, 15, 12, 28, 74, 59, 52, 35, 66, 5, 73, 46, 89, 56, 23, 75, 47, 45, 54, 25, 6, 44, 24, 2, 92, 82, 37, 53, 50, 81, 98, 16, 8, 79, 51, 94, 43, 14, 70, 33, 1, 91, 39, 55, 4, 61, 77, 21, 10, 42, 69, 13, 0]
Volume: 12.451
Cost: 53487
Route: [0, 26, 41, 3, 27, 7, 76, 31, 63, 85, 99, 67, 90, 88, 78, 62, 71, 30, 72, 97, 29, 19, 40, 93, 11, 84, 68, 80, 49, 65, 95, 58, 96, 86, 38, 83, 22, 60, 18, 9, 36, 17, 64, 0]
Volume: 12.2879
Cost: 41494
