OFV: 701244.0

Route: [0, 135, 201, 6, 207, 77, 78, 168, 57, 42, 195, 237, 224, 150, 46, 147, 79, 27, 124, 108, 188, 208, 17, 39, 64, 0]
Volume: 4.9971
Cost: 58983
Route: [0, 139, 32, 193, 54, 127, 1, 232, 138, 155, 67, 199, 154, 105, 68, 160, 28, 106, 216, 89, 85, 136, 20, 241, 31, 7, 51, 142, 190, 118, 219, 99, 131, 63, 0]
Volume: 4.97
Cost: 61941
Route: [0, 4, 191, 15, 111, 173, 121, 171, 203, 159, 172, 112, 182, 104, 53, 228, 0]
Volume: 4.9622
Cost: 54058
Route: [0, 58, 202, 61, 174, 43, 148, 66, 23, 222, 239, 56, 80, 130, 144, 21, 184, 125, 36, 30, 226, 0]
Volume: 4.997
Cost: 59618
Route: [0, 245, 94, 87, 197, 249, 192, 149, 55, 8, 238, 156, 240, 88, 181, 123, 0]
Volume: 4.593
Cost: 42685
Route: [0, 70, 153, 59, 196, 158, 189, 223, 113, 231, 18, 98, 137, 62, 114, 44, 90, 145, 132, 101, 69, 100, 0]
Volume: 4.91
Cost: 54963
Route: [0, 110, 29, 221, 186, 162, 5, 40, 187, 175, 236, 213, 25, 210, 177, 109, 91, 107, 73, 185, 126, 93, 12, 227, 166, 178, 120, 0]
Volume: 4.946
Cost: 56524
Route: [0, 37, 243, 140, 19, 244, 146, 45, 86, 84, 204, 97, 157, 161, 95, 22, 128, 9, 119, 115, 0]
Volume: 4.606
Cost: 52270
Route: [0, 209, 170, 48, 212, 3, 49, 215, 165, 14, 235, 38, 225, 122, 133, 151, 141, 2, 71, 176, 24, 117, 229, 0]
Volume: 4.9882
Cost: 87487
Route: [0, 11, 102, 33, 214, 200, 96, 152, 16, 52, 220, 179, 76, 35, 50, 81, 198, 180, 47, 163, 247, 246, 164, 0]
Volume: 4.3132
Cost: 48447
Route: [0, 75, 143, 183, 103, 26, 167, 134, 217, 65, 205, 248, 218, 34, 60, 129, 74, 194, 41, 0]
Volume: 4.971
Cost: 50659
Route: [0, 13, 72, 211, 206, 169, 10, 233, 92, 116, 82, 234, 230, 83, 242, 0]
Volume: 4.4421
Cost: 73609
