OFV: 130398.0

Route: [0, 242, 326, 269, 398, 334, 340, 464, 23, 325, 306, 434, 343, 291, 57, 172, 196, 319, 141, 213, 304, 436, 388, 380, 38, 427, 473, 251, 385, 0]
Volume: 12.4781
Cost: 7502
Route: [0, 309, 164, 78, 375, 18, 462, 364, 476, 439, 465, 175, 205, 382, 266, 87, 12, 264, 163, 324, 201, 0]
Volume: 11.618
Cost: 6822
Route: [0, 66, 328, 153, 371, 406, 211, 425, 133, 256, 443, 235, 303, 447, 333, 146, 456, 86, 22, 212, 389, 292, 125, 106, 97, 422, 190, 416, 403, 202, 276, 432, 0]
Volume: 12.3741
Cost: 7117
Route: [0, 98, 461, 68, 13, 34, 234, 113, 354, 198, 418, 118, 59, 288, 138, 244, 46, 182, 124, 311, 60, 117, 451, 0]
Volume: 11.7201
Cost: 5923
Route: [0, 169, 332, 290, 492, 74, 228, 454, 187, 329, 166, 467, 222, 322, 428, 42, 477, 321, 70, 474, 0]
Volume: 12.3419
Cost: 6122
Route: [0, 49, 81, 26, 415, 455, 3, 142, 452, 478, 469, 61, 144, 457, 184, 453, 373, 352, 0]
Volume: 12.288
Cost: 5017
Route: [0, 493, 7, 101, 71, 62, 252, 240, 440, 267, 24, 104, 119, 155, 305, 239, 21, 168, 414, 53, 497, 390, 413, 51, 316, 307, 460, 177, 99, 0]
Volume: 12.132
Cost: 6960
Route: [0, 100, 43, 381, 349, 204, 344, 486, 268, 171, 72, 350, 5, 445, 174, 298, 143, 475, 227, 30, 356, 103, 105, 40, 463, 0]
Volume: 12.378
Cost: 6022
Route: [0, 336, 393, 470, 351, 438, 65, 293, 480, 44, 471, 50, 254, 111, 156, 108, 208, 120, 36, 83, 102, 195, 56, 280, 0]
Volume: 12.3081
Cost: 6666
Route: [0, 19, 33, 339, 29, 210, 347, 386, 167, 121, 209, 77, 317, 170, 355, 273, 54, 289, 407, 192, 281, 189, 248, 359, 274, 300, 0]
Volume: 12.246
Cost: 4937
Route: [0, 160, 217, 27, 94, 183, 95, 45, 180, 176, 353, 335, 226, 230, 430, 233, 285, 487, 165, 82, 379, 391, 346, 231, 114, 277, 37, 162, 257, 0]
Volume: 10.0921
Cost: 7969
Route: [0, 302, 131, 431, 76, 368, 417, 158, 361, 426, 161, 374, 1, 90, 338, 260, 345, 348, 55, 132, 92, 296, 14, 136, 127, 320, 4, 459, 479, 0]
Volume: 12.5
Cost: 6008
Route: [0, 85, 39, 194, 312, 178, 489, 31, 315, 258, 220, 123, 188, 367, 243, 420, 145, 412, 408, 247, 236, 128, 444, 35, 259, 287, 442, 186, 0]
Volume: 12.3042
Cost: 7786
Route: [0, 41, 441, 299, 265, 318, 245, 206, 491, 15, 402, 253, 225, 468, 149, 424, 8, 286, 301, 270, 365, 58, 405, 342, 191, 0]
Volume: 11.7501
Cost: 5922
Route: [0, 10, 32, 126, 410, 147, 283, 25, 261, 185, 135, 331, 357, 330, 249, 400, 472, 219, 263, 394, 197, 148, 179, 115, 154, 490, 0]
Volume: 12.404
Cost: 7430
Route: [0, 130, 369, 448, 308, 200, 216, 370, 221, 437, 89, 199, 84, 279, 499, 28, 495, 16, 294, 134, 116, 421, 0]
Volume: 12.2959
Cost: 7147
Route: [0, 496, 429, 363, 122, 498, 383, 433, 110, 48, 337, 11, 458, 75, 314, 387, 152, 159, 181, 399, 229, 295, 173, 494, 378, 0]
Volume: 12.1741
Cost: 7372
Route: [0, 91, 323, 271, 481, 275, 69, 9, 224, 401, 193, 483, 278, 80, 404, 466, 151, 262, 137, 485, 423, 238, 246, 140, 450, 223, 255, 392, 20, 96, 63, 107, 376, 88, 409, 0]
Volume: 11.9681
Cost: 6841
Route: [0, 282, 284, 484, 435, 47, 157, 93, 6, 372, 397, 215, 203, 360, 310, 482, 52, 395, 237, 79, 488, 446, 362, 67, 232, 250, 241, 358, 112, 366, 0]
Volume: 12.416
Cost: 4797
Route: [0, 218, 396, 64, 377, 150, 449, 129, 341, 384, 17, 139, 207, 272, 313, 297, 411, 109, 2, 419, 214, 73, 327, 0]
Volume: 12.48
Cost: 6038
