OFV: 18020.0

Route: [0, 2, 43, 73, 81, 26, 83, 13, 46, 38, 44, 97, 10, 61, 29, 49, 82, 35, 37, 41, 67, 56, 74, 92, 7, 48, 98, 55, 12, 94, 84, 58, 21, 19, 69, 63, 95, 62, 91, 80, 6, 16, 77, 47, 8, 0]
Volume: 4.8902
Cost: 8176
Route: [0, 18, 70, 99, 86, 9, 36, 25, 85, 20, 5, 71, 64, 60, 66, 39, 51, 79, 50, 15, 33, 65, 76, 59, 30, 32, 27, 17, 93, 96, 14, 3, 53, 75, 87, 11, 1, 24, 34, 52, 40, 88, 78, 23, 68, 31, 89, 54, 28, 90, 0]
Volume: 4.8772
Cost: 6297
Route: [0, 45, 72, 42, 22, 4, 57, 0]
Volume: 0.3395
Cost: 3547
