OFV: 612256.0

Route: [0, 144, 63, 98, 168, 20, 171, 208, 245, 203, 202, 142, 40, 92, 119, 67, 207, 1, 10, 127, 248, 222, 51, 37, 170, 146, 241, 41, 95, 68, 135, 36, 78, 52, 107, 226, 77, 11, 29, 94, 198, 0]
Volume: 4.6337
Cost: 79016
Route: [0, 3, 159, 66, 33, 75, 44, 110, 42, 32, 99, 54, 125, 57, 60, 28, 118, 148, 126, 185, 62, 137, 69, 121, 27, 111, 18, 138, 155, 50, 70, 199, 120, 101, 130, 232, 0]
Volume: 4.6735
Cost: 76147
Route: [0, 243, 71, 239, 116, 12, 25, 176, 90, 166, 4, 39, 190, 206, 112, 186, 249, 223, 22, 19, 189, 74, 211, 175, 209, 227, 225, 136, 129, 89, 17, 167, 132, 91, 235, 14, 114, 0]
Volume: 4.9235
Cost: 104926
Route: [0, 76, 123, 104, 210, 73, 133, 124, 31, 86, 247, 228, 102, 173, 56, 139, 219, 65, 2, 134, 55, 84, 238, 157, 140, 131, 13, 8, 113, 246, 183, 240, 204, 0]
Volume: 4.9187
Cost: 93492
Route: [0, 187, 45, 35, 88, 6, 15, 221, 195, 21, 236, 229, 83, 128, 47, 179, 108, 177, 156, 72, 191, 59, 181, 82, 154, 182, 172, 9, 117, 34, 100, 233, 174, 231, 43, 64, 158, 122, 93, 0]
Volume: 4.9496
Cost: 85338
Route: [0, 188, 193, 218, 196, 16, 87, 153, 200, 143, 162, 96, 24, 53, 150, 30, 103, 230, 160, 197, 163, 149, 244, 48, 178, 214, 242, 152, 5, 165, 147, 80, 85, 161, 201, 216, 49, 46, 23, 141, 194, 205, 217, 58, 7, 192, 0]
Volume: 4.9591
Cost: 108746
Route: [0, 81, 184, 180, 26, 97, 105, 79, 215, 164, 115, 109, 212, 237, 169, 220, 151, 234, 61, 145, 224, 106, 38, 213, 0]
Volume: 3.49
Cost: 64591
