OFV: 219142.0

Route: [0, 89, 17, 76, 20, 8, 3, 9, 70, 82, 30, 91, 38, 4, 52, 77, 78, 75, 33, 32, 51, 31, 96, 83, 69, 1, 12, 0]
Volume: 12.3761
Cost: 60065
Route: [0, 36, 44, 46, 73, 59, 6, 65, 99, 67, 18, 80, 94, 22, 39, 49, 53, 16, 88, 92, 87, 54, 24, 5, 68, 0]
Volume: 12.3481
Cost: 65322
Route: [0, 61, 60, 42, 40, 58, 71, 19, 90, 23, 15, 98, 2, 11, 21, 34, 48, 62, 74, 25, 27, 29, 81, 35, 55, 63, 57, 45, 0]
Volume: 12.446
Cost: 45729
Route: [0, 28, 84, 50, 56, 37, 64, 93, 13, 26, 85, 95, 7, 79, 97, 47, 41, 14, 43, 86, 72, 66, 10, 0]
Volume: 9.9782
Cost: 48026
