OFV: 20847.0

Route: [0, 21, 49, 20, 23, 29, 27, 56, 78, 0]
Volume: 4.674
Cost: 1448
Route: [0, 32, 84, 51, 15, 64, 34, 45, 60, 0]
Volume: 4.78
Cost: 1780
Route: [0, 39, 11, 14, 38, 92, 48, 66, 83, 0]
Volume: 4.084
Cost: 1662
Route: [0, 58, 10, 6, 95, 0]
Volume: 1.786
Cost: 1297
Route: [0, 59, 3, 75, 73, 53, 47, 22, 63, 31, 67, 87, 0]
Volume: 4.8702
Cost: 2580
Route: [0, 81, 41, 52, 70, 68, 8, 43, 74, 0]
Volume: 4.99
Cost: 2047
Route: [0, 69, 71, 30, 98, 85, 93, 37, 80, 0]
Volume: 4.75
Cost: 1493
Route: [0, 86, 46, 36, 50, 28, 16, 17, 13, 96, 0]
Volume: 4.474
Cost: 2318
Route: [0, 40, 18, 4, 25, 77, 82, 0]
Volume: 4.9081
Cost: 1211
Route: [0, 44, 1, 12, 89, 90, 97, 94, 0]
Volume: 5.0
Cost: 1518
Route: [0, 61, 99, 55, 42, 91, 57, 7, 62, 9, 19, 0]
Volume: 4.95
Cost: 1361
Route: [0, 88, 79, 65, 76, 35, 72, 26, 24, 33, 2, 5, 54, 0]
Volume: 4.982
Cost: 2132
