OFV: 524744.0

Route: [0, 79, 51, 73, 90, 85, 46, 53, 40, 219, 102, 212, 218, 77, 203, 186, 63, 127, 107, 92, 242, 175, 99, 68, 83, 245, 5, 13, 214, 26, 108, 207, 112, 0]
Volume: 4.7867
Cost: 55241
Route: [0, 59, 89, 166, 30, 106, 128, 133, 18, 12, 183, 113, 25, 141, 80, 96, 244, 115, 154, 93, 19, 103, 72, 76, 163, 235, 189, 179, 153, 147, 87, 221, 43, 50, 4, 88, 205, 10, 0]
Volume: 4.9271
Cost: 80657
Route: [0, 48, 1, 28, 24, 228, 240, 121, 116, 66, 208, 35, 62, 149, 146, 69, 14, 200, 217, 198, 173, 42, 196, 152, 75, 180, 239, 95, 3, 11, 38, 138, 36, 0]
Volume: 4.9965
Cost: 89048
Route: [0, 41, 243, 204, 47, 233, 33, 184, 109, 188, 158, 114, 193, 7, 216, 130, 110, 143, 70, 91, 22, 104, 150, 105, 9, 197, 67, 182, 215, 156, 0]
Volume: 4.7334
Cost: 64399
Route: [0, 134, 159, 202, 160, 61, 157, 17, 34, 232, 65, 151, 117, 123, 174, 234, 191, 227, 39, 137, 122, 226, 97, 94, 230, 64, 56, 20, 101, 187, 21, 27, 86, 176, 52, 125, 44, 2, 162, 0]
Volume: 4.961
Cost: 88542
Route: [0, 136, 169, 98, 170, 172, 100, 155, 129, 237, 178, 236, 111, 171, 29, 247, 32, 210, 57, 37, 231, 201, 55, 120, 209, 131, 213, 58, 222, 16, 78, 142, 223, 224, 31, 81, 71, 194, 248, 82, 165, 192, 119, 148, 8, 185, 15, 49, 54, 144, 229, 225, 0]
Volume: 4.9055
Cost: 94978
Route: [0, 118, 195, 241, 140, 238, 190, 181, 126, 211, 60, 164, 161, 246, 249, 6, 84, 168, 45, 135, 23, 206, 167, 74, 132, 145, 199, 177, 220, 139, 124, 0]
Volume: 4.933
Cost: 51879
