OFV: 1078497.0

Route: [0, 71, 402, 253, 8, 149, 424, 416, 460, 0]
Volume: 4.992
Cost: 21435
Route: [0, 210, 347, 431, 209, 76, 368, 88, 376, 167, 143, 475, 0]
Volume: 4.962
Cost: 17928
Route: [0, 158, 72, 171, 350, 1, 90, 374, 426, 107, 317, 298, 0]
Volume: 4.9942
Cost: 20176
Route: [0, 140, 450, 255, 223, 20, 96, 445, 485, 137, 121, 29, 0]
Volume: 4.978
Cost: 18987
Route: [0, 282, 470, 351, 438, 65, 102, 195, 56, 0]
Volume: 4.636
Cost: 8996
Route: [0, 328, 83, 208, 490, 115, 154, 148, 197, 179, 120, 36, 0]
Volume: 4.928
Cost: 19561
Route: [0, 55, 50, 111, 254, 156, 108, 19, 0]
Volume: 4.96
Cost: 17124
Route: [0, 318, 218, 245, 206, 396, 440, 146, 86, 22, 212, 333, 24, 0]
Volume: 4.992
Cost: 20537
Route: [0, 408, 412, 145, 420, 123, 188, 243, 367, 444, 186, 0]
Volume: 4.976
Cost: 22761
Route: [0, 141, 304, 196, 306, 434, 343, 291, 57, 425, 133, 256, 443, 432, 303, 0]
Volume: 4.884
Cost: 34209
Route: [0, 313, 297, 337, 11, 365, 110, 17, 270, 81, 3, 169, 0]
Volume: 4.9861
Cost: 26000
Route: [0, 147, 152, 159, 181, 387, 75, 458, 314, 335, 0]
Volume: 4.976
Cost: 27475
Route: [0, 44, 471, 348, 486, 338, 345, 260, 105, 0]
Volume: 4.906
Cost: 21240
Route: [0, 352, 373, 453, 101, 457, 144, 469, 61, 411, 109, 2, 419, 311, 0]
Volume: 4.978
Cost: 21823
Route: [0, 409, 77, 80, 483, 278, 404, 467, 166, 329, 187, 228, 454, 74, 0]
Volume: 4.9621
Cost: 30972
Route: [0, 293, 69, 481, 275, 332, 323, 271, 290, 492, 9, 0]
Volume: 4.8601
Cost: 28498
Route: [0, 413, 390, 497, 213, 319, 21, 168, 473, 385, 0]
Volume: 4.984
Cost: 24579
Route: [0, 194, 447, 119, 155, 305, 414, 53, 51, 316, 177, 0]
Volume: 4.96
Cost: 23137
Route: [0, 410, 25, 261, 185, 135, 494, 283, 459, 183, 0]
Volume: 4.994
Cost: 17453
Route: [0, 488, 446, 79, 386, 339, 0]
Volume: 4.972
Cost: 19550
Route: [0, 118, 59, 28, 499, 216, 370, 221, 437, 89, 84, 199, 279, 138, 288, 68, 43, 0]
Volume: 4.988
Cost: 30626
Route: [0, 496, 224, 401, 193, 222, 358, 112, 0]
Volume: 4.992
Cost: 23254
Route: [0, 463, 40, 131, 227, 30, 103, 356, 0]
Volume: 4.96
Cost: 17399
Route: [0, 104, 235, 239, 153, 371, 211, 406, 172, 325, 436, 38, 85, 0]
Volume: 4.988
Cost: 26180
Route: [0, 259, 287, 247, 220, 258, 315, 31, 236, 128, 0]
Volume: 4.964
Cost: 24739
Route: [0, 226, 430, 233, 398, 269, 326, 164, 340, 334, 78, 165, 487, 82, 0]
Volume: 4.952
Cost: 27197
Route: [0, 330, 249, 349, 381, 204, 400, 357, 331, 344, 14, 320, 480, 0]
Volume: 4.872
Cost: 26193
Route: [0, 415, 455, 272, 207, 48, 139, 405, 342, 58, 0]
Volume: 4.984
Cost: 25531
Route: [0, 92, 296, 136, 127, 4, 126, 32, 0]
Volume: 4.948
Cost: 16404
Route: [0, 190, 403, 202, 276, 422, 97, 106, 125, 292, 389, 456, 267, 0]
Volume: 4.952
Cost: 25321
Route: [0, 300, 284, 484, 0]
Volume: 4.766
Cost: 4927
Route: [0, 230, 285, 375, 18, 462, 364, 476, 439, 465, 421, 0]
Volume: 4.992
Cost: 23644
Route: [0, 307, 62, 252, 240, 468, 225, 15, 491, 7, 493, 99, 0]
Volume: 4.914
Cost: 21239
Route: [0, 170, 189, 359, 274, 435, 47, 157, 93, 466, 0]
Volume: 4.968
Cost: 24593
Route: [0, 64, 377, 478, 142, 452, 214, 265, 0]
Volume: 4.9859
Cost: 23112
Route: [0, 251, 427, 388, 380, 464, 23, 205, 175, 257, 312, 0]
Volume: 4.9801
Cost: 22533
Route: [0, 34, 198, 354, 113, 234, 418, 13, 0]
Volume: 4.82
Cost: 13242
Route: [0, 41, 73, 327, 441, 299, 46, 182, 60, 124, 95, 45, 176, 180, 0]
Volume: 4.94
Cost: 14132
Route: [0, 302, 262, 151, 248, 6, 372, 192, 407, 397, 482, 5, 268, 361, 161, 0]
Volume: 4.976
Cost: 21100
Route: [0, 132, 472, 219, 263, 394, 229, 295, 399, 173, 353, 378, 336, 0]
Volume: 4.9681
Cost: 29269
Route: [0, 341, 122, 449, 150, 129, 184, 39, 0]
Volume: 4.884
Cost: 24888
Route: [0, 134, 294, 495, 16, 12, 264, 87, 163, 324, 116, 100, 0]
Volume: 4.874
Cost: 22981
Route: [0, 201, 461, 98, 442, 35, 191, 66, 0]
Volume: 4.9
Cost: 19632
Route: [0, 130, 369, 217, 160, 448, 242, 393, 280, 0]
Volume: 4.9921
Cost: 7351
Route: [0, 362, 67, 232, 366, 322, 428, 250, 241, 42, 477, 321, 70, 474, 0]
Volume: 4.9561
Cost: 22272
Route: [0, 382, 266, 114, 346, 231, 379, 391, 277, 37, 162, 178, 489, 0]
Volume: 4.952
Cost: 21204
Route: [0, 33, 174, 423, 203, 360, 355, 417, 246, 0]
Volume: 4.994
Cost: 19019
Route: [0, 49, 26, 301, 433, 383, 498, 363, 429, 286, 384, 244, 0]
Volume: 4.8681
Cost: 26967
Route: [0, 91, 308, 200, 27, 10, 94, 117, 451, 479, 309, 0]
Volume: 4.682
Cost: 10894
Route: [0, 63, 392, 273, 54, 289, 281, 215, 310, 52, 238, 395, 237, 0]
Volume: 4.93
Cost: 20213
