OFV: 199864.0

Route: [0, 9, 65, 14, 31, 5, 78, 29, 34, 89, 0]
Volume: 1.0215
Cost: 36929
Route: [0, 75, 91, 3, 51, 59, 2, 40, 62, 66, 25, 1, 18, 82, 30, 77, 72, 64, 13, 27, 86, 41, 84, 16, 92, 87, 44, 32, 33, 46, 47, 45, 26, 17, 79, 36, 56, 94, 68, 23, 4, 11, 74, 10, 0]
Volume: 4.9415
Cost: 88119
Route: [0, 55, 49, 70, 15, 95, 24, 81, 38, 57, 80, 6, 53, 69, 58, 99, 39, 12, 7, 22, 85, 61, 21, 76, 19, 20, 90, 43, 42, 63, 98, 97, 96, 52, 35, 50, 48, 67, 88, 54, 93, 71, 37, 8, 73, 28, 60, 83, 0]
Volume: 4.997
Cost: 74816
