OFV: 310011.0

Route: [0, 30, 24, 77, 0]
Volume: 1.726
Cost: 44428
Route: [0, 89, 7, 59, 84, 5, 19, 58, 47, 55, 16, 68, 31, 86, 85, 72, 29, 79, 99, 18, 40, 54, 34, 4, 87, 43, 92, 52, 63, 80, 51, 9, 22, 65, 25, 90, 82, 57, 69, 76, 96, 32, 2, 64, 48, 11, 97, 56, 73, 28, 0]
Volume: 12.5
Cost: 109975
Route: [0, 88, 45, 74, 12, 46, 91, 42, 21, 17, 38, 95, 70, 78, 50, 71, 61, 39, 36, 10, 93, 49, 20, 37, 75, 1, 23, 60, 53, 15, 14, 94, 26, 13, 67, 3, 62, 66, 27, 98, 35, 81, 8, 41, 33, 6, 44, 83, 0]
Volume: 12.3889
Cost: 155608
