OFV: 406539.0

Route: [0, 100, 470, 351, 438, 65, 293, 480, 44, 471, 55, 132, 344, 357, 331, 204, 400, 349, 381, 472, 219, 394, 263, 330, 249, 295, 229, 399, 152, 159, 181, 387, 314, 75, 458, 313, 297, 272, 207, 48, 139, 337, 11, 405, 342, 58, 365, 17, 270, 301, 110, 433, 383, 498, 363, 429, 122, 286, 384, 150, 449, 129, 416, 403, 190, 8, 468, 225, 402, 253, 15, 491, 267, 440, 146, 456, 86, 22, 212, 333, 24, 303, 389, 305, 155, 414, 168, 153, 57, 306, 434, 343, 291, 172, 196, 325, 436, 388, 380, 38, 473, 427, 251, 385, 99, 91, 0]
Volume: 12.4697
Cost: 83443
Route: [0, 201, 116, 277, 37, 82, 487, 165, 285, 398, 269, 326, 164, 334, 340, 78, 476, 231, 379, 114, 391, 346, 205, 175, 464, 23, 413, 390, 497, 51, 316, 307, 62, 252, 240, 447, 104, 119, 235, 239, 53, 319, 141, 304, 213, 21, 211, 371, 406, 425, 133, 256, 443, 432, 202, 276, 422, 97, 106, 125, 292, 149, 424, 341, 377, 64, 452, 142, 478, 49, 26, 81, 455, 415, 3, 457, 61, 144, 469, 244, 214, 109, 411, 2, 419, 46, 182, 60, 124, 95, 45, 176, 180, 378, 336, 393, 0]
Volume: 12.3153
Cost: 76625
Route: [0, 259, 287, 442, 35, 236, 247, 243, 367, 188, 123, 220, 258, 31, 315, 420, 145, 412, 408, 444, 128, 186, 98, 68, 461, 34, 198, 354, 113, 234, 418, 13, 134, 118, 59, 499, 28, 216, 370, 221, 437, 89, 199, 84, 279, 138, 288, 294, 495, 16, 264, 163, 324, 87, 12, 382, 266, 226, 230, 430, 233, 375, 18, 462, 364, 439, 465, 257, 162, 178, 312, 489, 43, 421, 300, 284, 484, 0]
Volume: 10.5543
Cost: 86506
Route: [0, 309, 479, 19, 40, 33, 339, 131, 29, 210, 347, 431, 209, 76, 77, 137, 317, 170, 174, 63, 485, 395, 237, 20, 445, 96, 140, 450, 392, 223, 255, 158, 268, 171, 72, 350, 338, 345, 260, 348, 92, 296, 14, 136, 127, 320, 4, 459, 183, 117, 451, 308, 448, 242, 0]
Volume: 7.3643
Cost: 30142
Route: [0, 282, 130, 369, 217, 160, 200, 27, 10, 94, 32, 126, 410, 147, 283, 25, 261, 108, 486, 1, 90, 374, 426, 246, 417, 423, 238, 355, 273, 54, 289, 189, 151, 262, 248, 466, 404, 278, 483, 467, 166, 329, 187, 228, 454, 74, 492, 290, 271, 332, 323, 481, 69, 275, 9, 401, 193, 222, 322, 428, 250, 241, 358, 112, 67, 446, 79, 488, 362, 368, 88, 107, 376, 167, 121, 409, 386, 298, 143, 475, 227, 30, 103, 356, 302, 463, 120, 36, 102, 195, 56, 280, 0]
Volume: 12.1688
Cost: 62034
Route: [0, 496, 328, 191, 83, 208, 490, 154, 115, 197, 148, 179, 224, 70, 474, 321, 42, 477, 366, 232, 80, 359, 274, 435, 47, 157, 93, 6, 372, 281, 192, 407, 397, 215, 203, 360, 310, 482, 52, 5, 361, 161, 105, 254, 156, 111, 50, 185, 135, 494, 173, 335, 353, 311, 299, 41, 73, 327, 441, 265, 318, 218, 206, 396, 245, 184, 71, 101, 7, 373, 453, 493, 460, 177, 352, 194, 39, 85, 169, 66, 0]
Volume: 11.2545
Cost: 67789
