OFV: 46090.0

Route: [0, 41, 86, 27, 13, 64, 72, 96, 52, 92, 36, 79, 56, 94, 0]
Volume: 4.78
Cost: 5588
Route: [0, 78, 43, 90, 20, 19, 63, 42, 98, 97, 30, 0]
Volume: 4.9721
Cost: 5455
Route: [0, 37, 8, 73, 28, 60, 83, 0]
Volume: 3.442
Cost: 2914
Route: [0, 71, 67, 88, 54, 48, 50, 16, 35, 84, 93, 0]
Volume: 4.434
Cost: 4827
Route: [0, 1, 25, 18, 82, 12, 57, 80, 95, 6, 40, 0]
Volume: 4.9202
Cost: 3965
Route: [0, 4, 26, 45, 17, 11, 68, 74, 23, 0]
Volume: 4.092
Cost: 4031
Route: [0, 49, 70, 15, 91, 51, 3, 2, 59, 0]
Volume: 4.844
Cost: 3180
Route: [0, 34, 89, 29, 5, 9, 65, 55, 31, 14, 0]
Volume: 4.836
Cost: 3952
Route: [0, 85, 61, 21, 76, 7, 22, 77, 0]
Volume: 4.568
Cost: 3847
Route: [0, 75, 47, 46, 33, 87, 32, 44, 10, 0]
Volume: 4.9339
Cost: 4971
Route: [0, 81, 38, 24, 39, 99, 58, 69, 53, 66, 62, 0]
Volume: 4.9762
Cost: 3360
