OFV: 91318.0

Route: [0, 97, 42, 30, 160, 230, 103, 197, 177, 66, 0]
Volume: 4.83
Cost: 3329
Route: [0, 38, 44, 245, 203, 202, 142, 92, 40, 67, 119, 54, 237, 0]
Volume: 4.9681
Cost: 3315
Route: [0, 246, 183, 113, 195, 178, 214, 242, 15, 235, 14, 114, 0]
Volume: 4.932
Cost: 4394
Route: [0, 105, 199, 76, 47, 96, 162, 24, 153, 87, 53, 35, 169, 220, 0]
Volume: 4.948
Cost: 3618
Route: [0, 19, 189, 209, 39, 190, 206, 112, 22, 186, 249, 223, 0]
Volume: 4.762
Cost: 6668
Route: [0, 144, 72, 48, 152, 5, 147, 165, 80, 85, 95, 145, 61, 0]
Volume: 4.95
Cost: 3649
Route: [0, 193, 156, 163, 244, 149, 102, 173, 56, 139, 65, 219, 137, 224, 0]
Volume: 4.946
Cost: 4101
Route: [0, 3, 59, 143, 200, 221, 23, 1, 207, 10, 248, 127, 222, 51, 99, 26, 0]
Volume: 4.85
Cost: 3467
Route: [0, 239, 104, 8, 238, 140, 157, 13, 131, 73, 240, 88, 205, 194, 125, 52, 107, 0]
Volume: 4.86
Cost: 4188
Route: [0, 212, 120, 179, 84, 55, 134, 83, 37, 170, 148, 231, 43, 0]
Volume: 4.962
Cost: 3762
Route: [0, 187, 82, 16, 21, 2, 108, 234, 151, 0]
Volume: 4.838
Cost: 3349
Route: [0, 227, 225, 176, 175, 74, 211, 4, 166, 0]
Volume: 4.9281
Cost: 5200
Route: [0, 188, 124, 91, 132, 123, 116, 12, 25, 90, 136, 0]
Volume: 4.934
Cost: 4669
Route: [0, 180, 62, 63, 98, 168, 171, 208, 141, 20, 32, 106, 0]
Volume: 4.89
Cost: 3386
Route: [0, 243, 71, 133, 217, 36, 93, 0]
Volume: 4.9559
Cost: 3501
Route: [0, 45, 181, 49, 201, 161, 216, 46, 146, 204, 0]
Volume: 4.714
Cost: 3656
Route: [0, 81, 100, 121, 18, 111, 138, 78, 232, 0]
Volume: 4.64
Cost: 2668
Route: [0, 130, 126, 27, 69, 68, 50, 135, 155, 70, 185, 184, 0]
Volume: 4.8682
Cost: 3143
Route: [0, 29, 198, 94, 213, 11, 117, 34, 57, 64, 122, 0]
Volume: 4.306
Cost: 3519
Route: [0, 58, 229, 86, 31, 228, 247, 191, 192, 0]
Volume: 4.93
Cost: 3558
Route: [0, 101, 118, 154, 172, 182, 28, 158, 0]
Volume: 4.626
Cost: 3381
Route: [0, 159, 241, 196, 218, 236, 150, 128, 109, 115, 215, 79, 164, 0]
Volume: 4.994
Cost: 3472
Route: [0, 226, 77, 233, 174, 60, 9, 110, 75, 0]
Volume: 4.818
Cost: 3604
Route: [0, 33, 41, 17, 89, 167, 6, 129, 210, 7, 0]
Volume: 4.932
Cost: 3721
