OFV: 80057.0

Route: [0, 81, 23, 84, 51, 15, 64, 45, 49, 73, 53, 47, 63, 22, 58, 6, 10, 28, 16, 17, 13, 96, 98, 69, 30, 71, 39, 0]
Volume: 12.1619
Cost: 29637
Route: [0, 19, 61, 70, 74, 8, 68, 43, 40, 25, 4, 18, 77, 82, 54, 41, 52, 44, 1, 35, 79, 65, 12, 97, 90, 89, 76, 72, 88, 26, 9, 94, 0]
Volume: 12.142
Cost: 19115
Route: [0, 21, 60, 29, 56, 27, 20, 34, 75, 3, 95, 59, 87, 67, 31, 86, 46, 93, 37, 85, 50, 80, 36, 32, 0]
Volume: 11.234
Cost: 16746
Route: [0, 83, 66, 11, 14, 38, 92, 48, 2, 33, 99, 24, 55, 91, 57, 7, 62, 42, 5, 78, 0]
Volume: 10.918
Cost: 14559
