OFV: 56722.0

Route: [0, 164, 68, 99, 212, 233, 56, 231, 219, 165, 217, 147, 198, 1, 205, 133, 206, 169, 0]
Volume: 4.951
Cost: 3381
Route: [0, 227, 86, 204, 119, 88, 95, 178, 115, 229, 140, 230, 49, 145, 52, 76, 102, 215, 188, 126, 58, 0]
Volume: 4.971
Cost: 5342
Route: [0, 82, 92, 192, 114, 155, 201, 26, 72, 64, 29, 61, 28, 0]
Volume: 3.068
Cost: 2406
Route: [0, 249, 112, 159, 105, 15, 245, 224, 209, 42, 210, 53, 132, 17, 79, 27, 6, 247, 0]
Volume: 4.813
Cost: 4130
Route: [0, 131, 19, 197, 10, 9, 221, 36, 237, 200, 25, 73, 158, 156, 41, 161, 183, 122, 216, 235, 75, 77, 194, 31, 0]
Volume: 4.957
Cost: 4487
Route: [0, 208, 239, 226, 154, 186, 97, 174, 108, 84, 128, 4, 242, 40, 180, 195, 110, 207, 185, 65, 0]
Volume: 4.778
Cost: 5427
Route: [0, 196, 30, 7, 241, 184, 135, 62, 101, 116, 5, 223, 240, 138, 37, 60, 35, 151, 38, 107, 44, 74, 153, 59, 3, 136, 0]
Volume: 4.8211
Cost: 4322
Route: [0, 117, 83, 39, 98, 167, 96, 113, 16, 2, 177, 199, 148, 173, 246, 66, 134, 0]
Volume: 4.553
Cost: 3479
Route: [0, 125, 142, 120, 90, 20, 46, 202, 175, 232, 57, 137, 23, 203, 0]
Volume: 4.708
Cost: 3168
Route: [0, 162, 248, 168, 8, 34, 150, 54, 130, 236, 220, 228, 104, 12, 21, 189, 143, 100, 152, 179, 129, 0]
Volume: 4.854
Cost: 5531
Route: [0, 176, 193, 48, 13, 238, 69, 43, 139, 182, 166, 11, 22, 149, 93, 85, 121, 14, 24, 32, 91, 81, 71, 157, 118, 0]
Volume: 3.91
Cost: 5621
Route: [0, 109, 243, 172, 218, 222, 89, 111, 33, 244, 51, 106, 63, 146, 225, 55, 80, 211, 67, 190, 78, 187, 163, 0]
Volume: 4.99
Cost: 5285
Route: [0, 213, 87, 103, 170, 234, 191, 50, 47, 171, 70, 94, 144, 45, 214, 141, 127, 124, 160, 123, 181, 18, 0]
Volume: 4.7421
Cost: 4143
