OFV: 125602.0

Route: [0, 60, 323, 447, 380, 451, 29, 356, 473, 124, 18, 489, 456, 141, 241, 273, 0]
Volume: 3.844
Cost: 4593
Route: [0, 465, 481, 148, 103, 91, 277, 201, 428, 136, 230, 107, 164, 44, 143, 397, 181, 198, 0]
Volume: 4.9311
Cost: 4583
Route: [0, 125, 289, 20, 156, 101, 30, 338, 67, 99, 417, 9, 16, 219, 487, 63, 204, 497, 498, 213, 13, 165, 314, 460, 276, 454, 229, 47, 341, 0]
Volume: 4.8051
Cost: 7340
Route: [0, 110, 385, 488, 128, 243, 159, 129, 12, 448, 150, 420, 234, 340, 207, 72, 49, 194, 155, 182, 237, 79, 76, 227, 258, 40, 256, 0]
Volume: 4.9691
Cost: 5908
Route: [0, 233, 271, 114, 232, 424, 376, 81, 348, 270, 493, 172, 112, 187, 134, 120, 419, 362, 0]
Volume: 4.92
Cost: 4785
Route: [0, 56, 334, 139, 242, 147, 337, 48, 309, 248, 346, 179, 94, 46, 312, 295, 321, 6, 267, 390, 126, 224, 154, 231, 293, 301, 169, 57, 287, 0]
Volume: 4.9531
Cost: 6108
Route: [0, 80, 403, 494, 416, 439, 86, 281, 438, 354, 297, 123, 108, 285, 158, 474, 0]
Volume: 4.7451
Cost: 5125
Route: [0, 260, 153, 218, 377, 65, 208, 336, 188, 235, 202, 119, 196, 402, 0]
Volume: 4.6171
Cost: 4829
Route: [0, 317, 15, 353, 425, 427, 466, 444, 290, 475, 434, 32, 206, 168, 254, 333, 358, 223, 51, 106, 379, 0]
Volume: 4.965
Cost: 5023
Route: [0, 211, 492, 74, 104, 268, 1, 368, 199, 305, 463, 359, 300, 446, 292, 210, 437, 137, 266, 386, 167, 0]
Volume: 3.939
Cost: 4169
Route: [0, 73, 238, 286, 36, 449, 177, 71, 283, 279, 78, 363, 452, 274, 410, 430, 478, 375, 75, 249, 26, 343, 88, 396, 265, 461, 0]
Volume: 4.8
Cost: 4721
Route: [0, 225, 31, 331, 102, 135, 115, 409, 261, 450, 479, 471, 33, 259, 441, 399, 327, 282, 262, 332, 54, 84, 5, 413, 0]
Volume: 4.879
Cost: 5078
Route: [0, 214, 145, 389, 355, 226, 491, 284, 393, 38, 349, 422, 269, 469, 395, 193, 175, 275, 244, 462, 183, 378, 406, 313, 0]
Volume: 4.9611
Cost: 6157
Route: [0, 21, 484, 445, 190, 459, 69, 257, 53, 442, 476, 308, 217, 142, 171, 423, 414, 339, 0]
Volume: 4.9371
Cost: 3595
Route: [0, 93, 352, 96, 146, 472, 117, 245, 480, 360, 371, 98, 17, 122, 490, 499, 351, 178, 228, 90, 294, 272, 0]
Volume: 4.941
Cost: 5279
Route: [0, 197, 326, 429, 457, 37, 342, 291, 62, 127, 250, 335, 325, 8, 440, 28, 357, 41, 144, 350, 0]
Volume: 4.8672
Cost: 4022
Route: [0, 404, 160, 10, 315, 7, 68, 398, 163, 370, 307, 306, 58, 173, 131, 149, 0]
Volume: 4.319
Cost: 5653
Route: [0, 166, 373, 174, 316, 246, 19, 391, 435, 70, 329, 252, 239, 176, 189, 186, 328, 52, 0]
Volume: 4.9941
Cost: 3977
Route: [0, 411, 374, 185, 35, 418, 43, 61, 392, 222, 212, 433, 64, 50, 22, 2, 436, 0]
Volume: 3.572
Cost: 3359
Route: [0, 205, 464, 130, 485, 408, 311, 116, 432, 14, 322, 468, 320, 486, 344, 366, 111, 384, 264, 421, 0]
Volume: 4.877
Cost: 4611
Route: [0, 59, 216, 3, 113, 240, 100, 42, 39, 412, 365, 364, 55, 11, 299, 431, 184, 496, 288, 89, 280, 477, 405, 0]
Volume: 4.8231
Cost: 5439
Route: [0, 387, 400, 133, 426, 467, 394, 45, 296, 97, 24, 495, 367, 303, 482, 383, 105, 345, 109, 162, 25, 0]
Volume: 4.577
Cost: 4712
Route: [0, 263, 85, 77, 200, 95, 34, 132, 382, 253, 278, 191, 251, 304, 347, 161, 483, 470, 361, 23, 0]
Volume: 4.807
Cost: 5000
Route: [0, 118, 152, 310, 302, 192, 443, 369, 330, 170, 247, 4, 92, 458, 87, 121, 220, 0]
Volume: 4.8551
Cost: 5023
Route: [0, 401, 27, 255, 236, 319, 455, 372, 66, 83, 157, 138, 381, 415, 209, 140, 215, 298, 180, 407, 388, 195, 82, 453, 221, 318, 324, 203, 151, 0]
Volume: 4.932
Cost: 6513
