OFV: 168679.0

Route: [0, 207, 75, 7, 38, 89, 149, 161, 1, 37, 58, 126, 76, 177, 117, 34, 171, 23, 112, 199, 229, 244, 150, 154, 12, 91, 21, 212, 169, 181, 141, 165, 148, 164, 18, 10, 118, 246, 53, 178, 54, 193, 30, 97, 61, 227, 219, 121, 152, 188, 83, 94, 2, 127, 62, 172, 123, 135, 221, 44, 242, 71, 41, 179, 106, 95, 195, 19, 47, 17, 248, 8, 236, 220, 182, 9, 25, 239, 0]
Volume: 10.2641
Cost: 42518
Route: [0, 114, 192, 235, 77, 33, 137, 119, 78, 133, 130, 107, 241, 205, 144, 4, 167, 210, 45, 225, 49, 231, 124, 223, 175, 180, 173, 103, 184, 201, 187, 116, 215, 60, 79, 208, 213, 166, 140, 101, 217, 92, 85, 176, 48, 157, 200, 163, 209, 13, 162, 32, 15, 105, 203, 14, 73, 27, 52, 64, 240, 22, 87, 170, 56, 218, 36, 168, 206, 230, 153, 156, 5, 93, 232, 100, 131, 186, 28, 98, 50, 138, 190, 142, 174, 146, 151, 82, 0]
Volume: 11.9845
Cost: 77768
Route: [0, 35, 189, 238, 66, 67, 122, 70, 65, 80, 24, 194, 110, 63, 69, 196, 197, 6, 202, 109, 46, 147, 243, 125, 102, 158, 139, 204, 84, 68, 216, 11, 145, 185, 211, 99, 72, 249, 51, 40, 108, 143, 96, 88, 120, 42, 74, 132, 55, 29, 81, 57, 39, 31, 159, 26, 198, 134, 115, 128, 160, 233, 234, 3, 247, 90, 183, 129, 237, 136, 86, 104, 43, 155, 20, 191, 228, 226, 222, 214, 59, 245, 111, 113, 16, 224, 0]
Volume: 9.4957
Cost: 48393
