OFV: 45903.0

Route: [0, 129, 164, 163, 170, 219, 92, 175, 206, 113, 180, 47, 8, 162, 125, 143, 144, 140, 141, 0]
Volume: 4.9743
Cost: 4134
Route: [0, 148, 169, 24, 71, 137, 110, 123, 14, 223, 203, 116, 227, 245, 176, 0]
Volume: 5.0
Cost: 2910
Route: [0, 244, 221, 201, 27, 239, 142, 218, 198, 139, 97, 136, 192, 213, 241, 186, 154, 15, 63, 95, 153, 0]
Volume: 4.9799
Cost: 3635
Route: [0, 16, 215, 45, 13, 233, 62, 61, 54, 249, 51, 20, 178, 74, 146, 53, 42, 222, 172, 55, 195, 155, 121, 112, 194, 156, 126, 248, 107, 0]
Volume: 4.8723
Cost: 5150
Route: [0, 188, 80, 82, 214, 69, 232, 93, 90, 225, 179, 210, 196, 133, 67, 56, 72, 33, 224, 73, 1, 58, 0]
Volume: 4.761
Cost: 4831
Route: [0, 120, 211, 105, 103, 35, 75, 158, 5, 207, 173, 2, 68, 48, 83, 240, 108, 41, 235, 76, 0]
Volume: 3.738
Cost: 2463
Route: [0, 168, 130, 60, 29, 237, 135, 167, 91, 122, 119, 115, 157, 174, 100, 238, 209, 9, 0]
Volume: 3.685
Cost: 2034
Route: [0, 106, 30, 18, 34, 23, 231, 59, 205, 183, 10, 44, 19, 85, 197, 199, 64, 0]
Volume: 4.773
Cost: 3489
Route: [0, 200, 208, 78, 193, 118, 98, 84, 31, 32, 152, 187, 96, 165, 236, 25, 4, 12, 111, 184, 138, 0]
Volume: 4.921
Cost: 4264
Route: [0, 147, 21, 36, 109, 181, 43, 50, 102, 177, 127, 212, 160, 242, 190, 230, 204, 202, 37, 22, 132, 117, 0]
Volume: 4.992
Cost: 4089
Route: [0, 246, 189, 77, 217, 99, 94, 234, 81, 89, 49, 52, 228, 151, 220, 216, 104, 229, 87, 0]
Volume: 4.079
Cost: 3174
Route: [0, 65, 39, 134, 128, 66, 3, 26, 166, 17, 57, 191, 46, 114, 171, 86, 79, 150, 28, 243, 145, 0]
Volume: 4.773
Cost: 3369
Route: [0, 38, 88, 226, 149, 124, 70, 101, 131, 182, 159, 40, 185, 161, 247, 7, 11, 6, 0]
Volume: 4.317
Cost: 2361
