OFV: 137873.0

Route: [0, 65, 44, 1, 8, 56, 78, 9, 59, 7, 4, 11, 29, 0]
Volume: 4.982
Cost: 16120
Route: [0, 97, 49, 99, 33, 91, 62, 22, 0]
Volume: 4.892
Cost: 7239
Route: [0, 26, 13, 43, 66, 87, 88, 79, 53, 0]
Volume: 4.712
Cost: 5376
Route: [0, 73, 37, 48, 0]
Volume: 3.006
Cost: 2109
Route: [0, 5, 80, 16, 18, 76, 92, 27, 38, 0]
Volume: 4.89
Cost: 18873
Route: [0, 34, 55, 58, 0]
Volume: 3.312
Cost: 2851
Route: [0, 60, 98, 96, 42, 86, 81, 67, 69, 75, 0]
Volume: 4.754
Cost: 13963
Route: [0, 94, 41, 6, 20, 30, 14, 12, 70, 47, 50, 72, 0]
Volume: 4.882
Cost: 10217
Route: [0, 52, 24, 17, 2, 51, 31, 36, 25, 83, 0]
Volume: 4.968
Cost: 4505
Route: [0, 32, 74, 40, 71, 85, 77, 64, 45, 28, 35, 57, 0]
Volume: 4.6601
Cost: 30280
Route: [0, 68, 23, 95, 39, 84, 90, 61, 15, 19, 46, 89, 10, 0]
Volume: 4.982
Cost: 23292
Route: [0, 82, 54, 21, 3, 63, 93, 0]
Volume: 3.792
Cost: 3048
