OFV: 197486.0

Route: [0, 2, 43, 73, 81, 83, 26, 13, 46, 61, 44, 10, 97, 29, 49, 82, 37, 35, 41, 67, 56, 74, 92, 7, 0]
Volume: 1.5416
Cost: 76978
Route: [0, 4, 57, 22, 42, 72, 99, 86, 9, 25, 55, 20, 5, 71, 85, 36, 64, 60, 45, 51, 39, 79, 66, 47, 23, 68, 78, 89, 54, 40, 31, 88, 50, 28, 8, 0]
Volume: 3.5757
Cost: 61243
Route: [0, 18, 70, 48, 98, 80, 6, 77, 16, 91, 63, 95, 69, 62, 19, 84, 21, 58, 94, 12, 27, 33, 76, 65, 59, 30, 32, 15, 17, 14, 96, 93, 3, 87, 53, 75, 11, 1, 24, 34, 52, 38, 90, 0]
Volume: 4.9896
Cost: 59265
