OFV: 28514.0

Route: [0, 30, 33, 19, 10, 47, 13, 41, 42, 79, 0]
Volume: 2.76
Cost: 3600
Route: [0, 27, 7, 38, 93, 48, 95, 74, 36, 50, 55, 61, 24, 71, 76, 14, 84, 64, 85, 0]
Volume: 4.76
Cost: 4169
Route: [0, 63, 40, 8, 45, 86, 91, 52, 25, 21, 99, 1, 12, 51, 92, 62, 0]
Volume: 4.8761
Cost: 6058
Route: [0, 60, 18, 72, 17, 68, 26, 80, 78, 66, 35, 82, 46, 37, 69, 28, 83, 88, 89, 70, 73, 0]
Volume: 4.997
Cost: 6577
Route: [0, 34, 54, 16, 2, 67, 22, 3, 29, 5, 58, 97, 90, 49, 15, 53, 6, 57, 96, 4, 56, 98, 39, 75, 59, 94, 0]
Volume: 5.0
Cost: 5001
Route: [0, 44, 31, 77, 11, 20, 81, 87, 9, 32, 65, 43, 23, 0]
Volume: 3.739
Cost: 3109
