OFV: 122106.0

Route: [0, 43, 127, 107, 92, 175, 99, 242, 68, 83, 13, 5, 0]
Volume: 4.654
Cost: 4366
Route: [0, 46, 117, 151, 18, 128, 235, 133, 51, 0]
Volume: 4.9981
Cost: 5696
Route: [0, 88, 159, 205, 73, 90, 220, 177, 85, 53, 0]
Volume: 4.77
Cost: 3497
Route: [0, 197, 67, 96, 244, 115, 80, 141, 154, 25, 163, 12, 40, 0]
Volume: 4.814
Cost: 6271
Route: [0, 171, 29, 55, 209, 120, 0]
Volume: 4.974
Cost: 4127
Route: [0, 45, 4, 168, 50, 219, 102, 6, 212, 246, 218, 77, 203, 186, 0]
Volume: 4.9681
Cost: 4240
Route: [0, 123, 191, 227, 174, 234, 215, 0]
Volume: 4.8601
Cost: 5233
Route: [0, 38, 138, 11, 206, 167, 23, 74, 132, 145, 199, 135, 0]
Volume: 4.89
Cost: 4044
Route: [0, 20, 56, 230, 64, 94, 97, 226, 122, 137, 39, 156, 0]
Volume: 4.622
Cost: 7285
Route: [0, 91, 22, 104, 105, 79, 134, 124, 10, 0]
Volume: 4.766
Cost: 4688
Route: [0, 233, 33, 49, 2, 15, 47, 125, 44, 184, 109, 188, 158, 185, 148, 8, 0]
Volume: 4.922
Cost: 4267
Route: [0, 48, 57, 210, 131, 213, 58, 222, 21, 27, 0]
Volume: 4.81
Cost: 4572
Route: [0, 59, 160, 157, 221, 61, 87, 147, 139, 0]
Volume: 4.914
Cost: 4652
Route: [0, 136, 195, 241, 140, 238, 190, 181, 126, 211, 60, 164, 161, 249, 0]
Volume: 4.986
Cost: 4257
Route: [0, 36, 95, 3, 200, 14, 69, 146, 208, 62, 35, 149, 66, 112, 0]
Volume: 4.786
Cost: 6513
Route: [0, 225, 229, 144, 243, 204, 52, 176, 86, 114, 0]
Volume: 4.672
Cost: 4950
Route: [0, 41, 16, 78, 142, 223, 247, 32, 201, 231, 37, 0]
Volume: 4.892
Cost: 4959
Route: [0, 9, 150, 193, 7, 216, 130, 110, 143, 70, 0]
Volume: 4.14
Cost: 4901
Route: [0, 118, 172, 100, 155, 129, 237, 101, 178, 236, 111, 187, 162, 0]
Volume: 4.764
Cost: 6078
Route: [0, 214, 26, 108, 245, 207, 182, 1, 28, 169, 98, 170, 24, 228, 121, 240, 116, 0]
Volume: 4.912
Cost: 5514
Route: [0, 153, 179, 106, 34, 17, 189, 232, 65, 217, 198, 0]
Volume: 4.65
Cost: 4453
Route: [0, 63, 89, 166, 30, 173, 42, 196, 75, 152, 180, 239, 0]
Volume: 4.786
Cost: 5524
Route: [0, 54, 119, 192, 165, 82, 248, 71, 194, 81, 31, 224, 0]
Volume: 4.866
Cost: 5766
Route: [0, 84, 183, 113, 76, 93, 19, 72, 103, 202, 0]
Volume: 4.4041
Cost: 6253
