OFV: 43131.0

Route: [0, 61, 1, 8, 56, 47, 19, 45, 0]
Volume: 4.7381
Cost: 5024
Route: [0, 17, 64, 30, 28, 33, 29, 39, 4, 72, 31, 0]
Volume: 4.528
Cost: 5390
Route: [0, 59, 22, 57, 38, 7, 51, 0]
Volume: 4.7341
Cost: 4976
Route: [0, 46, 48, 11, 35, 12, 42, 62, 53, 26, 36, 37, 55, 0]
Volume: 4.496
Cost: 7885
Route: [0, 23, 21, 40, 73, 74, 25, 27, 0]
Volume: 4.886
Cost: 4497
Route: [0, 44, 58, 9, 54, 43, 24, 13, 16, 5, 0]
Volume: 3.316
Cost: 3645
Route: [0, 67, 68, 2, 65, 3, 63, 34, 66, 10, 41, 50, 71, 0]
Volume: 4.718
Cost: 6747
Route: [0, 18, 52, 15, 69, 70, 60, 14, 6, 49, 32, 20, 0]
Volume: 4.784
Cost: 4967
