OFV: 2712654.0

Route: [0, 77, 275, 197, 195, 345, 0]
Volume: 4.9839
Cost: 41833
Route: [0, 110, 162, 355, 495, 394, 366, 0]
Volume: 4.832
Cost: 45376
Route: [0, 336, 377, 157, 166, 280, 160, 114, 215, 0]
Volume: 4.954
Cost: 49344
Route: [0, 322, 485, 203, 298, 190, 192, 0]
Volume: 4.872
Cost: 56046
Route: [0, 415, 391, 279, 21, 182, 144, 50, 341, 498, 306, 0]
Volume: 4.948
Cost: 53551
Route: [0, 369, 315, 383, 392, 42, 302, 150, 53, 32, 283, 201, 108, 0]
Volume: 4.928
Cost: 58653
Route: [0, 389, 272, 71, 364, 161, 385, 16, 109, 0]
Volume: 4.3381
Cost: 38966
Route: [0, 187, 131, 472, 263, 46, 465, 372, 0]
Volume: 4.984
Cost: 50062
Route: [0, 5, 100, 0]
Volume: 1.66
Cost: 32996
Route: [0, 134, 37, 490, 412, 119, 253, 73, 433, 102, 125, 4, 147, 300, 86, 212, 262, 88, 267, 154, 0]
Volume: 4.998
Cost: 55972
Route: [0, 117, 282, 194, 445, 13, 437, 429, 365, 175, 159, 7, 0]
Volume: 4.9681
Cost: 58588
Route: [0, 479, 278, 206, 237, 230, 470, 456, 89, 453, 0]
Volume: 5.0
Cost: 56776
Route: [0, 423, 87, 469, 471, 65, 395, 75, 0]
Volume: 4.982
Cost: 55492
Route: [0, 333, 363, 184, 66, 90, 70, 135, 0]
Volume: 4.832
Cost: 44119
Route: [0, 103, 307, 316, 164, 126, 141, 179, 200, 373, 62, 384, 31, 428, 359, 245, 0]
Volume: 4.9661
Cost: 60364
Route: [0, 287, 451, 486, 425, 397, 417, 330, 447, 487, 76, 0]
Volume: 4.962
Cost: 58046
Route: [0, 115, 231, 63, 28, 252, 8, 228, 174, 427, 305, 218, 290, 0]
Volume: 4.96
Cost: 51248
Route: [0, 196, 49, 357, 151, 19, 176, 310, 291, 0]
Volume: 4.948
Cost: 50900
Route: [0, 374, 303, 242, 258, 34, 318, 256, 271, 240, 225, 98, 0]
Volume: 4.832
Cost: 50521
Route: [0, 463, 136, 403, 107, 138, 288, 121, 226, 467, 156, 286, 348, 0]
Volume: 4.9661
Cost: 61165
Route: [0, 329, 172, 446, 414, 59, 0]
Volume: 4.9139
Cost: 45534
Route: [0, 120, 332, 104, 285, 335, 420, 0]
Volume: 4.898
Cost: 47098
Route: [0, 234, 356, 430, 462, 457, 56, 314, 0]
Volume: 4.8261
Cost: 48090
Route: [0, 40, 241, 158, 163, 26, 148, 265, 93, 492, 396, 0]
Volume: 4.932
Cost: 57747
Route: [0, 247, 346, 80, 238, 79, 95, 0]
Volume: 4.866
Cost: 44525
Route: [0, 338, 297, 232, 454, 370, 213, 312, 441, 33, 474, 323, 82, 308, 0]
Volume: 4.978
Cost: 62072
Route: [0, 301, 313, 284, 243, 358, 337, 386, 0]
Volume: 2.64
Cost: 37137
Route: [0, 165, 97, 407, 142, 113, 331, 349, 460, 0]
Volume: 4.664
Cost: 64806
Route: [0, 325, 233, 381, 293, 67, 0]
Volume: 4.632
Cost: 56385
Route: [0, 343, 78, 236, 361, 328, 496, 261, 259, 379, 0]
Volume: 4.936
Cost: 59039
Route: [0, 124, 475, 92, 149, 292, 193, 327, 128, 481, 183, 0]
Volume: 4.994
Cost: 46377
Route: [0, 168, 466, 127, 235, 442, 106, 438, 198, 376, 6, 84, 439, 350, 72, 146, 35, 326, 484, 334, 0]
Volume: 4.9302
Cost: 59003
Route: [0, 214, 45, 153, 257, 3, 64, 273, 55, 440, 0]
Volume: 4.986
Cost: 50784
Route: [0, 424, 434, 254, 277, 402, 133, 22, 426, 324, 105, 436, 250, 0]
Volume: 4.908
Cost: 57114
Route: [0, 488, 17, 248, 477, 249, 382, 155, 186, 43, 171, 219, 289, 244, 0]
Volume: 4.864
Cost: 61472
Route: [0, 413, 143, 116, 173, 210, 208, 410, 54, 309, 489, 96, 205, 30, 0]
Volume: 4.996
Cost: 63175
Route: [0, 404, 362, 12, 0]
Volume: 4.3139
Cost: 33520
Route: [0, 266, 317, 18, 432, 101, 449, 342, 347, 416, 85, 0]
Volume: 4.984
Cost: 51478
Route: [0, 222, 375, 264, 39, 448, 380, 227, 405, 27, 411, 493, 299, 276, 0]
Volume: 4.9401
Cost: 49917
Route: [0, 455, 224, 419, 58, 360, 431, 311, 170, 180, 458, 483, 353, 398, 400, 0]
Volume: 4.994
Cost: 61282
Route: [0, 130, 129, 60, 122, 38, 145, 112, 51, 0]
Volume: 4.9282
Cost: 46039
Route: [0, 111, 352, 123, 296, 57, 452, 368, 390, 132, 181, 188, 25, 480, 388, 409, 422, 0]
Volume: 4.964
Cost: 61326
Route: [0, 468, 169, 23, 269, 378, 473, 41, 478, 81, 118, 36, 450, 0]
Volume: 4.982
Cost: 61035
Route: [0, 339, 281, 482, 295, 270, 221, 340, 10, 0]
Volume: 4.918
Cost: 48447
Route: [0, 220, 207, 354, 204, 418, 246, 351, 464, 11, 217, 0]
Volume: 4.904
Cost: 51935
Route: [0, 199, 239, 251, 294, 491, 68, 255, 0]
Volume: 4.938
Cost: 42354
Route: [0, 406, 223, 229, 476, 94, 191, 494, 211, 304, 69, 321, 1, 0]
Volume: 4.9
Cost: 49585
Route: [0, 52, 499, 177, 167, 202, 444, 399, 2, 367, 274, 393, 268, 15, 0]
Volume: 4.964
Cost: 50327
Route: [0, 48, 99, 83, 185, 178, 461, 0]
Volume: 4.9361
Cost: 59048
Route: [0, 401, 140, 24, 139, 319, 260, 137, 408, 189, 29, 371, 0]
Volume: 4.966
Cost: 59884
Route: [0, 387, 14, 20, 443, 344, 320, 47, 152, 91, 44, 459, 9, 421, 0]
Volume: 4.964
Cost: 59001
Route: [0, 435, 216, 209, 74, 61, 497, 0]
Volume: 4.8281
Cost: 37100
