OFV: 13932.0

Route: [0, 85, 37, 93, 80, 36, 50, 28, 16, 17, 13, 96, 98, 71, 30, 69, 39, 38, 11, 14, 92, 48, 66, 83, 0]
Volume: 2.9965
Cost: 3945
Route: [0, 19, 61, 88, 65, 79, 89, 90, 97, 12, 76, 44, 1, 35, 72, 26, 9, 99, 24, 55, 42, 91, 57, 7, 62, 94, 73, 53, 47, 22, 63, 87, 31, 86, 46, 67, 58, 10, 6, 95, 3, 75, 59, 81, 0]
Volume: 4.9196
Cost: 5744
Route: [0, 32, 33, 2, 5, 70, 82, 8, 68, 40, 25, 77, 18, 4, 43, 74, 54, 41, 52, 84, 51, 15, 64, 34, 45, 49, 20, 23, 29, 27, 56, 60, 21, 78, 0]
Volume: 4.025
Cost: 4243
