OFV: 480624.0

Route: [0, 425, 33, 49, 410, 57, 462, 465, 471, 416, 432, 154, 12, 316, 72, 288, 138, 199, 71, 171, 141, 411, 274, 353, 132, 495, 322, 168, 275, 160, 70, 268, 356, 104, 210, 338, 335, 0]
Volume: 4.392
Cost: 25212
Route: [0, 260, 90, 492, 170, 286, 371, 290, 158, 43, 36, 309, 215, 183, 165, 68, 53, 76, 352, 390, 378, 227, 455, 194, 279, 126, 326, 254, 159, 252, 347, 369, 226, 22, 392, 202, 228, 99, 284, 203, 345, 491, 157, 319, 301, 0]
Volume: 4.9537
Cost: 35518
Route: [0, 385, 266, 276, 13, 59, 461, 92, 156, 84, 365, 311, 120, 289, 388, 37, 54, 66, 283, 177, 498, 364, 251, 451, 434, 176, 103, 306, 278, 143, 86, 108, 294, 73, 475, 137, 162, 0]
Volume: 4.971
Cost: 34103
Route: [0, 358, 312, 273, 270, 454, 397, 212, 296, 10, 383, 105, 237, 332, 192, 486, 463, 175, 304, 85, 362, 253, 21, 267, 153, 0]
Volume: 4.0235
Cost: 27103
Route: [0, 439, 373, 302, 19, 155, 82, 249, 128, 232, 145, 246, 98, 44, 117, 393, 403, 321, 323, 24, 94, 464, 429, 485, 243, 131, 354, 35, 46, 305, 119, 431, 230, 116, 42, 39, 150, 317, 238, 313, 0]
Volume: 4.953
Cost: 38183
Route: [0, 233, 282, 325, 50, 408, 344, 413, 308, 75, 220, 483, 87, 83, 458, 65, 77, 109, 121, 179, 402, 446, 330, 102, 201, 163, 293, 144, 398, 450, 61, 0]
Volume: 4.7006
Cost: 35308
Route: [0, 375, 339, 81, 107, 20, 360, 318, 186, 130, 381, 231, 191, 334, 166, 444, 205, 280, 470, 181, 372, 147, 240, 342, 409, 235, 193, 3, 244, 287, 418, 224, 211, 404, 357, 0]
Volume: 3.9737
Cost: 27193
Route: [0, 80, 460, 367, 499, 445, 315, 424, 349, 248, 125, 380, 250, 52, 298, 67, 62, 263, 447, 271, 346, 401, 4, 242, 198, 34, 114, 299, 151, 484, 245, 269, 363, 112, 261, 256, 95, 0]
Volume: 4.3472
Cost: 30241
Route: [0, 355, 389, 277, 466, 399, 127, 223, 239, 428, 320, 327, 207, 222, 468, 336, 30, 148, 219, 152, 433, 209, 88, 25, 32, 195, 69, 331, 221, 97, 111, 96, 140, 91, 265, 134, 0]
Volume: 4.243
Cost: 45913
Route: [0, 387, 448, 124, 374, 394, 178, 5, 437, 18, 100, 341, 136, 426, 182, 303, 292, 438, 435, 255, 257, 146, 93, 106, 421, 229, 247, 405, 285, 135, 477, 379, 0]
Volume: 4.9245
Cost: 43128
Route: [0, 307, 123, 407, 489, 494, 440, 14, 133, 169, 420, 167, 395, 115, 291, 456, 9, 7, 366, 459, 469, 478, 384, 101, 297, 174, 23, 427, 472, 0]
Volume: 3.7915
Cost: 28461
Route: [0, 241, 474, 351, 11, 487, 400, 406, 442, 187, 467, 310, 190, 89, 189, 2, 259, 386, 430, 449, 452, 359, 415, 328, 196, 161, 329, 314, 129, 118, 234, 214, 204, 376, 213, 6, 172, 56, 300, 185, 258, 55, 488, 0]
Volume: 4.9607
Cost: 27681
Route: [0, 417, 377, 497, 184, 28, 45, 422, 493, 419, 188, 295, 63, 51, 218, 324, 110, 47, 60, 391, 206, 476, 441, 74, 26, 79, 457, 1, 164, 200, 479, 113, 27, 180, 350, 480, 481, 340, 225, 423, 0]
Volume: 4.6141
Cost: 38691
Route: [0, 496, 217, 64, 453, 16, 29, 15, 343, 149, 31, 473, 436, 368, 414, 348, 361, 142, 208, 17, 370, 264, 41, 122, 382, 262, 8, 396, 272, 197, 333, 281, 78, 337, 58, 216, 490, 173, 40, 139, 443, 48, 236, 412, 38, 482, 0]
Volume: 4.9667
Cost: 43889
