OFV: 184665.0

Route: [0, 65, 39, 200, 124, 101, 70, 88, 226, 38, 149, 21, 36, 109, 181, 43, 147, 50, 102, 177, 212, 160, 127, 242, 190, 218, 230, 204, 142, 202, 106, 0]
Volume: 12.3621
Cost: 24765
Route: [0, 49, 232, 93, 90, 225, 179, 184, 196, 133, 111, 4, 12, 25, 84, 98, 118, 1, 206, 175, 92, 219, 170, 145, 240, 29, 108, 235, 0]
Volume: 11.69
Cost: 24669
Route: [0, 248, 107, 148, 126, 112, 194, 156, 123, 110, 14, 137, 121, 71, 24, 169, 120, 207, 173, 100, 238, 76, 0]
Volume: 12.392
Cost: 11502
Route: [0, 168, 174, 2, 211, 5, 103, 105, 35, 75, 91, 115, 122, 157, 68, 48, 209, 9, 0]
Volume: 9.9521
Cost: 9568
Route: [0, 221, 244, 6, 11, 247, 185, 161, 40, 131, 7, 182, 159, 188, 0]
Volume: 6.644
Cost: 3330
Route: [0, 117, 132, 22, 201, 239, 27, 37, 139, 198, 136, 97, 192, 213, 241, 186, 154, 151, 220, 216, 104, 199, 82, 229, 153, 87, 197, 80, 64, 0]
Volume: 12.39
Cost: 20040
Route: [0, 30, 34, 231, 23, 59, 18, 205, 183, 63, 15, 10, 44, 95, 85, 19, 214, 69, 228, 52, 189, 89, 77, 217, 99, 94, 234, 246, 81, 0]
Volume: 12.304
Cost: 21022
Route: [0, 176, 223, 203, 245, 116, 227, 74, 172, 222, 53, 146, 42, 55, 195, 178, 20, 155, 51, 54, 249, 233, 61, 62, 16, 215, 45, 13, 158, 0]
Volume: 11.8481
Cost: 24450
Route: [0, 41, 60, 130, 164, 141, 163, 8, 47, 180, 113, 31, 32, 152, 187, 96, 236, 165, 67, 56, 33, 72, 224, 210, 138, 208, 78, 73, 193, 58, 119, 167, 135, 0]
Volume: 12.48
Cost: 25597
Route: [0, 83, 129, 134, 66, 166, 128, 3, 26, 79, 17, 114, 57, 191, 46, 171, 86, 162, 125, 143, 144, 140, 243, 28, 150, 237, 0]
Volume: 12.2802
Cost: 19722
