OFV: 37147.0

Route: [0, 111, 78, 239, 148, 20, 24, 203, 84, 142, 133, 184, 79, 199, 29, 113, 122, 190, 131, 174, 156, 132, 219, 99, 220, 152, 151, 160, 86, 195, 34, 31, 172, 207, 232, 76, 241, 227, 138, 194, 213, 56, 71, 240, 242, 134, 214, 3, 123, 61, 41, 0]
Volume: 11.3012
Cost: 11678
Route: [0, 108, 146, 26, 201, 225, 27, 22, 191, 112, 13, 178, 163, 187, 140, 105, 229, 130, 38, 171, 139, 62, 205, 126, 185, 109, 104, 217, 35, 87, 120, 6, 69, 100, 115, 36, 129, 145, 233, 4, 119, 48, 236, 223, 89, 149, 19, 153, 59, 0]
Volume: 11.6091
Cost: 7446
Route: [0, 127, 45, 52, 158, 234, 202, 10, 228, 231, 28, 33, 155, 170, 162, 128, 96, 55, 168, 150, 67, 94, 244, 93, 53, 17, 177, 211, 43, 222, 197, 206, 65, 7, 136, 135, 154, 15, 16, 137, 200, 82, 57, 73, 180, 166, 173, 230, 85, 54, 204, 64, 0]
Volume: 12.4491
Cost: 3726
Route: [0, 165, 248, 224, 218, 1, 169, 106, 176, 249, 95, 167, 116, 188, 30, 182, 51, 68, 80, 102, 74, 175, 235, 247, 83, 221, 98, 103, 216, 81, 189, 212, 58, 196, 44, 47, 159, 40, 39, 37, 8, 209, 75, 243, 49, 238, 147, 5, 144, 118, 210, 186, 208, 0]
Volume: 11.657
Cost: 6552
Route: [0, 12, 245, 192, 91, 193, 92, 125, 63, 46, 121, 23, 42, 117, 143, 246, 2, 72, 25, 70, 9, 50, 32, 215, 161, 107, 101, 124, 198, 97, 110, 18, 157, 237, 164, 14, 66, 21, 114, 11, 183, 181, 88, 141, 90, 77, 60, 226, 179, 0]
Volume: 10.8152
Cost: 7745
