OFV: 39814.0

Route: [0, 32, 229, 1, 103, 130, 104, 66, 180, 113, 118, 93, 186, 13, 73, 35, 238, 53, 221, 132, 81, 171, 47, 162, 135, 48, 194, 159, 0]
Volume: 4.969
Cost: 5254
Route: [0, 224, 133, 156, 142, 117, 177, 21, 71, 218, 28, 51, 170, 160, 54, 5, 233, 95, 134, 88, 82, 68, 0]
Volume: 4.903
Cost: 3428
Route: [0, 205, 234, 220, 246, 37, 174, 231, 235, 69, 76, 38, 147, 74, 40, 70, 126, 9, 207, 0]
Volume: 4.991
Cost: 3461
Route: [0, 141, 94, 195, 129, 36, 210, 185, 101, 123, 92, 67, 183, 19, 169, 179, 97, 175, 239, 116, 23, 0]
Volume: 4.9061
Cost: 2905
Route: [0, 136, 237, 188, 33, 215, 204, 161, 11, 31, 14, 176, 223, 30, 144, 6, 236, 26, 0]
Volume: 5.0
Cost: 3732
Route: [0, 192, 24, 18, 230, 45, 102, 119, 209, 64, 16, 140, 90, 165, 83, 211, 241, 168, 247, 178, 17, 0]
Volume: 4.9722
Cost: 1649
Route: [0, 167, 172, 8, 77, 187, 248, 227, 155, 55, 150, 115, 58, 182, 245, 225, 100, 122, 27, 0]
Volume: 4.9571
Cost: 3778
Route: [0, 121, 61, 57, 232, 184, 80, 79, 86, 110, 62, 197, 200, 7, 59, 151, 217, 29, 60, 128, 189, 127, 212, 75, 105, 112, 0]
Volume: 4.969
Cost: 3343
Route: [0, 114, 145, 138, 89, 85, 44, 52, 98, 84, 3, 22, 87, 91, 242, 206, 219, 214, 199, 139, 190, 46, 56, 0]
Volume: 4.984
Cost: 3573
Route: [0, 72, 152, 198, 10, 193, 164, 34, 202, 196, 166, 106, 213, 63, 124, 50, 43, 208, 4, 107, 153, 173, 203, 158, 226, 78, 25, 0]
Volume: 4.9571
Cost: 3427
Route: [0, 216, 120, 191, 125, 148, 143, 2, 146, 131, 108, 157, 12, 42, 228, 222, 243, 96, 149, 0]
Volume: 4.878
Cost: 2834
Route: [0, 201, 137, 49, 99, 244, 15, 240, 39, 65, 249, 163, 111, 109, 154, 41, 181, 20, 0]
Volume: 4.9371
Cost: 2430
