OFV: 35057.0

Route: [0, 53, 1, 29, 59, 3, 47, 23, 50, 8, 64, 11, 0]
Volume: 4.826
Cost: 3174
Route: [0, 74, 56, 67, 32, 58, 28, 73, 45, 62, 0]
Volume: 4.446
Cost: 3337
Route: [0, 57, 36, 40, 31, 49, 66, 69, 0]
Volume: 4.876
Cost: 3272
Route: [0, 27, 33, 34, 18, 55, 63, 0]
Volume: 3.126
Cost: 4339
Route: [0, 21, 71, 38, 4, 72, 7, 30, 26, 10, 39, 0]
Volume: 4.898
Cost: 3561
Route: [0, 17, 60, 15, 2, 12, 6, 35, 37, 20, 25, 0]
Volume: 4.856
Cost: 3263
Route: [0, 19, 14, 68, 13, 61, 41, 46, 54, 9, 0]
Volume: 3.756
Cost: 5026
Route: [0, 43, 16, 24, 42, 48, 5, 65, 22, 44, 52, 51, 70, 0]
Volume: 4.866
Cost: 9085
