OFV: 14543.0

Route: [0, 77, 44, 8, 74, 53, 55, 34, 78, 61, 3, 97, 83, 58, 6, 20, 26, 45, 49, 9, 52, 24, 28, 92, 71, 10, 1, 23, 82, 33, 12, 56, 0]
Volume: 4.618
Cost: 6477
Route: [0, 15, 69, 19, 96, 80, 86, 29, 79, 67, 22, 25, 76, 18, 2, 27, 35, 16, 81, 13, 91, 85, 38, 14, 88, 50, 64, 11, 59, 39, 57, 93, 60, 0]
Volume: 4.202
Cost: 4501
Route: [0, 66, 5, 70, 62, 21, 7, 51, 90, 63, 48, 54, 84, 30, 99, 41, 94, 31, 72, 32, 36, 42, 4, 47, 68, 98, 73, 65, 17, 75, 87, 43, 40, 37, 89, 95, 46, 0]
Volume: 4.1315
Cost: 3565
