OFV: 248486.0

Route: [0, 59, 92, 157, 133, 127, 196, 131, 25, 107, 103, 67, 156, 29, 120, 71, 184, 190, 16, 21, 144, 105, 191, 125, 122, 12, 10, 132, 23, 33, 247, 69, 50, 44, 30, 217, 167, 176, 200, 231, 9, 218, 172, 0]
Volume: 9.153
Cost: 30221
Route: [0, 171, 204, 221, 158, 28, 8, 219, 224, 228, 24, 84, 174, 194, 129, 137, 210, 139, 47, 159, 116, 41, 85, 230, 161, 0]
Volume: 6.2269
Cost: 19119
Route: [0, 128, 149, 140, 13, 237, 52, 15, 192, 166, 188, 82, 66, 147, 186, 242, 118, 32, 151, 155, 89, 197, 6, 235, 181, 14, 63, 203, 187, 142, 22, 3, 173, 246, 134, 75, 227, 245, 179, 49, 102, 31, 113, 195, 2, 39, 34, 98, 150, 165, 202, 70, 0]
Volume: 12.3373
Cost: 47479
Route: [0, 199, 96, 169, 83, 135, 152, 97, 208, 213, 37, 86, 99, 182, 215, 1, 76, 90, 100, 216, 154, 61, 170, 4, 249, 11, 18, 162, 214, 225, 222, 209, 119, 7, 126, 108, 248, 123, 27, 160, 87, 53, 193, 0]
Volume: 12.218
Cost: 59149
Route: [0, 78, 19, 138, 68, 239, 51, 238, 185, 106, 111, 94, 112, 93, 80, 114, 88, 60, 141, 211, 205, 58, 117, 79, 243, 38, 178, 220, 232, 26, 163, 5, 48, 109, 226, 244, 95, 183, 212, 115, 164, 62, 136, 0]
Volume: 12.4882
Cost: 44951
Route: [0, 73, 64, 35, 206, 56, 130, 189, 65, 223, 43, 198, 236, 234, 229, 46, 201, 20, 45, 40, 168, 36, 180, 74, 81, 55, 104, 153, 54, 17, 77, 57, 91, 207, 175, 233, 148, 145, 240, 121, 241, 72, 146, 42, 124, 110, 177, 143, 101, 0]
Volume: 11.387
Cost: 47567
