OFV: 668640.0

Route: [0, 41, 441, 2, 109, 411, 419, 311, 46, 60, 182, 124, 95, 45, 176, 180, 459, 183, 336, 393, 0]
Volume: 4.9771
Cost: 17452
Route: [0, 169, 116, 37, 277, 487, 165, 266, 382, 226, 230, 87, 12, 264, 163, 324, 201, 0]
Volume: 4.638
Cost: 27029
Route: [0, 83, 9, 275, 69, 481, 332, 323, 271, 290, 492, 74, 228, 454, 187, 401, 193, 329, 166, 467, 483, 404, 278, 376, 167, 143, 475, 0]
Volume: 4.9961
Cost: 42779
Route: [0, 155, 305, 414, 21, 168, 153, 211, 371, 406, 425, 133, 256, 443, 432, 307, 460, 0]
Volume: 4.702
Cost: 30861
Route: [0, 464, 23, 325, 306, 434, 343, 291, 57, 172, 196, 319, 141, 304, 213, 413, 51, 316, 177, 0]
Volume: 4.879
Cost: 31703
Route: [0, 486, 1, 90, 374, 361, 426, 246, 417, 151, 262, 79, 488, 446, 358, 112, 0]
Volume: 4.935
Cost: 22004
Route: [0, 491, 15, 468, 225, 402, 253, 8, 149, 424, 416, 190, 403, 202, 276, 97, 422, 106, 125, 292, 389, 303, 119, 104, 447, 0]
Volume: 4.981
Cost: 27188
Route: [0, 284, 484, 43, 82, 231, 379, 391, 114, 346, 205, 175, 439, 465, 257, 162, 178, 489, 312, 99, 0]
Volume: 4.769
Cost: 23691
Route: [0, 259, 236, 247, 145, 420, 188, 243, 367, 123, 220, 258, 315, 31, 412, 408, 444, 128, 186, 191, 0]
Volume: 4.838
Cost: 30314
Route: [0, 217, 10, 126, 410, 147, 25, 261, 185, 135, 494, 173, 229, 295, 399, 152, 159, 181, 75, 458, 314, 387, 335, 353, 283, 378, 160, 0]
Volume: 4.992
Cost: 36258
Route: [0, 470, 351, 438, 65, 293, 170, 63, 140, 392, 423, 238, 20, 445, 96, 174, 485, 395, 237, 386, 121, 0]
Volume: 4.969
Cost: 21034
Route: [0, 409, 209, 76, 77, 466, 80, 93, 359, 274, 435, 47, 157, 6, 372, 189, 248, 137, 107, 298, 0]
Volume: 4.9991
Cost: 26185
Route: [0, 463, 40, 362, 67, 232, 222, 366, 322, 428, 250, 241, 42, 477, 321, 474, 70, 224, 102, 195, 56, 0]
Volume: 4.926
Cost: 24107
Route: [0, 450, 255, 223, 355, 273, 54, 289, 281, 397, 192, 407, 215, 203, 360, 310, 482, 52, 5, 171, 72, 268, 158, 161, 105, 0]
Volume: 4.9701
Cost: 21280
Route: [0, 282, 91, 235, 239, 53, 497, 390, 436, 388, 380, 38, 473, 427, 251, 385, 0]
Volume: 4.988
Cost: 25356
Route: [0, 64, 142, 478, 452, 49, 81, 26, 301, 433, 383, 498, 363, 429, 122, 286, 384, 449, 150, 129, 341, 377, 71, 7, 493, 85, 0]
Volume: 4.9542
Cost: 32276
Route: [0, 369, 448, 242, 0]
Volume: 0.852
Cost: 5563
Route: [0, 496, 328, 287, 35, 442, 148, 197, 179, 115, 154, 208, 490, 120, 36, 117, 451, 479, 280, 0]
Volume: 4.45
Cost: 27186
Route: [0, 194, 184, 457, 61, 144, 469, 313, 297, 272, 207, 48, 139, 270, 17, 110, 365, 405, 342, 58, 337, 11, 455, 415, 3, 244, 214, 265, 299, 73, 327, 39, 0]
Volume: 4.962
Cost: 35182
Route: [0, 27, 44, 471, 132, 55, 111, 50, 254, 156, 108, 339, 33, 131, 227, 30, 103, 356, 19, 0]
Volume: 4.977
Cost: 20501
Route: [0, 318, 218, 245, 206, 396, 267, 146, 440, 456, 86, 22, 212, 24, 333, 240, 252, 62, 101, 453, 373, 352, 66, 0]
Volume: 4.8201
Cost: 24481
Route: [0, 130, 308, 200, 94, 344, 331, 357, 400, 204, 249, 349, 381, 219, 263, 394, 472, 330, 14, 320, 480, 0]
Volume: 4.9802
Cost: 28304
Route: [0, 13, 134, 294, 495, 16, 430, 233, 285, 78, 334, 340, 326, 269, 398, 164, 375, 18, 462, 364, 476, 421, 300, 100, 0]
Volume: 4.9611
Cost: 34384
Route: [0, 309, 302, 29, 210, 347, 431, 368, 88, 317, 350, 338, 345, 260, 348, 92, 296, 136, 127, 4, 32, 0]
Volume: 4.886
Cost: 22452
Route: [0, 34, 234, 418, 118, 59, 28, 499, 216, 370, 221, 437, 89, 199, 84, 279, 138, 288, 113, 354, 198, 98, 461, 68, 0]
Volume: 4.9391
Cost: 31070
