OFV: 344356.0

Route: [0, 225, 229, 144, 243, 2, 15, 185, 148, 8, 194, 248, 82, 165, 192, 119, 71, 81, 31, 223, 224, 142, 16, 78, 171, 29, 247, 32, 131, 213, 58, 222, 201, 37, 231, 120, 209, 55, 210, 57, 21, 27, 193, 7, 130, 110, 143, 170, 228, 24, 100, 121, 240, 172, 98, 169, 1, 28, 83, 68, 92, 242, 175, 99, 107, 190, 181, 140, 238, 126, 211, 60, 164, 161, 246, 249, 6, 84, 50, 4, 88, 159, 205, 124, 0]
Volume: 10.0106
Cost: 108456
Route: [0, 10, 134, 79, 139, 138, 38, 95, 3, 11, 206, 167, 23, 74, 132, 145, 40, 219, 102, 212, 218, 77, 203, 186, 63, 127, 59, 89, 166, 30, 221, 61, 157, 87, 147, 106, 198, 232, 65, 151, 128, 133, 113, 115, 244, 96, 154, 141, 80, 93, 19, 103, 72, 76, 25, 183, 163, 12, 18, 235, 117, 123, 191, 227, 66, 116, 155, 129, 237, 70, 91, 22, 150, 104, 105, 9, 197, 67, 182, 207, 108, 245, 5, 13, 26, 214, 241, 215, 156, 195, 136, 112, 118, 0]
Volume: 10.9492
Cost: 120680
Route: [0, 48, 162, 41, 233, 33, 49, 54, 204, 47, 125, 52, 44, 184, 109, 188, 158, 176, 86, 114, 216, 178, 236, 111, 101, 187, 20, 64, 56, 230, 94, 97, 226, 122, 137, 39, 174, 234, 35, 62, 208, 149, 146, 69, 14, 200, 217, 34, 17, 189, 179, 153, 173, 42, 196, 75, 152, 180, 239, 160, 202, 43, 168, 45, 135, 46, 53, 85, 90, 199, 177, 220, 73, 51, 36, 0]
Volume: 8.0239
Cost: 115220
