OFV: 222151.0

Route: [0, 77, 88, 92, 86, 70, 43, 97, 10, 96, 3, 27, 55, 53, 45, 25, 29, 20, 78, 57, 28, 83, 90, 0]
Volume: 11.6702
Cost: 48532
Route: [0, 91, 24, 73, 37, 23, 18, 65, 1, 61, 94, 7, 69, 5, 30, 33, 58, 6, 95, 82, 50, 14, 60, 93, 0]
Volume: 11.6441
Cost: 53463
Route: [0, 40, 26, 62, 35, 85, 67, 89, 56, 68, 66, 99, 49, 51, 48, 15, 98, 46, 76, 80, 34, 0]
Volume: 12.476
Cost: 42781
Route: [0, 9, 11, 31, 32, 21, 44, 4, 87, 54, 13, 71, 36, 2, 22, 79, 19, 38, 84, 42, 8, 64, 0]
Volume: 12.4162
Cost: 45557
Route: [0, 72, 17, 63, 59, 75, 16, 39, 81, 52, 47, 41, 12, 74, 0]
Volume: 6.064
Cost: 31818
