OFV: 385878.0

Route: [0, 86, 25, 27, 65, 99, 73, 45, 0]
Volume: 4.9481
Cost: 36691
Route: [0, 28, 50, 84, 56, 64, 37, 93, 13, 95, 72, 0]
Volume: 4.814
Cost: 44610
Route: [0, 43, 59, 6, 18, 67, 80, 94, 22, 39, 49, 53, 87, 0]
Volume: 4.8242
Cost: 52169
Route: [0, 44, 79, 7, 97, 47, 41, 46, 26, 85, 10, 0]
Volume: 4.938
Cost: 28133
Route: [0, 9, 70, 82, 30, 33, 51, 31, 83, 96, 69, 1, 0]
Volume: 4.9461
Cost: 48276
Route: [0, 36, 29, 74, 62, 48, 81, 55, 35, 63, 14, 66, 0]
Volume: 4.906
Cost: 29219
Route: [0, 61, 89, 54, 24, 5, 68, 0]
Volume: 4.326
Cost: 26716
Route: [0, 32, 91, 38, 4, 52, 77, 78, 75, 12, 0]
Volume: 4.948
Cost: 44021
Route: [0, 57, 34, 21, 11, 19, 90, 71, 23, 60, 0]
Volume: 4.8421
Cost: 34189
Route: [0, 76, 8, 3, 20, 17, 92, 16, 88, 98, 15, 2, 40, 58, 42, 0]
Volume: 4.948
Cost: 41854
