OFV: 244373.0

Route: [0, 4, 57, 22, 45, 60, 79, 39, 51, 66, 47, 23, 68, 78, 89, 31, 40, 54, 88, 50, 28, 8, 0]
Volume: 12.0661
Cost: 53333
Route: [0, 18, 42, 72, 99, 86, 9, 25, 85, 20, 5, 71, 12, 94, 84, 58, 21, 19, 62, 63, 69, 95, 91, 16, 77, 80, 6, 98, 7, 0]
Volume: 12.3242
Cost: 53582
Route: [0, 37, 35, 41, 67, 56, 74, 92, 70, 48, 55, 36, 64, 17, 15, 32, 33, 30, 59, 76, 65, 27, 14, 96, 93, 3, 87, 75, 53, 11, 1, 24, 34, 52, 38, 90, 0]
Volume: 11.8481
Cost: 69259
Route: [0, 2, 43, 73, 81, 83, 26, 13, 46, 97, 10, 61, 44, 29, 49, 82, 0]
Volume: 10.9921
Cost: 68199
