OFV: 330455.0

Route: [0, 55, 10, 95, 34, 91, 81, 20, 79, 23, 72, 90, 77, 1, 0]
Volume: 4.316
Cost: 27559
Route: [0, 67, 70, 73, 7, 68, 24, 6, 57, 0]
Volume: 4.802
Cost: 30765
Route: [0, 56, 61, 98, 19, 47, 40, 96, 75, 28, 0]
Volume: 4.582
Cost: 32319
Route: [0, 12, 11, 83, 26, 39, 82, 60, 80, 53, 0]
Volume: 4.372
Cost: 38973
Route: [0, 76, 89, 38, 37, 94, 4, 64, 58, 97, 59, 14, 88, 27, 62, 0]
Volume: 4.7941
Cost: 44393
Route: [0, 32, 13, 45, 92, 25, 18, 65, 42, 30, 31, 15, 2, 43, 0]
Volume: 4.868
Cost: 43580
Route: [0, 44, 21, 51, 49, 84, 29, 8, 0]
Volume: 4.42
Cost: 16792
Route: [0, 5, 17, 36, 22, 69, 78, 0]
Volume: 4.76
Cost: 34570
Route: [0, 85, 52, 93, 74, 86, 46, 33, 35, 87, 16, 9, 71, 41, 54, 0]
Volume: 4.8661
Cost: 36651
Route: [0, 48, 66, 3, 50, 99, 63, 0]
Volume: 4.926
Cost: 24853
