OFV: 10434.0

Route: [0, 67, 92, 70, 85, 16, 40, 78, 63, 60, 73, 10, 89, 21, 9, 50, 80, 77, 49, 38, 64, 52, 47, 39, 94, 90, 2, 25, 3, 51, 31, 11, 48, 42, 68, 0]
Volume: 4.872
Cost: 1752
Route: [0, 12, 75, 35, 88, 15, 43, 58, 71, 46, 17, 23, 34, 45, 7, 29, 26, 62, 6, 27, 74, 24, 37, 65, 55, 93, 18, 57, 33, 82, 5, 56, 8, 32, 66, 86, 0]
Volume: 4.6235
Cost: 3435
Route: [0, 81, 95, 84, 76, 53, 1, 14, 91, 20, 30, 79, 54, 61, 72, 98, 97, 99, 28, 59, 41, 96, 19, 13, 36, 87, 4, 83, 22, 69, 44, 0]
Volume: 4.3265
Cost: 5247
