OFV: 433178.0

Route: [0, 89, 45, 42, 91, 46, 21, 84, 90, 82, 57, 76, 69, 64, 2, 32, 96, 48, 97, 11, 73, 28, 0]
Volume: 12.472
Cost: 71327
Route: [0, 88, 25, 19, 47, 55, 16, 68, 31, 29, 18, 40, 54, 34, 4, 43, 87, 92, 52, 80, 63, 17, 74, 0]
Volume: 12.4941
Cost: 91761
Route: [0, 30, 24, 77, 0]
Volume: 4.238
Cost: 44428
Route: [0, 7, 59, 5, 38, 95, 65, 9, 22, 51, 99, 15, 60, 75, 93, 49, 20, 37, 23, 1, 53, 79, 86, 85, 72, 58, 56, 0]
Volume: 12.4901
Cost: 90317
Route: [0, 12, 70, 78, 50, 71, 61, 39, 36, 10, 26, 14, 94, 13, 67, 3, 62, 66, 27, 98, 35, 41, 8, 81, 33, 6, 44, 83, 0]
Volume: 12.374
Cost: 135345
