OFV: 31649.0

Route: [0, 51, 71, 9, 134, 78, 133, 231, 168, 18, 114, 196, 82, 178, 79, 91, 192, 243, 43, 236, 21, 166, 222, 119, 144, 20, 205, 1, 191, 225, 143, 47, 130, 194, 163, 29, 149, 217, 27, 86, 113, 45, 48, 158, 24, 245, 129, 164, 99, 151, 159, 4, 37, 184, 232, 25, 115, 138, 68, 109, 32, 106, 102, 90, 52, 57, 39, 103, 188, 183, 77, 201, 249, 248, 40, 123, 98, 157, 171, 87, 234, 182, 2, 172, 85, 224, 179, 72, 165, 107, 215, 223, 177, 42, 65, 0]
Volume: 12.137
Cost: 10808
Route: [0, 127, 30, 76, 198, 55, 116, 135, 38, 100, 128, 247, 63, 33, 53, 241, 145, 126, 147, 237, 180, 189, 80, 44, 148, 83, 125, 211, 6, 229, 206, 3, 174, 117, 167, 96, 195, 197, 121, 186, 118, 161, 136, 139, 49, 169, 141, 60, 239, 92, 120, 202, 67, 204, 104, 56, 28, 75, 17, 228, 242, 23, 162, 15, 11, 146, 220, 235, 105, 156, 187, 22, 124, 219, 101, 244, 190, 152, 19, 153, 74, 240, 132, 46, 54, 97, 64, 142, 14, 10, 88, 0]
Volume: 10.6182
Cost: 10900
Route: [0, 154, 7, 8, 50, 59, 199, 137, 246, 12, 94, 212, 203, 207, 185, 5, 227, 170, 226, 36, 84, 26, 73, 69, 108, 181, 150, 89, 176, 216, 93, 95, 175, 61, 34, 122, 233, 221, 208, 214, 160, 140, 16, 13, 31, 213, 193, 70, 210, 230, 35, 110, 238, 81, 173, 62, 58, 112, 209, 200, 131, 218, 66, 155, 111, 41, 0]
Volume: 9.1938
Cost: 9941
