OFV: 382355.0

Route: [0, 103, 111, 127, 172, 66, 190, 32, 203, 238, 65, 244, 181, 158, 200, 215, 50, 159, 106, 199, 245, 92, 89, 148, 196, 133, 223, 246, 130, 136, 2, 154, 16, 85, 168, 204, 0]
Volume: 7.462
Cost: 46869
Route: [0, 27, 41, 183, 137, 109, 13, 217, 124, 205, 214, 57, 18, 176, 210, 182, 165, 241, 248, 4, 156, 206, 104, 15, 7, 87, 169, 145, 219, 139, 129, 72, 201, 22, 128, 220, 212, 153, 187, 221, 249, 144, 71, 122, 235, 73, 9, 197, 134, 81, 150, 236, 0]
Volume: 12.2302
Cost: 75050
Route: [0, 25, 142, 213, 102, 117, 67, 44, 208, 185, 118, 62, 63, 61, 26, 233, 247, 239, 230, 58, 193, 97, 11, 6, 78, 121, 75, 180, 218, 70, 157, 37, 170, 93, 45, 163, 24, 33, 184, 42, 5, 228, 55, 209, 28, 52, 0]
Volume: 11.949
Cost: 84360
Route: [0, 240, 186, 80, 77, 101, 43, 69, 36, 21, 49, 20, 14, 178, 146, 74, 60, 82, 237, 194, 120, 225, 143, 167, 166, 113, 126, 40, 132, 34, 160, 131, 138, 192, 99, 162, 64, 173, 177, 222, 234, 202, 179, 59, 151, 54, 3, 135, 35, 112, 8, 17, 39, 229, 107, 211, 242, 195, 0]
Volume: 12.4581
Cost: 83373
Route: [0, 108, 56, 96, 188, 1, 51, 12, 88, 152, 155, 149, 29, 189, 90, 227, 95, 68, 141, 191, 164, 140, 76, 224, 232, 10, 100, 30, 47, 38, 226, 79, 86, 161, 125, 48, 171, 147, 115, 119, 31, 216, 231, 91, 110, 174, 243, 98, 83, 123, 53, 207, 175, 105, 94, 23, 46, 19, 198, 114, 116, 84, 0]
Volume: 12.392
Cost: 92703
