OFV: 37690.0

Route: [0, 31, 94, 91, 60, 74, 84, 97, 20, 3, 86, 93, 55, 14, 52, 4, 68, 9, 40, 67, 23, 28, 0]
Volume: 12.4181
Cost: 9675
Route: [0, 59, 72, 15, 69, 18, 88, 85, 6, 30, 83, 63, 53, 26, 12, 54, 82, 78, 98, 76, 81, 0]
Volume: 11.952
Cost: 8263
Route: [0, 10, 32, 46, 99, 56, 33, 1, 34, 8, 58, 50, 62, 35, 13, 17, 79, 57, 96, 38, 37, 21, 71, 22, 87, 0]
Volume: 10.5801
Cost: 6798
Route: [0, 51, 44, 65, 77, 42, 45, 0]
Volume: 5.14
Cost: 2526
Route: [0, 16, 47, 39, 92, 25, 36, 2, 95, 75, 61, 41, 27, 64, 66, 24, 89, 29, 19, 90, 73, 7, 5, 43, 48, 49, 70, 11, 80, 0]
Volume: 11.5441
Cost: 10428
