OFV: 737641.0

Route: [0, 187, 45, 146, 210, 124, 31, 86, 247, 228, 197, 103, 30, 230, 160, 163, 244, 149, 102, 173, 56, 219, 65, 23, 141, 171, 208, 0]
Volume: 12.3501
Cost: 83268
Route: [0, 117, 34, 121, 27, 111, 18, 9, 172, 154, 182, 82, 156, 72, 191, 59, 221, 15, 195, 21, 236, 83, 229, 128, 179, 47, 108, 177, 137, 109, 164, 115, 215, 79, 212, 105, 26, 0]
Volume: 12.3541
Cost: 81375
Route: [0, 97, 184, 180, 106, 224, 151, 234, 145, 61, 220, 169, 199, 36, 233, 174, 43, 158, 93, 122, 64, 231, 52, 107, 226, 77, 11, 29, 198, 94, 0]
Volume: 11.16
Cost: 61564
Route: [0, 188, 193, 218, 196, 16, 162, 96, 24, 153, 87, 53, 150, 143, 200, 133, 73, 104, 88, 6, 181, 41, 95, 241, 194, 205, 217, 58, 192, 0]
Volume: 12.458
Cost: 101573
Route: [0, 33, 75, 44, 110, 42, 32, 62, 99, 185, 54, 126, 148, 118, 57, 28, 60, 125, 78, 120, 237, 101, 130, 232, 38, 213, 0]
Volume: 12.216
Cost: 75817
Route: [0, 3, 159, 66, 7, 76, 123, 170, 37, 139, 48, 178, 214, 242, 80, 152, 147, 5, 165, 85, 216, 201, 49, 161, 46, 2, 202, 245, 203, 0]
Volume: 12.418
Cost: 78954
Route: [0, 243, 71, 239, 116, 25, 12, 176, 19, 189, 175, 74, 209, 227, 225, 90, 136, 132, 91, 113, 246, 183, 240, 204, 0]
Volume: 12.2063
Cost: 78729
Route: [0, 144, 63, 98, 168, 20, 134, 84, 55, 8, 13, 131, 157, 238, 140, 17, 89, 167, 129, 166, 4, 39, 190, 211, 206, 112, 22, 249, 186, 223, 0]
Volume: 12.3779
Cost: 102578
Route: [0, 81, 100, 135, 155, 50, 70, 69, 68, 138, 35, 67, 92, 40, 119, 142, 207, 1, 10, 51, 222, 127, 248, 235, 14, 114, 0]
Volume: 11.7941
Cost: 73783
