OFV: 243894.0

Route: [0, 332, 95, 370, 147, 115, 51, 423, 0]
Volume: 4.996
Cost: 4395
Route: [0, 184, 489, 96, 227, 350, 384, 309, 60, 0]
Volume: 4.872
Cost: 2866
Route: [0, 159, 200, 304, 150, 52, 308, 185, 30, 0]
Volume: 4.746
Cost: 4250
Route: [0, 78, 211, 238, 430, 108, 450, 0]
Volume: 4.986
Cost: 4255
Route: [0, 277, 355, 420, 111, 24, 81, 406, 138, 110, 0]
Volume: 4.8321
Cost: 5124
Route: [0, 314, 369, 469, 391, 372, 15, 77, 380, 476, 0]
Volume: 4.646
Cost: 5360
Route: [0, 136, 262, 32, 133, 12, 122, 109, 208, 0]
Volume: 4.7261
Cost: 5163
Route: [0, 397, 248, 53, 381, 455, 0]
Volume: 4.306
Cost: 3353
Route: [0, 467, 459, 354, 356, 129, 18, 0]
Volume: 4.96
Cost: 3698
Route: [0, 212, 457, 254, 29, 194, 422, 412, 251, 49, 0]
Volume: 4.98
Cost: 2993
Route: [0, 154, 151, 90, 456, 247, 146, 155, 306, 142, 79, 0]
Volume: 4.9363
Cost: 3106
Route: [0, 263, 265, 153, 479, 474, 339, 318, 491, 310, 253, 403, 439, 0]
Volume: 4.8701
Cost: 5998
Route: [0, 446, 432, 475, 334, 386, 84, 3, 373, 458, 379, 477, 70, 0]
Volume: 4.494
Cost: 4690
Route: [0, 276, 305, 75, 201, 331, 163, 295, 4, 435, 0]
Volume: 4.99
Cost: 3472
Route: [0, 433, 451, 55, 418, 65, 9, 72, 31, 0]
Volume: 4.702
Cost: 3520
Route: [0, 243, 220, 183, 174, 362, 195, 0]
Volume: 3.6081
Cost: 3365
Route: [0, 440, 266, 112, 482, 54, 225, 424, 166, 387, 385, 140, 0]
Volume: 4.938
Cost: 5849
Route: [0, 299, 410, 415, 285, 244, 214, 493, 289, 0]
Volume: 4.82
Cost: 4355
Route: [0, 345, 293, 47, 351, 269, 336, 27, 407, 235, 148, 182, 0]
Volume: 4.792
Cost: 5514
Route: [0, 61, 232, 495, 284, 322, 366, 104, 13, 88, 102, 237, 449, 0]
Volume: 4.972
Cost: 5506
Route: [0, 499, 404, 161, 120, 413, 16, 416, 99, 315, 465, 26, 271, 119, 464, 0]
Volume: 4.762
Cost: 4346
Route: [0, 83, 368, 156, 222, 87, 160, 442, 447, 165, 426, 137, 0]
Volume: 4.658
Cost: 4975
Route: [0, 346, 359, 105, 199, 278, 471, 259, 67, 206, 0]
Volume: 4.492
Cost: 2661
Route: [0, 234, 175, 448, 390, 69, 170, 113, 274, 21, 189, 400, 145, 0]
Volume: 4.786
Cost: 5093
Route: [0, 135, 213, 62, 353, 329, 162, 409, 0]
Volume: 4.324
Cost: 4657
Route: [0, 425, 255, 233, 444, 300, 172, 44, 270, 17, 291, 282, 0]
Volume: 4.97
Cost: 7970
Route: [0, 28, 41, 117, 484, 240, 481, 337, 19, 103, 0]
Volume: 4.81
Cost: 4340
Route: [0, 131, 226, 6, 352, 292, 343, 242, 340, 382, 126, 132, 288, 7, 0]
Volume: 4.852
Cost: 5866
Route: [0, 20, 256, 454, 245, 320, 494, 86, 0]
Volume: 4.9819
Cost: 7015
Route: [0, 45, 275, 204, 335, 441, 267, 466, 0]
Volume: 4.944
Cost: 4321
Route: [0, 8, 252, 417, 198, 326, 294, 221, 134, 144, 396, 478, 192, 0]
Volume: 4.86
Cost: 4986
Route: [0, 392, 91, 224, 205, 312, 301, 408, 428, 0]
Volume: 4.852
Cost: 4014
Route: [0, 116, 149, 59, 40, 250, 43, 349, 321, 239, 114, 217, 0]
Volume: 4.5161
Cost: 3402
Route: [0, 218, 141, 421, 419, 93, 324, 100, 48, 97, 177, 348, 492, 196, 216, 219, 485, 0]
Volume: 4.906
Cost: 8221
Route: [0, 427, 74, 429, 101, 260, 176, 311, 488, 498, 215, 0]
Volume: 4.874
Cost: 4767
Route: [0, 139, 38, 374, 207, 402, 14, 56, 164, 371, 496, 76, 230, 2, 472, 383, 0]
Volume: 4.942
Cost: 3792
Route: [0, 486, 487, 280, 434, 378, 0]
Volume: 4.8779
Cost: 2543
Route: [0, 68, 307, 173, 401, 188, 268, 360, 0]
Volume: 4.5281
Cost: 2171
Route: [0, 168, 393, 167, 319, 130, 127, 229, 0]
Volume: 4.96
Cost: 5408
Route: [0, 128, 261, 302, 463, 190, 169, 107, 367, 209, 437, 327, 180, 246, 461, 0]
Volume: 4.918
Cost: 6415
Route: [0, 94, 66, 121, 389, 82, 197, 338, 0]
Volume: 4.88
Cost: 5341
Route: [0, 5, 89, 431, 124, 398, 330, 71, 63, 236, 33, 46, 0]
Volume: 4.938
Cost: 3678
Route: [0, 143, 11, 283, 228, 357, 157, 0]
Volume: 4.674
Cost: 4856
Route: [0, 333, 453, 365, 363, 405, 490, 325, 1, 50, 480, 223, 258, 0]
Volume: 4.8381
Cost: 6187
Route: [0, 281, 171, 92, 395, 58, 10, 411, 0]
Volume: 4.9681
Cost: 4710
Route: [0, 187, 231, 23, 297, 296, 317, 186, 257, 73, 497, 35, 36, 483, 323, 0]
Volume: 4.7021
Cost: 5138
Route: [0, 445, 286, 394, 388, 118, 202, 152, 0]
Volume: 4.474
Cost: 3619
Route: [0, 42, 181, 57, 272, 279, 80, 210, 85, 462, 98, 106, 0]
Volume: 4.966
Cost: 5094
Route: [0, 361, 341, 399, 264, 290, 375, 344, 37, 438, 0]
Volume: 4.986
Cost: 4750
Route: [0, 25, 241, 364, 303, 347, 273, 328, 249, 460, 178, 0]
Volume: 4.6
Cost: 4036
Route: [0, 191, 298, 358, 158, 313, 468, 22, 316, 473, 377, 64, 436, 179, 414, 470, 0]
Volume: 5.0
Cost: 8350
Route: [0, 376, 123, 203, 193, 443, 342, 287, 452, 39, 125, 34, 0]
Volume: 4.92
Cost: 4340
