OFV: 806999.0

Route: [0, 178, 460, 359, 212, 457, 279, 272, 181, 57, 29, 194, 422, 70, 151, 90, 456, 247, 146, 155, 306, 142, 254, 79, 80, 383, 182, 249, 328, 273, 241, 364, 303, 347, 25, 106, 98, 0]
Volume: 9.0012
Cost: 72471
Route: [0, 470, 5, 114, 149, 116, 59, 250, 40, 217, 89, 431, 124, 43, 349, 321, 239, 398, 330, 71, 63, 356, 451, 65, 459, 354, 467, 240, 484, 117, 140, 41, 205, 301, 440, 266, 379, 477, 458, 412, 251, 49, 128, 280, 487, 434, 486, 210, 85, 462, 0]
Volume: 12.2222
Cost: 57080
Route: [0, 173, 307, 86, 361, 231, 94, 23, 297, 119, 289, 413, 185, 308, 52, 499, 150, 304, 404, 20, 494, 197, 121, 82, 389, 338, 216, 196, 448, 390, 175, 382, 126, 132, 292, 343, 242, 340, 288, 480, 223, 291, 403, 253, 310, 491, 153, 479, 144, 495, 284, 366, 443, 123, 193, 28, 376, 199, 0]
Volume: 12.173
Cost: 95720
Route: [0, 409, 152, 83, 137, 432, 3, 334, 373, 204, 115, 51, 260, 415, 200, 214, 493, 416, 16, 99, 465, 26, 315, 271, 120, 161, 274, 170, 113, 21, 145, 189, 69, 400, 219, 186, 277, 355, 420, 257, 36, 483, 323, 35, 497, 73, 66, 296, 317, 344, 438, 37, 0]
Volume: 12.4002
Cost: 81155
Route: [0, 206, 30, 263, 282, 229, 450, 445, 394, 286, 461, 218, 476, 61, 232, 134, 221, 294, 326, 8, 293, 228, 357, 157, 414, 213, 62, 162, 329, 353, 135, 139, 38, 207, 14, 374, 402, 56, 496, 164, 371, 76, 154, 230, 2, 472, 42, 378, 345, 34, 346, 278, 0]
Volume: 12.261
Cost: 85642
Route: [0, 259, 67, 131, 211, 78, 58, 395, 281, 171, 92, 176, 332, 275, 335, 441, 267, 453, 365, 405, 325, 363, 1, 50, 372, 77, 15, 380, 478, 322, 336, 269, 27, 47, 351, 39, 452, 287, 104, 13, 143, 125, 88, 102, 449, 191, 224, 91, 392, 208, 489, 227, 96, 384, 168, 471, 31, 0]
Volume: 12.3401
Cost: 69674
Route: [0, 129, 45, 237, 11, 283, 235, 148, 133, 12, 122, 109, 32, 54, 225, 313, 327, 180, 385, 424, 437, 367, 209, 387, 166, 158, 169, 358, 298, 190, 463, 302, 261, 112, 393, 482, 265, 474, 339, 318, 192, 396, 19, 103, 202, 72, 0]
Volume: 12.3841
Cost: 78851
Route: [0, 18, 136, 262, 203, 342, 252, 407, 417, 198, 130, 127, 319, 167, 107, 468, 22, 246, 64, 436, 473, 179, 377, 316, 255, 233, 444, 300, 172, 270, 17, 44, 320, 245, 256, 454, 324, 492, 93, 100, 177, 97, 48, 348, 419, 141, 421, 226, 6, 352, 24, 138, 388, 118, 108, 46, 0]
Volume: 12.442
Cost: 130256
Route: [0, 105, 258, 184, 350, 60, 309, 428, 408, 397, 248, 53, 455, 381, 312, 33, 9, 236, 418, 55, 433, 481, 337, 411, 156, 222, 87, 110, 111, 81, 406, 314, 369, 391, 469, 490, 333, 425, 341, 399, 264, 290, 375, 305, 276, 234, 423, 464, 485, 0]
Volume: 12.0921
Cost: 68896
Route: [0, 427, 299, 360, 466, 68, 188, 268, 74, 401, 159, 75, 201, 331, 163, 295, 4, 435, 187, 410, 285, 244, 429, 101, 95, 370, 488, 311, 498, 147, 215, 84, 386, 475, 446, 160, 442, 447, 165, 426, 368, 10, 238, 430, 195, 362, 174, 183, 243, 220, 7, 439, 0]
Volume: 12.4975
Cost: 67254
