OFV: 110169.0

Route: [0, 471, 389, 302, 368, 275, 117, 32, 55, 489, 425, 355, 75, 287, 315, 179, 295, 259, 17, 0]
Volume: 4.904
Cost: 5648
Route: [0, 70, 14, 423, 495, 163, 279, 95, 27, 113, 171, 4, 138, 40, 334, 457, 414, 482, 360, 0]
Volume: 4.9961
Cost: 5425
Route: [0, 292, 312, 65, 398, 329, 69, 6, 96, 164, 86, 109, 484, 63, 291, 381, 407, 165, 120, 49, 0]
Volume: 4.981
Cost: 3337
Route: [0, 194, 346, 444, 234, 266, 342, 488, 411, 262, 442, 90, 228, 417, 387, 366, 172, 0]
Volume: 4.374
Cost: 2834
Route: [0, 107, 193, 62, 106, 318, 205, 455, 140, 91, 464, 66, 263, 277, 272, 459, 247, 0]
Volume: 4.9419
Cost: 3166
Route: [0, 209, 73, 433, 146, 421, 325, 340, 449, 39, 35, 9, 191, 397, 195, 77, 337, 123, 435, 454, 0]
Volume: 4.908
Cost: 5645
Route: [0, 309, 284, 443, 23, 12, 24, 180, 29, 210, 184, 58, 177, 206, 345, 110, 271, 155, 218, 231, 404, 335, 53, 420, 233, 0]
Volume: 4.958
Cost: 4562
Route: [0, 176, 441, 139, 102, 199, 223, 260, 383, 333, 103, 401, 64, 192, 453, 167, 252, 0]
Volume: 4.425
Cost: 2942
Route: [0, 390, 5, 469, 319, 301, 478, 10, 273, 393, 470, 351, 479, 47, 3, 187, 0]
Volume: 4.544
Cost: 2789
Route: [0, 255, 402, 175, 56, 41, 144, 290, 160, 257, 156, 496, 280, 92, 497, 149, 148, 278, 0]
Volume: 4.939
Cost: 3600
Route: [0, 203, 303, 189, 458, 357, 111, 410, 143, 361, 20, 267, 286, 25, 226, 324, 261, 0]
Volume: 4.947
Cost: 4182
Route: [0, 380, 353, 403, 452, 395, 415, 145, 378, 131, 394, 208, 328, 98, 185, 396, 188, 298, 0]
Volume: 4.926
Cost: 4641
Route: [0, 196, 216, 153, 269, 52, 490, 225, 246, 265, 137, 124, 30, 97, 475, 372, 89, 432, 21, 0]
Volume: 4.453
Cost: 3399
Route: [0, 264, 365, 169, 300, 445, 369, 42, 426, 229, 84, 321, 211, 362, 299, 19, 202, 294, 34, 37, 364, 256, 477, 0]
Volume: 4.6001
Cost: 4056
Route: [0, 83, 341, 200, 307, 221, 456, 465, 31, 157, 80, 485, 428, 310, 147, 326, 422, 13, 67, 201, 0]
Volume: 4.9751
Cost: 4107
Route: [0, 350, 409, 460, 198, 158, 306, 276, 173, 79, 60, 343, 406, 249, 76, 374, 88, 472, 94, 78, 370, 0]
Volume: 4.776
Cost: 5476
Route: [0, 242, 487, 348, 439, 174, 108, 235, 467, 323, 197, 243, 349, 115, 438, 281, 430, 391, 0]
Volume: 4.774
Cost: 5140
Route: [0, 85, 305, 466, 104, 166, 11, 352, 354, 437, 100, 213, 461, 38, 222, 451, 232, 384, 135, 114, 424, 418, 0]
Volume: 4.9661
Cost: 3518
Route: [0, 220, 82, 429, 190, 385, 388, 43, 258, 130, 71, 237, 293, 419, 327, 436, 126, 0]
Volume: 4.941
Cost: 4017
Route: [0, 330, 316, 150, 61, 473, 491, 338, 178, 379, 254, 448, 344, 36, 399, 356, 296, 339, 151, 59, 8, 481, 427, 116, 168, 0]
Volume: 4.913
Cost: 4308
Route: [0, 480, 446, 48, 462, 493, 332, 347, 486, 50, 434, 214, 412, 101, 224, 57, 125, 331, 450, 474, 72, 118, 0]
Volume: 4.85
Cost: 5005
Route: [0, 227, 170, 207, 270, 87, 413, 161, 320, 127, 18, 45, 285, 121, 499, 268, 288, 367, 250, 317, 0]
Volume: 4.921
Cost: 4133
Route: [0, 219, 283, 182, 392, 1, 93, 297, 431, 204, 358, 2, 217, 245, 447, 483, 215, 375, 377, 142, 244, 314, 248, 238, 0]
Volume: 4.778
Cost: 5959
Route: [0, 152, 46, 463, 212, 26, 382, 376, 128, 159, 322, 494, 22, 251, 336, 468, 54, 141, 363, 274, 313, 181, 253, 68, 0]
Volume: 4.9371
Cost: 4558
Route: [0, 239, 183, 132, 81, 129, 304, 122, 311, 416, 74, 133, 492, 99, 371, 112, 154, 400, 51, 134, 282, 16, 28, 15, 44, 373, 0]
Volume: 4.9741
Cost: 5257
Route: [0, 240, 105, 136, 289, 476, 359, 241, 33, 7, 230, 308, 236, 405, 440, 498, 386, 186, 162, 408, 119, 0]
Volume: 4.982
Cost: 2465
