OFV: 24770.0

Route: [0, 40, 8, 63, 45, 91, 86, 52, 25, 4, 56, 21, 98, 39, 75, 99, 1, 59, 12, 38, 27, 7, 93, 94, 0]
Volume: 11.572
Cost: 6564
Route: [0, 30, 44, 31, 77, 11, 20, 81, 32, 9, 87, 23, 43, 65, 79, 41, 42, 13, 47, 10, 33, 19, 2, 71, 76, 84, 85, 0]
Volume: 11.232
Cost: 6272
Route: [0, 34, 54, 16, 22, 67, 3, 29, 5, 49, 97, 58, 90, 15, 53, 6, 57, 17, 68, 72, 78, 18, 60, 26, 80, 96, 0]
Volume: 12.302
Cost: 5256
Route: [0, 50, 74, 36, 48, 95, 51, 61, 55, 24, 92, 62, 14, 64, 66, 28, 46, 37, 69, 82, 35, 83, 88, 89, 70, 73, 0]
Volume: 12.2141
Cost: 6678
