OFV: 31338.0

Route: [0, 28, 84, 50, 6, 59, 67, 18, 65, 99, 27, 25, 29, 74, 62, 48, 55, 81, 35, 34, 64, 37, 56, 93, 46, 95, 13, 26, 85, 36, 14, 44, 43, 86, 66, 10, 72, 0]
Volume: 4.0762
Cost: 10782
Route: [0, 61, 54, 24, 89, 17, 76, 20, 8, 3, 9, 70, 82, 30, 91, 38, 4, 52, 77, 78, 75, 33, 32, 51, 31, 96, 83, 69, 1, 0]
Volume: 4.1676
Cost: 9638
Route: [0, 21, 98, 15, 2, 11, 71, 19, 90, 23, 58, 40, 42, 60, 57, 63, 79, 7, 97, 47, 41, 73, 53, 16, 88, 92, 87, 49, 22, 39, 94, 80, 5, 12, 68, 45, 0]
Volume: 4.3205
Cost: 10918
