OFV: 13141.0

Route: [0, 79, 82, 63, 66, 84, 98, 44, 28, 72, 1, 0]
Volume: 4.8661
Cost: 1782
Route: [0, 29, 47, 97, 32, 67, 70, 20, 0]
Volume: 4.8639
Cost: 1262
Route: [0, 34, 73, 90, 25, 55, 64, 94, 54, 50, 0]
Volume: 4.142
Cost: 1142
Route: [0, 40, 61, 77, 88, 59, 46, 95, 16, 76, 36, 62, 8, 39, 2, 24, 0]
Volume: 4.98
Cost: 1157
Route: [0, 80, 91, 21, 6, 37, 69, 3, 0]
Volume: 4.4321
Cost: 1641
Route: [0, 83, 7, 51, 48, 5, 9, 17, 11, 81, 74, 43, 0]
Volume: 4.794
Cost: 1101
Route: [0, 58, 56, 14, 93, 33, 10, 42, 18, 68, 0]
Volume: 4.9501
Cost: 1045
Route: [0, 12, 30, 57, 96, 4, 53, 13, 99, 0]
Volume: 4.8961
Cost: 1717
Route: [0, 35, 52, 41, 89, 27, 26, 75, 15, 23, 38, 0]
Volume: 4.816
Cost: 953
Route: [0, 60, 65, 45, 71, 86, 87, 22, 92, 85, 31, 78, 49, 19, 0]
Volume: 4.58
Cost: 1341
