OFV: 20390.0

Route: [0, 22, 52, 17, 2, 51, 36, 43, 26, 5, 13, 41, 6, 20, 14, 30, 70, 12, 47, 76, 92, 27, 0]
Volume: 4.8351
Cost: 3166
Route: [0, 25, 31, 66, 88, 87, 97, 62, 99, 91, 33, 49, 53, 79, 54, 21, 3, 0]
Volume: 4.956
Cost: 1818
Route: [0, 63, 93, 73, 10, 75, 57, 37, 48, 74, 32, 68, 29, 4, 56, 77, 39, 23, 95, 84, 89, 0]
Volume: 4.6461
Cost: 4877
Route: [0, 50, 72, 24, 82, 65, 44, 1, 11, 59, 9, 7, 40, 71, 85, 8, 78, 64, 46, 28, 45, 35, 0]
Volume: 4.7541
Cost: 5865
Route: [0, 83, 58, 94, 60, 80, 16, 18, 98, 96, 42, 90, 61, 86, 15, 19, 81, 67, 69, 55, 34, 38, 0]
Volume: 4.9521
Cost: 4664
