OFV: 101331.0

Route: [0, 91, 84, 105, 308, 498, 134, 64, 96, 495, 161, 462, 71, 188, 375, 467, 139, 51, 416, 336, 323, 53, 92, 385, 44, 150, 393, 207, 116, 400, 147, 120, 324, 114, 223, 264, 313, 0]
Volume: 4.6038
Cost: 6922
Route: [0, 333, 380, 262, 137, 141, 477, 261, 198, 252, 221, 315, 130, 272, 144, 317, 311, 230, 335, 178, 302, 101, 438, 202, 352, 97, 409, 296, 220, 209, 195, 21, 246, 15, 149, 225, 185, 234, 499, 406, 273, 368, 329, 160, 0]
Volume: 4.9026
Cost: 7470
Route: [0, 292, 349, 187, 26, 12, 98, 191, 440, 205, 74, 42, 153, 340, 361, 194, 356, 215, 60, 423, 167, 75, 239, 388, 59, 1, 233, 217, 34, 30, 339, 238, 31, 119, 321, 338, 0]
Volume: 4.9126
Cost: 7739
Route: [0, 125, 297, 471, 401, 133, 267, 281, 390, 218, 90, 193, 13, 377, 171, 300, 348, 452, 81, 254, 140, 163, 312, 54, 285, 337, 447, 465, 457, 249, 7, 108, 122, 347, 489, 493, 240, 459, 245, 49, 428, 11, 0]
Volume: 4.5587
Cost: 8674
Route: [0, 224, 444, 78, 282, 179, 278, 196, 461, 394, 184, 169, 99, 451, 490, 486, 386, 367, 126, 404, 199, 56, 200, 123, 50, 473, 154, 228, 104, 255, 103, 62, 14, 306, 478, 430, 8, 152, 241, 472, 67, 381, 280, 204, 95, 0]
Volume: 4.6975
Cost: 8940
Route: [0, 219, 392, 182, 226, 5, 41, 212, 458, 434, 316, 463, 16, 373, 189, 258, 405, 497, 94, 330, 365, 346, 359, 453, 235, 397, 379, 40, 45, 305, 23, 43, 355, 454, 22, 0]
Volume: 4.9742
Cost: 6287
Route: [0, 371, 435, 3, 341, 307, 362, 70, 425, 155, 399, 244, 113, 111, 66, 277, 138, 128, 432, 488, 4, 73, 360, 33, 408, 494, 301, 55, 17, 275, 168, 437, 79, 93, 19, 384, 0]
Volume: 3.8035
Cost: 6787
Route: [0, 197, 412, 47, 358, 176, 345, 464, 216, 481, 256, 247, 2, 132, 118, 250, 391, 270, 370, 466, 318, 334, 77, 332, 284, 127, 410, 172, 309, 48, 159, 263, 304, 387, 145, 232, 424, 344, 0]
Volume: 4.801
Cost: 7061
Route: [0, 206, 87, 290, 106, 136, 36, 260, 343, 271, 115, 417, 211, 86, 326, 166, 475, 413, 319, 322, 439, 201, 299, 102, 491, 236, 85, 0]
Volume: 3.4961
Cost: 6381
Route: [0, 248, 469, 46, 210, 448, 480, 177, 39, 231, 383, 298, 112, 328, 325, 353, 289, 52, 175, 445, 222, 310, 29, 0]
Volume: 2.753
Cost: 5618
Route: [0, 395, 186, 331, 80, 396, 484, 433, 27, 293, 314, 68, 403, 320, 468, 470, 20, 442, 124, 37, 162, 156, 192, 483, 251, 455, 253, 389, 183, 61, 164, 485, 415, 82, 0]
Volume: 4.379
Cost: 6533
Route: [0, 227, 274, 288, 402, 492, 151, 63, 35, 327, 170, 450, 286, 83, 76, 158, 88, 259, 291, 482, 129, 422, 243, 143, 350, 117, 363, 9, 110, 351, 420, 496, 279, 456, 418, 357, 242, 268, 436, 294, 276, 295, 431, 460, 135, 174, 443, 89, 208, 121, 479, 283, 157, 376, 287, 269, 181, 0]
Volume: 4.9252
Cost: 10533
Route: [0, 474, 18, 378, 142, 419, 354, 180, 229, 411, 441, 364, 24, 414, 476, 173, 265, 72, 58, 427, 57, 487, 372, 38, 32, 165, 203, 10, 257, 0]
Volume: 4.5921
Cost: 6594
Route: [0, 266, 426, 109, 148, 100, 374, 69, 6, 398, 303, 446, 382, 429, 342, 407, 366, 28, 421, 237, 25, 369, 146, 214, 65, 190, 449, 213, 107, 131, 0]
Volume: 4.7125
Cost: 5792
