OFV: 1838072.0

Route: [0, 446, 273, 215, 24, 459, 214, 219, 366, 230, 429, 203, 0]
Volume: 4.9741
Cost: 28037
Route: [0, 399, 38, 196, 255, 253, 13, 259, 211, 422, 473, 325, 475, 0]
Volume: 4.996
Cost: 40034
Route: [0, 127, 267, 282, 243, 77, 443, 200, 416, 297, 0]
Volume: 4.986
Cost: 53127
Route: [0, 198, 384, 353, 478, 346, 242, 123, 376, 308, 499, 0]
Volume: 4.966
Cost: 31604
Route: [0, 356, 309, 85, 62, 235, 73, 310, 483, 456, 190, 324, 0]
Volume: 4.9002
Cost: 33487
Route: [0, 434, 67, 486, 26, 0]
Volume: 4.698
Cost: 28046
Route: [0, 311, 206, 75, 118, 84, 463, 88, 279, 7, 81, 36, 141, 418, 0]
Volume: 4.9781
Cost: 36550
Route: [0, 364, 492, 444, 265, 164, 332, 76, 159, 216, 440, 154, 450, 189, 0]
Volume: 4.9781
Cost: 52874
Route: [0, 64, 247, 264, 249, 350, 409, 0]
Volume: 4.8561
Cost: 27410
Route: [0, 6, 15, 183, 295, 195, 286, 312, 208, 411, 420, 224, 390, 0]
Volume: 4.9119
Cost: 49043
Route: [0, 87, 361, 244, 232, 138, 425, 0]
Volume: 4.874
Cost: 17140
Route: [0, 31, 47, 337, 372, 431, 383, 333, 116, 341, 131, 0]
Volume: 4.984
Cost: 49240
Route: [0, 493, 410, 174, 252, 155, 169, 343, 336, 104, 112, 72, 0]
Volume: 4.972
Cost: 34141
Route: [0, 482, 237, 139, 260, 491, 0]
Volume: 4.912
Cost: 26310
Route: [0, 21, 405, 289, 427, 301, 91, 303, 328, 188, 8, 245, 254, 0]
Volume: 4.984
Cost: 38019
Route: [0, 82, 43, 239, 27, 419, 171, 439, 221, 227, 144, 0]
Volume: 4.9701
Cost: 30325
Route: [0, 402, 487, 414, 436, 94, 12, 497, 184, 226, 156, 0]
Volume: 4.8401
Cost: 26916
Route: [0, 42, 172, 452, 148, 464, 261, 151, 489, 194, 462, 278, 102, 29, 394, 53, 162, 55, 319, 0]
Volume: 4.99
Cost: 44003
Route: [0, 466, 398, 306, 281, 57, 40, 158, 56, 30, 20, 18, 178, 126, 0]
Volume: 4.948
Cost: 42869
Route: [0, 1, 107, 385, 321, 191, 435, 103, 109, 16, 69, 357, 179, 234, 304, 61, 0]
Volume: 4.988
Cost: 51437
Route: [0, 474, 65, 45, 217, 37, 14, 19, 258, 0]
Volume: 4.802
Cost: 60617
Route: [0, 71, 114, 296, 186, 367, 460, 291, 276, 0]
Volume: 4.98
Cost: 36765
Route: [0, 136, 322, 369, 299, 34, 89, 275, 331, 0]
Volume: 4.86
Cost: 65727
Route: [0, 355, 400, 4, 197, 80, 17, 437, 317, 280, 371, 60, 0]
Volume: 4.942
Cost: 33368
Route: [0, 122, 389, 451, 370, 347, 251, 326, 432, 0]
Volume: 4.92
Cost: 29826
Route: [0, 236, 349, 32, 447, 263, 293, 44, 146, 125, 115, 97, 185, 0]
Volume: 4.87
Cost: 29071
Route: [0, 327, 408, 161, 213, 338, 207, 316, 41, 404, 300, 0]
Volume: 4.984
Cost: 46004
Route: [0, 92, 407, 167, 430, 175, 365, 381, 128, 147, 28, 106, 0]
Volume: 4.976
Cost: 39976
Route: [0, 358, 315, 50, 471, 271, 428, 314, 334, 0]
Volume: 4.98
Cost: 31679
Route: [0, 348, 133, 240, 458, 170, 5, 110, 374, 0]
Volume: 4.968
Cost: 14774
Route: [0, 329, 86, 101, 469, 142, 453, 105, 150, 0]
Volume: 4.978
Cost: 30438
Route: [0, 256, 25, 238, 379, 395, 318, 330, 360, 0]
Volume: 4.956
Cost: 25956
Route: [0, 149, 283, 143, 441, 120, 49, 78, 177, 0]
Volume: 4.96
Cost: 30921
Route: [0, 268, 470, 22, 426, 182, 438, 274, 413, 132, 93, 359, 288, 163, 68, 0]
Volume: 4.91
Cost: 28934
Route: [0, 294, 233, 119, 222, 168, 266, 23, 396, 51, 0]
Volume: 4.998
Cost: 28895
Route: [0, 401, 403, 377, 209, 192, 212, 455, 229, 201, 445, 0]
Volume: 4.972
Cost: 67952
Route: [0, 344, 345, 137, 373, 313, 392, 59, 363, 39, 305, 354, 472, 173, 0]
Volume: 4.9821
Cost: 26957
Route: [0, 111, 412, 340, 166, 199, 307, 176, 220, 74, 415, 323, 378, 121, 96, 117, 0]
Volume: 4.988
Cost: 45663
Route: [0, 70, 302, 270, 124, 461, 79, 99, 368, 352, 52, 0]
Volume: 4.972
Cost: 36986
Route: [0, 320, 423, 202, 145, 498, 205, 204, 496, 0]
Volume: 4.7181
Cost: 36952
Route: [0, 225, 406, 284, 342, 285, 187, 181, 0]
Volume: 4.834
Cost: 17385
Route: [0, 160, 153, 480, 277, 386, 339, 108, 129, 0]
Volume: 4.932
Cost: 35466
Route: [0, 246, 397, 485, 290, 35, 152, 140, 95, 11, 391, 387, 0]
Volume: 4.99
Cost: 45909
Route: [0, 488, 241, 262, 362, 100, 48, 3, 0]
Volume: 4.8959
Cost: 13203
Route: [0, 375, 449, 351, 10, 476, 210, 448, 382, 2, 157, 0]
Volume: 4.802
Cost: 44725
Route: [0, 218, 292, 272, 46, 134, 477, 454, 421, 495, 481, 388, 83, 66, 0]
Volume: 4.9201
Cost: 44617
Route: [0, 494, 442, 165, 250, 468, 490, 9, 393, 90, 98, 0]
Volume: 4.996
Cost: 36296
Route: [0, 231, 433, 457, 298, 58, 130, 380, 467, 193, 33, 0]
Volume: 4.9941
Cost: 35793
Route: [0, 269, 135, 257, 335, 287, 424, 248, 479, 54, 63, 417, 0]
Volume: 4.9721
Cost: 66326
Route: [0, 223, 465, 484, 113, 228, 180, 0]
Volume: 4.156
Cost: 10279
