OFV: 32430.0

Route: [0, 97, 42, 23, 245, 203, 202, 142, 207, 1, 10, 248, 127, 222, 51, 32, 75, 156, 188, 193, 15, 113, 35, 239, 210, 197, 163, 149, 244, 102, 173, 56, 139, 191, 200, 143, 108, 194, 205, 44, 224, 0]
Volume: 4.5902
Cost: 4294
Route: [0, 45, 41, 187, 104, 240, 241, 167, 166, 4, 211, 74, 175, 189, 19, 209, 227, 225, 39, 190, 206, 112, 223, 22, 249, 186, 160, 230, 103, 30, 83, 144, 221, 235, 14, 114, 6, 170, 37, 110, 232, 0]
Volume: 4.9155
Cost: 7982
Route: [0, 38, 36, 52, 107, 77, 60, 121, 111, 27, 18, 138, 69, 68, 155, 135, 70, 50, 28, 109, 115, 164, 215, 79, 212, 120, 148, 237, 169, 220, 11, 213, 198, 29, 94, 0]
Volume: 4.5905
Cost: 3822
Route: [0, 3, 159, 66, 33, 199, 226, 233, 174, 177, 65, 219, 179, 2, 73, 243, 71, 123, 116, 12, 25, 176, 90, 136, 129, 146, 132, 91, 124, 183, 246, 95, 204, 0]
Volume: 4.9045
Cost: 4974
Route: [0, 105, 62, 217, 128, 48, 242, 214, 178, 152, 147, 165, 5, 80, 85, 59, 49, 216, 161, 201, 46, 236, 84, 55, 134, 82, 58, 137, 247, 228, 86, 31, 99, 184, 180, 26, 0]
Volume: 4.3755
Cost: 3592
Route: [0, 81, 100, 92, 119, 40, 67, 57, 76, 118, 9, 154, 172, 182, 54, 63, 98, 168, 171, 208, 141, 20, 229, 96, 162, 24, 47, 153, 87, 53, 21, 16, 181, 192, 0]
Volume: 4.4701
Cost: 3445
Route: [0, 130, 125, 101, 234, 151, 61, 145, 72, 8, 238, 157, 13, 131, 140, 89, 17, 88, 150, 133, 196, 218, 195, 7, 78, 158, 93, 122, 64, 231, 43, 126, 34, 117, 185, 106, 0]
Volume: 4.7018
Cost: 4321
