OFV: 55185.0

Route: [0, 97, 81, 38, 31, 92, 77, 88, 71, 21, 9, 73, 0]
Volume: 3.0551
Cost: 3975
Route: [0, 35, 59, 94, 33, 27, 5, 99, 50, 61, 72, 91, 11, 53, 45, 51, 3, 41, 42, 13, 55, 0]
Volume: 4.624
Cost: 14634
Route: [0, 12, 65, 86, 52, 15, 78, 90, 2, 4, 96, 16, 76, 63, 36, 22, 46, 7, 93, 80, 0]
Volume: 4.934
Cost: 10476
Route: [0, 30, 58, 6, 62, 69, 47, 44, 49, 8, 95, 60, 39, 66, 0]
Volume: 4.8711
Cost: 10590
Route: [0, 1, 54, 83, 57, 70, 26, 23, 79, 19, 17, 67, 29, 74, 84, 14, 32, 0]
Volume: 4.962
Cost: 8581
Route: [0, 28, 87, 68, 37, 75, 24, 56, 40, 98, 48, 89, 10, 25, 43, 34, 82, 64, 18, 85, 20, 0]
Volume: 4.604
Cost: 6929
