OFV: 107839.0

Route: [0, 17, 247, 241, 168, 178, 68, 121, 137, 49, 99, 142, 181, 117, 244, 20, 15, 240, 114, 145, 138, 85, 89, 44, 27, 52, 245, 153, 173, 203, 158, 58, 182, 187, 8, 77, 172, 71, 21, 218, 177, 63, 166, 106, 196, 213, 33, 188, 28, 51, 215, 204, 170, 161, 11, 31, 14, 176, 73, 35, 238, 132, 221, 53, 47, 171, 81, 162, 223, 186, 93, 13, 118, 236, 113, 180, 66, 104, 130, 229, 103, 1, 101, 92, 123, 185, 67, 183, 19, 179, 169, 97, 175, 239, 116, 23, 201, 0]
Volume: 10.6876
Cost: 33729
Route: [0, 156, 105, 112, 75, 212, 61, 174, 57, 37, 231, 76, 38, 232, 80, 184, 149, 243, 96, 222, 12, 108, 157, 228, 42, 131, 146, 2, 143, 191, 125, 120, 148, 205, 216, 220, 234, 246, 79, 86, 110, 128, 40, 70, 126, 9, 242, 206, 207, 214, 219, 25, 100, 122, 107, 111, 109, 136, 163, 249, 41, 154, 237, 72, 202, 134, 198, 95, 10, 233, 48, 194, 135, 30, 144, 6, 26, 210, 36, 159, 165, 90, 129, 94, 195, 192, 167, 0]
Volume: 12.2244
Cost: 46264
Route: [0, 32, 46, 190, 24, 141, 18, 45, 102, 64, 16, 140, 230, 209, 119, 83, 211, 88, 82, 39, 65, 152, 34, 193, 164, 54, 160, 5, 124, 50, 43, 208, 4, 248, 227, 155, 55, 150, 115, 226, 78, 225, 98, 84, 3, 22, 87, 91, 59, 74, 7, 151, 147, 217, 29, 200, 60, 197, 62, 189, 235, 69, 127, 199, 139, 133, 224, 56, 0]
Volume: 8.4046
Cost: 27846
