OFV: 236330.0

Route: [0, 68, 12, 5, 24, 54, 23, 40, 71, 19, 90, 17, 76, 20, 8, 3, 9, 70, 82, 78, 30, 91, 38, 4, 52, 77, 75, 33, 32, 51, 31, 96, 83, 69, 1, 0]
Volume: 4.981
Cost: 68073
Route: [0, 28, 84, 50, 43, 86, 0]
Volume: 2.64
Cost: 24666
Route: [0, 61, 89, 87, 16, 88, 92, 53, 22, 39, 49, 94, 80, 67, 18, 6, 59, 65, 99, 27, 25, 63, 45, 0]
Volume: 4.938
Cost: 60246
Route: [0, 44, 46, 26, 85, 95, 13, 64, 37, 56, 93, 73, 41, 97, 47, 7, 79, 14, 66, 72, 10, 0]
Volume: 4.483
Cost: 46367
Route: [0, 36, 57, 81, 55, 35, 74, 29, 62, 48, 34, 21, 11, 98, 15, 2, 58, 42, 60, 0]
Volume: 4.966
Cost: 36978
