OFV: 62266.0

Route: [0, 240, 186, 198, 114, 84, 116, 19, 43, 101, 69, 36, 21, 49, 14, 178, 146, 74, 193, 121, 75, 88, 152, 149, 90, 227, 95, 68, 141, 164, 191, 79, 161, 86, 174, 243, 163, 24, 33, 184, 42, 228, 5, 94, 207, 105, 175, 23, 46, 28, 52, 0]
Volume: 11.9481
Cost: 12453
Route: [0, 181, 112, 35, 135, 151, 214, 205, 124, 217, 13, 117, 102, 44, 67, 109, 213, 142, 29, 189, 37, 157, 70, 155, 218, 180, 235, 78, 237, 122, 71, 194, 120, 225, 143, 167, 166, 113, 176, 18, 222, 234, 177, 173, 202, 179, 59, 195, 204, 242, 2, 136, 25, 154, 16, 85, 168, 0]
Volume: 12.1241
Cost: 13497
Route: [0, 32, 190, 66, 172, 238, 65, 203, 244, 158, 200, 215, 50, 159, 8, 17, 39, 106, 199, 245, 92, 89, 148, 196, 133, 223, 246, 130, 27, 41, 183, 137, 96, 188, 1, 51, 62, 63, 118, 185, 208, 0]
Volume: 8.8991
Cost: 9216
Route: [0, 229, 107, 211, 3, 54, 160, 34, 132, 40, 126, 153, 187, 221, 144, 249, 131, 212, 220, 128, 22, 201, 91, 110, 216, 231, 171, 147, 119, 31, 115, 76, 48, 140, 224, 232, 10, 100, 125, 226, 38, 30, 47, 170, 93, 45, 209, 55, 53, 123, 98, 83, 80, 77, 56, 108, 236, 0]
Volume: 11.846
Cost: 16667
Route: [0, 103, 127, 111, 138, 64, 192, 162, 99, 57, 210, 72, 129, 182, 165, 241, 248, 156, 4, 139, 219, 169, 104, 206, 15, 7, 87, 145, 82, 11, 6, 73, 9, 197, 134, 81, 61, 150, 12, 60, 97, 230, 58, 20, 239, 233, 26, 247, 0]
Volume: 11.674
Cost: 10433
