OFV: 144038.0

Route: [0, 66, 56, 498, 383, 433, 17, 365, 58, 405, 342, 152, 159, 181, 387, 458, 75, 314, 173, 283, 378, 0]
Volume: 4.65
Cost: 7091
Route: [0, 309, 334, 340, 375, 18, 462, 285, 487, 165, 82, 391, 346, 205, 175, 388, 380, 38, 177, 99, 85, 0]
Volume: 4.9139
Cost: 5861
Route: [0, 328, 153, 21, 168, 414, 196, 172, 325, 306, 343, 291, 434, 57, 470, 0]
Volume: 4.985
Cost: 5025
Route: [0, 71, 62, 252, 240, 333, 24, 104, 119, 235, 155, 305, 239, 53, 497, 427, 473, 251, 385, 0]
Volume: 4.9042
Cost: 5343
Route: [0, 217, 10, 19, 33, 339, 76, 88, 107, 317, 170, 174, 423, 238, 273, 54, 289, 189, 248, 359, 274, 300, 0]
Volume: 4.314
Cost: 4914
Route: [0, 134, 294, 163, 87, 12, 264, 495, 16, 226, 230, 430, 233, 266, 382, 324, 201, 0]
Volume: 4.434
Cost: 7176
Route: [0, 130, 308, 200, 27, 94, 183, 126, 32, 410, 147, 25, 261, 185, 135, 344, 331, 357, 43, 421, 0]
Volume: 4.954
Cost: 5736
Route: [0, 453, 184, 469, 61, 144, 457, 64, 377, 267, 146, 456, 440, 86, 22, 212, 303, 447, 389, 292, 125, 106, 422, 97, 83, 208, 490, 0]
Volume: 4.981
Cost: 7042
Route: [0, 480, 44, 471, 156, 108, 5, 158, 361, 350, 72, 171, 268, 223, 255, 450, 140, 392, 96, 485, 137, 376, 167, 409, 0]
Volume: 4.8591
Cost: 4732
Route: [0, 351, 438, 65, 36, 319, 141, 213, 304, 436, 23, 464, 413, 390, 51, 316, 307, 460, 101, 7, 493, 373, 352, 0]
Volume: 4.944
Cost: 6083
Route: [0, 116, 486, 1, 90, 338, 260, 345, 348, 111, 254, 50, 55, 132, 92, 296, 14, 136, 127, 320, 4, 459, 0]
Volume: 4.896
Cost: 6232
Route: [0, 169, 166, 329, 467, 278, 483, 404, 80, 466, 151, 262, 121, 131, 227, 30, 356, 103, 105, 40, 463, 0]
Volume: 4.9391
Cost: 4643
Route: [0, 282, 39, 31, 315, 258, 220, 188, 123, 367, 243, 145, 420, 412, 408, 247, 236, 128, 444, 0]
Volume: 4.792
Cost: 6337
Route: [0, 302, 29, 210, 347, 386, 431, 209, 77, 79, 488, 446, 42, 477, 321, 474, 0]
Volume: 4.5751
Cost: 4005
Route: [0, 100, 242, 326, 398, 269, 164, 78, 364, 476, 439, 465, 231, 379, 114, 277, 37, 162, 257, 194, 178, 312, 489, 0]
Volume: 4.7041
Cost: 6758
Route: [0, 191, 301, 270, 110, 207, 48, 139, 337, 11, 272, 313, 297, 49, 81, 26, 415, 455, 3, 452, 142, 478, 369, 336, 393, 0]
Volume: 4.461
Cost: 6146
Route: [0, 496, 429, 363, 122, 286, 384, 449, 129, 150, 341, 426, 161, 374, 246, 20, 445, 63, 395, 237, 368, 298, 143, 475, 0]
Volume: 4.8402
Cost: 5220
Route: [0, 91, 323, 271, 332, 290, 74, 492, 481, 275, 69, 9, 197, 148, 179, 115, 154, 120, 102, 195, 280, 0]
Volume: 4.742
Cost: 6994
Route: [0, 362, 67, 232, 322, 428, 250, 241, 358, 112, 366, 222, 193, 187, 228, 454, 401, 70, 224, 293, 0]
Volume: 4.595
Cost: 6486
Route: [0, 318, 245, 218, 206, 396, 491, 15, 468, 225, 402, 253, 8, 149, 424, 190, 416, 403, 202, 276, 432, 0]
Volume: 4.581
Cost: 4308
Route: [0, 284, 484, 435, 47, 157, 93, 6, 372, 192, 281, 407, 397, 215, 203, 360, 310, 482, 52, 355, 417, 0]
Volume: 4.881
Cost: 4155
Route: [0, 98, 461, 68, 13, 34, 113, 198, 418, 354, 234, 211, 406, 371, 425, 133, 256, 443, 117, 451, 0]
Volume: 4.337
Cost: 5258
Route: [0, 45, 95, 353, 335, 399, 229, 295, 381, 349, 204, 330, 249, 400, 472, 219, 394, 263, 494, 0]
Volume: 4.3312
Cost: 6278
Route: [0, 41, 73, 327, 441, 299, 265, 244, 411, 109, 419, 2, 214, 46, 182, 311, 60, 124, 180, 176, 160, 448, 0]
Volume: 4.9161
Cost: 4112
Route: [0, 479, 370, 216, 221, 437, 89, 199, 84, 279, 28, 499, 118, 59, 288, 138, 186, 259, 287, 35, 442, 0]
Volume: 4.8111
Cost: 8103
