OFV: 287806.0

Route: [0, 158, 28, 8, 45, 229, 46, 201, 20, 227, 245, 179, 236, 234, 198, 43, 49, 31, 113, 102, 195, 2, 39, 34, 165, 0]
Volume: 4.712
Cost: 22889
Route: [0, 204, 137, 210, 241, 114, 211, 88, 93, 80, 72, 47, 116, 159, 85, 41, 230, 161, 0]
Volume: 4.956
Cost: 16183
Route: [0, 78, 19, 68, 194, 224, 219, 150, 98, 228, 24, 84, 174, 202, 70, 0]
Volume: 4.964
Cost: 12756
Route: [0, 128, 192, 166, 188, 82, 66, 243, 79, 117, 58, 147, 186, 242, 118, 32, 151, 155, 89, 197, 6, 235, 181, 14, 240, 101, 0]
Volume: 4.8761
Cost: 24432
Route: [0, 221, 40, 36, 180, 81, 55, 104, 153, 54, 17, 57, 91, 207, 175, 233, 148, 111, 94, 106, 168, 0]
Volume: 4.988
Cost: 24056
Route: [0, 239, 51, 238, 185, 74, 77, 134, 75, 3, 173, 246, 22, 187, 142, 203, 63, 145, 112, 171, 0]
Volume: 4.9861
Cost: 24392
Route: [0, 10, 214, 162, 18, 11, 249, 4, 216, 154, 170, 61, 237, 86, 212, 99, 182, 215, 1, 76, 100, 90, 62, 0]
Volume: 4.967
Cost: 38706
Route: [0, 96, 169, 83, 140, 13, 135, 152, 97, 208, 213, 37, 52, 15, 146, 42, 124, 110, 177, 143, 199, 0]
Volume: 4.9711
Cost: 22568
Route: [0, 71, 184, 190, 21, 16, 144, 105, 125, 191, 122, 12, 225, 222, 209, 119, 7, 126, 27, 248, 108, 123, 196, 0]
Volume: 4.975
Cost: 39712
Route: [0, 59, 92, 133, 157, 103, 156, 67, 107, 120, 25, 127, 131, 0]
Volume: 4.993
Cost: 6502
Route: [0, 193, 129, 139, 121, 60, 141, 205, 38, 178, 220, 232, 26, 163, 5, 109, 48, 226, 244, 95, 183, 115, 164, 136, 149, 0]
Volume: 4.886
Cost: 27488
Route: [0, 73, 56, 130, 35, 64, 206, 223, 65, 189, 138, 160, 87, 53, 0]
Volume: 3.4331
Cost: 17143
Route: [0, 29, 176, 167, 247, 30, 69, 50, 44, 217, 33, 132, 23, 200, 231, 9, 218, 172, 0]
Volume: 4.6391
Cost: 10979
