OFV: 36823.0

Route: [0, 19, 33, 10, 47, 42, 41, 13, 79, 0]
Volume: 3.486
Cost: 3252
Route: [0, 72, 68, 17, 26, 80, 78, 60, 18, 0]
Volume: 4.6981
Cost: 3227
Route: [0, 63, 40, 8, 45, 89, 70, 73, 52, 86, 91, 0]
Volume: 4.9501
Cost: 6516
Route: [0, 53, 29, 5, 97, 58, 90, 49, 15, 6, 57, 96, 4, 56, 25, 94, 0]
Volume: 4.8881
Cost: 4128
Route: [0, 27, 7, 38, 93, 48, 95, 74, 36, 50, 24, 61, 55, 62, 0]
Volume: 4.7979
Cost: 3500
Route: [0, 75, 98, 39, 21, 99, 1, 59, 12, 51, 92, 71, 76, 85, 0]
Volume: 4.638
Cost: 3451
Route: [0, 34, 54, 16, 2, 67, 3, 22, 0]
Volume: 3.7081
Cost: 3198
Route: [0, 44, 77, 31, 20, 11, 9, 87, 0]
Volume: 4.78
Cost: 2709
Route: [0, 30, 81, 32, 65, 43, 23, 0]
Volume: 4.38
Cost: 2987
Route: [0, 14, 64, 84, 66, 35, 28, 69, 37, 46, 82, 83, 88, 0]
Volume: 4.48
Cost: 3855
