OFV: 729496.0

Route: [0, 144, 95, 373, 108, 348, 289, 472, 369, 60, 90, 326, 451, 75, 460, 22, 429, 168, 64, 240, 183, 62, 264, 57, 389, 356, 400, 46, 221, 330, 399, 43, 255, 63, 390, 357, 414, 437, 180, 88, 6, 42, 65, 149, 0]
Volume: 4.9481
Cost: 51315
Route: [0, 23, 489, 33, 156, 237, 398, 251, 241, 488, 14, 371, 257, 81, 135, 271, 143, 321, 401, 461, 383, 107, 491, 157, 35, 179, 466, 102, 316, 452, 339, 245, 160, 158, 309, 0]
Volume: 4.945
Cost: 42510
Route: [0, 50, 462, 40, 384, 382, 152, 147, 252, 184, 191, 325, 334, 347, 227, 455, 388, 267, 272, 214, 131, 412, 279, 19, 477, 123, 66, 297, 174, 198, 94, 490, 413, 465, 345, 341, 298, 41, 205, 110, 0]
Volume: 4.8115
Cost: 62782
Route: [0, 480, 308, 335, 261, 54, 349, 112, 483, 464, 409, 220, 403, 5, 31, 443, 127, 59, 206, 21, 254, 405, 105, 169, 337, 496, 355, 145, 305, 315, 333, 234, 25, 0]
Volume: 4.8152
Cost: 40981
Route: [0, 377, 129, 196, 428, 394, 116, 372, 350, 61, 47, 11, 249, 210, 358, 119, 263, 229, 354, 411, 351, 98, 224, 454, 442, 458, 211, 32, 200, 256, 498, 113, 291, 199, 258, 0]
Volume: 4.456
Cost: 51237
Route: [0, 228, 331, 49, 78, 208, 486, 470, 294, 450, 111, 494, 391, 7, 69, 222, 118, 344, 233, 37, 161, 407, 446, 416, 314, 397, 329, 68, 72, 0]
Volume: 4.2205
Cost: 41303
Route: [0, 327, 302, 71, 215, 269, 115, 167, 93, 243, 468, 9, 292, 29, 285, 87, 28, 140, 134, 58, 296, 422, 106, 195, 8, 172, 125, 393, 467, 126, 163, 137, 186, 0]
Volume: 4.5256
Cost: 52769
Route: [0, 150, 45, 332, 181, 404, 476, 217, 456, 246, 52, 4, 188, 436, 182, 432, 473, 225, 212, 299, 48, 392, 146, 342, 77, 445, 338, 420, 310, 96, 421, 410, 482, 323, 478, 408, 0]
Volume: 4.7815
Cost: 53136
Route: [0, 55, 24, 365, 375, 178, 204, 38, 317, 99, 303, 159, 312, 197, 280, 427, 73, 67, 209, 2, 493, 274, 79, 340, 459, 85, 293, 453, 396, 171, 253, 121, 449, 433, 441, 223, 166, 238, 295, 0]
Volume: 3.893
Cost: 70445
Route: [0, 318, 136, 187, 479, 287, 324, 132, 306, 262, 117, 260, 86, 499, 471, 419, 426, 487, 273, 185, 284, 379, 20, 418, 218, 44, 435, 190, 138, 235, 439, 155, 475, 495, 248, 320, 80, 109, 97, 219, 0]
Volume: 4.3605
Cost: 56850
Route: [0, 70, 177, 282, 239, 290, 276, 130, 366, 114, 124, 457, 485, 128, 424, 148, 278, 313, 202, 266, 213, 359, 380, 175, 17, 378, 364, 226, 387, 434, 216, 319, 362, 431, 193, 91, 304, 438, 444, 0]
Volume: 4.7029
Cost: 48439
Route: [0, 242, 100, 154, 265, 189, 343, 27, 361, 89, 386, 250, 370, 39, 492, 164, 207, 275, 481, 120, 430, 311, 395, 440, 360, 153, 1, 270, 376, 36, 15, 300, 328, 201, 104, 142, 0]
Volume: 4.7187
Cost: 56509
Route: [0, 165, 474, 122, 203, 283, 307, 281, 301, 13, 247, 194, 367, 346, 484, 385, 173, 363, 259, 139, 30, 83, 26, 3, 151, 288, 103, 277, 16, 286, 352, 230, 368, 84, 74, 469, 53, 0]
Volume: 4.828
Cost: 43855
Route: [0, 192, 423, 18, 170, 336, 374, 92, 56, 463, 322, 133, 82, 141, 162, 76, 402, 447, 244, 353, 497, 415, 448, 381, 268, 51, 425, 12, 236, 417, 232, 231, 101, 10, 34, 406, 176, 0]
Volume: 4.861
Cost: 57365
