OFV: 180753.0

Route: [0, 51, 44, 47, 39, 92, 27, 64, 93, 86, 3, 66, 24, 89, 84, 97, 20, 94, 91, 60, 74, 29, 19, 90, 73, 7, 5, 43, 48, 49, 70, 11, 80, 42, 45, 87, 16, 0]
Volume: 4.7171
Cost: 65257
Route: [0, 56, 99, 33, 46, 32, 10, 1, 34, 8, 58, 62, 35, 17, 30, 83, 63, 53, 26, 12, 54, 98, 76, 55, 14, 4, 52, 68, 61, 9, 41, 75, 95, 25, 36, 2, 77, 65, 59, 0]
Volume: 3.8657
Cost: 56447
Route: [0, 28, 31, 81, 6, 50, 13, 57, 79, 38, 96, 37, 21, 71, 22, 23, 82, 78, 67, 40, 85, 72, 15, 69, 88, 18, 0]
Volume: 2.8119
Cost: 59049
