OFV: 255393.0

Route: [0, 213, 87, 103, 170, 234, 191, 50, 125, 142, 37, 60, 223, 62, 101, 116, 5, 240, 138, 135, 184, 219, 165, 3, 23, 203, 162, 0]
Volume: 11.274
Cost: 21196
Route: [0, 19, 197, 10, 237, 200, 25, 235, 75, 147, 198, 217, 113, 96, 1, 167, 193, 48, 13, 205, 176, 0]
Volume: 10.6881
Cost: 16553
Route: [0, 109, 243, 172, 218, 222, 78, 86, 204, 88, 119, 95, 178, 115, 227, 229, 140, 230, 190, 67, 211, 80, 55, 225, 126, 226, 154, 208, 58, 0]
Volume: 12.106
Cost: 36004
Route: [0, 155, 114, 163, 187, 49, 145, 76, 52, 102, 146, 63, 51, 106, 215, 188, 244, 33, 111, 89, 186, 239, 97, 174, 108, 84, 0]
Volume: 12.2201
Cost: 20254
Route: [0, 233, 56, 134, 15, 159, 105, 245, 224, 27, 16, 199, 177, 2, 6, 247, 77, 194, 31, 133, 206, 39, 169, 0]
Volume: 12.368
Cost: 19459
Route: [0, 171, 47, 207, 18, 4, 242, 110, 180, 40, 195, 45, 100, 152, 179, 141, 127, 181, 124, 160, 123, 220, 228, 104, 12, 189, 21, 128, 0]
Volume: 11.544
Cost: 35863
Route: [0, 9, 131, 221, 36, 73, 158, 156, 41, 122, 183, 161, 22, 11, 209, 42, 210, 149, 132, 53, 17, 79, 173, 148, 246, 66, 249, 168, 0]
Volume: 9.5101
Cost: 22559
Route: [0, 70, 144, 94, 143, 214, 236, 54, 153, 34, 150, 130, 46, 20, 90, 120, 112, 231, 164, 212, 68, 99, 0]
Volume: 12.3461
Cost: 30273
Route: [0, 117, 83, 238, 98, 69, 43, 139, 182, 166, 93, 85, 121, 216, 14, 24, 32, 91, 81, 71, 157, 118, 65, 0]
Volume: 11.5202
Cost: 22189
Route: [0, 248, 196, 30, 7, 241, 35, 151, 38, 107, 44, 74, 202, 185, 59, 57, 232, 175, 137, 129, 8, 136, 0]
Volume: 12.4039
Cost: 21176
Route: [0, 82, 192, 92, 201, 72, 26, 29, 64, 61, 28, 0]
Volume: 4.744
Cost: 9867
