OFV: 158304.0

Route: [0, 18, 52, 15, 69, 70, 60, 14, 47, 19, 45, 0]
Volume: 4.53
Cost: 23999
Route: [0, 61, 49, 32, 8, 56, 46, 48, 53, 26, 36, 0]
Volume: 4.9561
Cost: 21080
Route: [0, 24, 16, 5, 9, 43, 54, 58, 44, 0]
Volume: 3.224
Cost: 12645
Route: [0, 30, 28, 33, 22, 59, 39, 4, 72, 31, 1, 20, 0]
Volume: 4.9521
Cost: 19284
Route: [0, 29, 57, 38, 7, 51, 6, 0]
Volume: 4.91
Cost: 18907
Route: [0, 67, 3, 2, 68, 65, 63, 34, 66, 41, 10, 50, 71, 0]
Volume: 4.718
Cost: 28209
Route: [0, 37, 55, 11, 12, 42, 62, 35, 64, 17, 0]
Volume: 3.932
Cost: 17981
Route: [0, 13, 21, 40, 73, 74, 23, 25, 27, 0]
Volume: 4.978
Cost: 16199
