OFV: 48164.0

Route: [0, 55, 64, 19, 49, 78, 31, 82, 22, 66, 63, 87, 86, 44, 84, 98, 28, 72, 1, 48, 51, 0]
Volume: 4.95
Cost: 8687
Route: [0, 3, 69, 99, 79, 83, 7, 13, 53, 4, 96, 57, 30, 12, 20, 43, 38, 0]
Volume: 4.232
Cost: 11294
Route: [0, 80, 91, 21, 6, 37, 35, 52, 41, 89, 27, 26, 61, 40, 67, 77, 56, 76, 18, 0]
Volume: 4.433
Cost: 12354
Route: [0, 17, 11, 81, 74, 70, 32, 29, 47, 97, 45, 71, 92, 85, 65, 25, 73, 94, 90, 60, 34, 54, 50, 0]
Volume: 4.8402
Cost: 9712
Route: [0, 5, 68, 42, 10, 14, 59, 46, 93, 95, 16, 33, 88, 62, 36, 8, 39, 58, 2, 75, 15, 23, 24, 9, 0]
Volume: 4.9741
Cost: 6117
