OFV: 351010.0

Route: [0, 87, 94, 245, 197, 229, 37, 243, 192, 249, 149, 55, 8, 74, 129, 118, 194, 99, 131, 75, 183, 143, 211, 72, 206, 169, 10, 233, 64, 39, 208, 17, 191, 4, 111, 15, 173, 42, 195, 237, 57, 168, 78, 207, 77, 201, 6, 104, 228, 182, 53, 135, 112, 172, 159, 203, 171, 121, 46, 150, 224, 79, 147, 27, 124, 108, 188, 116, 92, 82, 83, 230, 234, 242, 0]
Volume: 9.5708
Cost: 110739
Route: [0, 13, 63, 103, 26, 153, 34, 65, 248, 217, 167, 218, 205, 134, 60, 59, 7, 51, 31, 241, 196, 158, 189, 223, 18, 113, 231, 101, 132, 145, 90, 98, 62, 44, 114, 137, 69, 100, 136, 85, 89, 1, 138, 232, 127, 155, 54, 67, 43, 117, 61, 174, 22, 95, 97, 161, 204, 157, 84, 86, 9, 128, 115, 119, 146, 244, 140, 19, 45, 202, 200, 214, 96, 52, 16, 152, 220, 76, 35, 50, 179, 81, 139, 110, 29, 120, 166, 178, 126, 185, 93, 227, 12, 0]
Volume: 10.8715
Cost: 108362
Route: [0, 58, 123, 238, 181, 156, 240, 88, 11, 102, 33, 32, 193, 198, 180, 47, 163, 246, 247, 164, 5, 40, 175, 187, 221, 186, 162, 236, 213, 25, 210, 73, 177, 91, 109, 107, 209, 49, 3, 48, 170, 212, 235, 38, 225, 122, 165, 14, 215, 133, 21, 184, 36, 30, 125, 226, 176, 2, 71, 151, 141, 144, 130, 80, 24, 148, 56, 222, 239, 66, 199, 154, 23, 68, 105, 106, 160, 28, 216, 20, 142, 190, 219, 70, 41, 0]
Volume: 10.8741
Cost: 131909
