OFV: 32973.0

Route: [0, 108, 179, 162, 33, 155, 170, 231, 28, 228, 96, 128, 234, 202, 10, 158, 45, 52, 168, 55, 150, 67, 94, 244, 93, 53, 16, 137, 85, 54, 204, 64, 141, 90, 41, 88, 181, 14, 66, 183, 21, 11, 114, 146, 26, 237, 157, 164, 201, 225, 27, 22, 191, 112, 13, 178, 38, 98, 221, 83, 247, 235, 102, 80, 68, 175, 74, 182, 51, 30, 167, 116, 188, 95, 187, 163, 105, 140, 229, 249, 130, 216, 103, 176, 169, 1, 106, 218, 224, 248, 12, 0]
Volume: 11.5768
Cost: 10348
Route: [0, 127, 111, 78, 20, 24, 203, 84, 142, 239, 148, 133, 184, 199, 79, 29, 113, 122, 190, 131, 174, 156, 132, 219, 99, 220, 151, 152, 144, 118, 186, 210, 160, 86, 195, 232, 207, 34, 31, 172, 241, 227, 76, 194, 213, 56, 71, 240, 242, 134, 214, 138, 3, 123, 61, 82, 200, 230, 173, 166, 57, 180, 73, 87, 120, 69, 6, 129, 100, 145, 36, 115, 81, 189, 212, 192, 245, 92, 125, 91, 193, 63, 46, 23, 25, 70, 9, 50, 32, 215, 161, 107, 97, 124, 198, 110, 18, 101, 165, 0]
Volume: 12.4852
Cost: 13132
Route: [0, 208, 62, 104, 217, 205, 139, 171, 126, 185, 35, 109, 121, 117, 143, 42, 246, 2, 72, 233, 4, 119, 77, 177, 65, 17, 211, 197, 222, 206, 43, 7, 136, 15, 154, 135, 60, 226, 196, 44, 159, 49, 243, 75, 209, 8, 39, 37, 40, 47, 238, 147, 5, 58, 48, 236, 223, 59, 153, 149, 19, 89, 0]
Volume: 7.55
Cost: 9493
