OFV: 18457.0

Route: [0, 68, 78, 45, 85, 5, 37, 62, 76, 9, 79, 4, 60, 22, 27, 55, 95, 50, 71, 8, 72, 84, 99, 59, 44, 19, 47, 80, 83, 26, 7, 96, 67, 57, 93, 91, 0]
Volume: 4.4375
Cost: 5973
Route: [0, 23, 49, 53, 2, 75, 69, 1, 24, 40, 61, 15, 29, 6, 81, 97, 56, 88, 64, 87, 86, 74, 18, 90, 16, 58, 36, 39, 10, 33, 31, 35, 73, 34, 13, 21, 12, 0]
Volume: 4.7356
Cost: 6507
Route: [0, 30, 92, 28, 66, 20, 46, 3, 63, 65, 11, 94, 41, 17, 14, 98, 70, 38, 82, 89, 51, 42, 25, 43, 54, 48, 32, 77, 52, 0]
Volume: 3.695
Cost: 5977
