OFV: 61680.0

Route: [0, 191, 125, 148, 2, 146, 131, 42, 228, 222, 243, 96, 12, 0]
Volume: 4.998
Cost: 2591
Route: [0, 137, 75, 189, 62, 197, 200, 29, 60, 7, 40, 70, 126, 9, 207, 0]
Volume: 4.85
Cost: 2583
Route: [0, 72, 166, 106, 196, 33, 170, 161, 11, 31, 14, 176, 144, 30, 0]
Volume: 4.944
Cost: 3088
Route: [0, 216, 120, 143, 108, 157, 220, 234, 246, 205, 0]
Volume: 4.79
Cost: 2642
Route: [0, 212, 127, 214, 206, 242, 219, 138, 89, 85, 0]
Volume: 4.608
Cost: 2409
Route: [0, 201, 57, 37, 76, 79, 86, 110, 38, 232, 184, 80, 0]
Volume: 4.9601
Cost: 2079
Route: [0, 67, 183, 101, 236, 93, 73, 35, 238, 171, 81, 186, 13, 0]
Volume: 4.9221
Cost: 3476
Route: [0, 167, 36, 210, 1, 103, 66, 104, 130, 229, 0]
Volume: 4.8759
Cost: 3697
Route: [0, 185, 123, 92, 180, 118, 113, 26, 0]
Volume: 4.992
Cost: 2353
Route: [0, 49, 181, 117, 152, 34, 202, 136, 111, 109, 154, 41, 0]
Volume: 4.752
Cost: 2362
Route: [0, 175, 239, 116, 23, 0]
Volume: 4.492
Cost: 1196
Route: [0, 224, 133, 156, 121, 105, 112, 0]
Volume: 4.826
Cost: 1963
Route: [0, 19, 241, 132, 221, 53, 47, 162, 223, 135, 48, 194, 6, 0]
Volume: 4.942
Cost: 3331
Route: [0, 172, 77, 187, 182, 245, 100, 122, 25, 0]
Volume: 4.858
Cost: 2387
Route: [0, 24, 195, 129, 94, 159, 90, 165, 230, 102, 45, 18, 0]
Volume: 4.396
Cost: 1945
Route: [0, 15, 240, 39, 99, 244, 142, 20, 0]
Volume: 5.0
Cost: 2098
Route: [0, 32, 190, 61, 174, 231, 128, 147, 74, 217, 151, 235, 69, 199, 139, 0]
Volume: 4.958
Cost: 2953
Route: [0, 178, 168, 134, 198, 164, 95, 233, 193, 10, 88, 82, 68, 0]
Volume: 4.812
Cost: 2561
Route: [0, 177, 213, 63, 21, 71, 218, 124, 50, 43, 208, 227, 0]
Volume: 4.7601
Cost: 2568
Route: [0, 114, 145, 44, 52, 84, 3, 22, 87, 91, 59, 149, 0]
Volume: 4.86
Cost: 3501
Route: [0, 8, 226, 78, 107, 153, 173, 203, 158, 58, 0]
Volume: 4.9461
Cost: 2294
Route: [0, 65, 249, 163, 237, 188, 28, 51, 215, 204, 160, 54, 5, 0]
Volume: 4.9182
Cost: 2464
Route: [0, 97, 209, 64, 16, 140, 119, 141, 192, 46, 56, 0]
Volume: 4.548
Cost: 1382
Route: [0, 248, 155, 4, 55, 150, 115, 225, 98, 27, 0]
Volume: 4.9541
Cost: 2515
Route: [0, 169, 179, 83, 211, 247, 17, 0]
Volume: 4.7561
Cost: 1242
