OFV: 1122846.0

Route: [0, 258, 185, 6, 56, 172, 300, 55, 0]
Volume: 4.848
Cost: 14546
Route: [0, 481, 480, 180, 212, 350, 454, 270, 312, 273, 0]
Volume: 4.958
Cost: 9848
Route: [0, 440, 133, 459, 469, 366, 478, 97, 96, 221, 111, 91, 174, 0]
Volume: 4.884
Cost: 17108
Route: [0, 371, 158, 43, 413, 308, 75, 220, 483, 87, 83, 458, 65, 102, 0]
Volume: 4.986
Cost: 28267
Route: [0, 168, 315, 346, 278, 499, 0]
Volume: 4.9419
Cost: 22799
Route: [0, 104, 183, 165, 76, 68, 53, 390, 352, 378, 227, 283, 177, 364, 194, 0]
Volume: 4.976
Cost: 32635
Route: [0, 460, 349, 248, 125, 250, 52, 380, 0]
Volume: 4.97
Cost: 20027
Route: [0, 16, 17, 370, 436, 368, 414, 348, 153, 0]
Volume: 4.896
Cost: 26113
Route: [0, 241, 389, 384, 101, 297, 23, 427, 472, 0]
Volume: 4.8401
Cost: 13738
Route: [0, 95, 325, 90, 33, 356, 268, 210, 0]
Volume: 4.752
Cost: 15552
Route: [0, 338, 449, 199, 138, 114, 392, 202, 299, 151, 245, 112, 256, 0]
Volume: 4.952
Cost: 21495
Route: [0, 14, 169, 420, 167, 395, 291, 115, 456, 9, 7, 0]
Volume: 4.916
Cost: 22135
Route: [0, 467, 310, 190, 89, 189, 2, 259, 430, 363, 0]
Volume: 4.986
Cost: 21312
Route: [0, 49, 410, 13, 276, 266, 319, 0]
Volume: 4.792
Cost: 16935
Route: [0, 29, 15, 122, 382, 262, 405, 285, 313, 0]
Volume: 4.9861
Cost: 28951
Route: [0, 187, 198, 226, 347, 252, 92, 156, 84, 326, 126, 254, 159, 0]
Volume: 4.994
Cost: 24348
Route: [0, 453, 473, 46, 305, 119, 431, 229, 31, 247, 230, 317, 0]
Volume: 4.9921
Cost: 24283
Route: [0, 217, 343, 149, 255, 303, 435, 292, 438, 0]
Volume: 4.99
Cost: 23667
Route: [0, 358, 257, 146, 361, 208, 142, 41, 39, 42, 21, 0]
Volume: 4.94
Cost: 24934
Route: [0, 400, 369, 365, 311, 120, 289, 330, 402, 446, 261, 0]
Volume: 4.966
Cost: 26847
Route: [0, 439, 19, 155, 82, 135, 477, 302, 0]
Volume: 4.852
Cost: 19830
Route: [0, 385, 249, 232, 128, 246, 98, 44, 48, 236, 290, 0]
Volume: 4.9241
Cost: 24893
Route: [0, 196, 161, 329, 314, 129, 118, 234, 214, 204, 376, 213, 61, 0]
Volume: 4.946
Cost: 17979
Route: [0, 224, 409, 235, 193, 372, 147, 240, 130, 381, 231, 191, 334, 211, 404, 0]
Volume: 4.93
Cost: 15443
Route: [0, 307, 489, 494, 265, 134, 123, 407, 0]
Volume: 3.732
Cost: 11786
Route: [0, 253, 362, 85, 238, 282, 0]
Volume: 4.78
Cost: 16121
Route: [0, 260, 465, 471, 432, 154, 269, 386, 411, 274, 353, 495, 0]
Volume: 4.958
Cost: 20679
Route: [0, 442, 406, 367, 160, 70, 491, 335, 0]
Volume: 4.98
Cost: 15662
Route: [0, 351, 487, 73, 475, 137, 11, 474, 162, 0]
Volume: 4.316
Cost: 12580
Route: [0, 233, 24, 396, 197, 272, 333, 8, 323, 464, 94, 393, 443, 412, 482, 0]
Volume: 4.9241
Cost: 26191
Route: [0, 417, 27, 295, 63, 188, 45, 422, 493, 419, 184, 28, 497, 0]
Volume: 4.992
Cost: 22133
Route: [0, 425, 57, 462, 415, 328, 359, 452, 59, 0]
Volume: 4.96
Cost: 19587
Route: [0, 284, 99, 345, 203, 450, 0]
Volume: 4.824
Cost: 15057
Route: [0, 399, 468, 222, 336, 30, 148, 25, 32, 195, 69, 331, 140, 0]
Volume: 4.9061
Cost: 37238
Route: [0, 127, 239, 88, 219, 152, 209, 433, 466, 0]
Volume: 4.996
Cost: 23348
Route: [0, 132, 424, 434, 451, 251, 401, 103, 306, 0]
Volume: 4.974
Cost: 25847
Route: [0, 375, 166, 444, 205, 280, 470, 181, 342, 3, 244, 287, 418, 0]
Volume: 4.986
Cost: 18612
Route: [0, 223, 428, 320, 327, 207, 298, 67, 62, 263, 447, 271, 0]
Volume: 4.98
Cost: 23711
Route: [0, 492, 170, 163, 201, 293, 144, 0]
Volume: 4.8481
Cost: 18548
Route: [0, 387, 200, 383, 105, 26, 391, 206, 237, 332, 192, 486, 304, 0]
Volume: 4.968
Cost: 22845
Route: [0, 225, 423, 488, 0]
Volume: 2.296
Cost: 5728
Route: [0, 267, 38, 173, 40, 490, 139, 58, 403, 321, 373, 0]
Volume: 4.9581
Cost: 23625
Route: [0, 286, 36, 309, 215, 109, 77, 121, 179, 398, 0]
Volume: 4.988
Cost: 26475
Route: [0, 157, 461, 388, 37, 54, 66, 498, 455, 279, 0]
Volume: 4.946
Cost: 26643
Route: [0, 80, 416, 12, 316, 72, 484, 228, 288, 22, 34, 4, 242, 176, 143, 141, 71, 171, 0]
Volume: 4.996
Cost: 23143
Route: [0, 355, 277, 294, 108, 86, 445, 322, 275, 0]
Volume: 4.98
Cost: 21931
Route: [0, 64, 421, 93, 106, 182, 341, 100, 18, 136, 426, 463, 175, 0]
Volume: 4.98
Cost: 29651
Route: [0, 496, 360, 318, 186, 81, 339, 107, 20, 357, 0]
Volume: 4.048
Cost: 10129
Route: [0, 479, 113, 457, 164, 1, 448, 124, 79, 10, 296, 0]
Volume: 4.862
Cost: 15151
Route: [0, 340, 145, 117, 216, 337, 281, 78, 116, 150, 301, 0]
Volume: 4.988
Cost: 25756
Route: [0, 50, 408, 344, 429, 485, 243, 131, 354, 35, 264, 379, 0]
Volume: 4.9441
Cost: 34295
Route: [0, 377, 324, 110, 218, 47, 51, 437, 5, 476, 74, 441, 394, 178, 60, 374, 397, 0]
Volume: 4.974
Cost: 36689
