OFV: 638646.0

Route: [0, 228, 331, 144, 95, 373, 108, 348, 289, 472, 369, 60, 433, 486, 449, 121, 253, 470, 294, 450, 111, 494, 22, 460, 391, 7, 222, 407, 446, 416, 314, 357, 414, 437, 180, 88, 112, 483, 328, 349, 261, 54, 452, 339, 245, 160, 158, 309, 203, 283, 23, 489, 307, 33, 156, 281, 199, 237, 291, 301, 13, 247, 194, 367, 346, 484, 385, 173, 363, 259, 101, 181, 404, 476, 217, 456, 52, 4, 188, 182, 432, 473, 225, 162, 141, 82, 402, 76, 447, 212, 103, 277, 16, 286, 352, 230, 368, 84, 74, 45, 469, 53, 0]
Volume: 12.4698
Cost: 104590
Route: [0, 295, 49, 238, 166, 223, 441, 78, 208, 90, 326, 75, 451, 69, 161, 344, 37, 233, 118, 100, 154, 265, 189, 27, 343, 361, 89, 39, 250, 370, 386, 275, 207, 164, 492, 430, 120, 481, 31, 443, 5, 1, 254, 21, 59, 127, 206, 311, 395, 405, 105, 496, 337, 169, 440, 360, 270, 153, 403, 220, 409, 464, 36, 15, 300, 201, 104, 142, 50, 461, 383, 107, 491, 157, 35, 179, 466, 102, 198, 94, 413, 490, 345, 465, 321, 401, 341, 298, 41, 205, 110, 0]
Volume: 12.4882
Cost: 113010
Route: [0, 444, 438, 55, 24, 304, 318, 136, 91, 193, 187, 479, 287, 324, 132, 262, 117, 260, 86, 499, 471, 419, 185, 284, 273, 426, 487, 364, 226, 387, 434, 216, 378, 317, 99, 38, 303, 159, 312, 266, 313, 202, 213, 359, 380, 175, 17, 197, 280, 427, 67, 209, 2, 9, 292, 285, 29, 106, 8, 172, 195, 125, 126, 393, 467, 79, 340, 459, 85, 293, 453, 396, 171, 429, 168, 64, 240, 62, 264, 57, 255, 63, 221, 330, 43, 399, 389, 46, 356, 400, 390, 183, 397, 329, 355, 145, 376, 6, 149, 65, 68, 72, 242, 0]
Volume: 12.4467
Cost: 139870
Route: [0, 25, 234, 333, 70, 302, 327, 71, 215, 269, 177, 239, 282, 115, 167, 93, 243, 468, 493, 274, 163, 186, 137, 140, 28, 87, 134, 58, 296, 422, 73, 424, 148, 278, 485, 128, 457, 114, 124, 366, 130, 290, 276, 375, 365, 178, 204, 319, 362, 431, 306, 192, 423, 410, 18, 170, 336, 420, 310, 96, 421, 445, 338, 374, 56, 463, 77, 61, 48, 288, 497, 244, 353, 415, 448, 381, 268, 425, 12, 51, 236, 417, 320, 109, 97, 219, 0]
Volume: 10.8467
Cost: 109396
Route: [0, 480, 40, 384, 382, 152, 147, 252, 184, 191, 325, 334, 347, 227, 455, 388, 267, 297, 174, 488, 241, 498, 251, 398, 113, 80, 232, 231, 139, 249, 358, 436, 495, 392, 146, 342, 322, 133, 235, 439, 190, 138, 92, 218, 379, 20, 418, 44, 435, 155, 10, 394, 34, 406, 176, 323, 150, 258, 478, 408, 0]
Volume: 9.243
Cost: 90104
Route: [0, 377, 129, 196, 428, 482, 332, 116, 372, 350, 246, 475, 299, 248, 11, 210, 83, 30, 26, 3, 151, 47, 119, 263, 229, 354, 279, 412, 131, 214, 272, 19, 66, 477, 123, 411, 351, 98, 224, 442, 454, 458, 211, 32, 256, 200, 14, 371, 257, 81, 135, 271, 143, 316, 462, 308, 335, 42, 305, 315, 165, 122, 474, 0]
Volume: 9.2493
Cost: 81676
