OFV: 98160.0

Route: [0, 309, 479, 19, 4, 25, 261, 185, 320, 132, 55, 111, 254, 156, 50, 348, 345, 260, 105, 33, 339, 131, 347, 210, 76, 77, 137, 355, 273, 54, 289, 189, 151, 262, 248, 466, 80, 232, 322, 428, 250, 241, 42, 477, 321, 474, 70, 224, 401, 64, 377, 341, 150, 129, 449, 416, 190, 403, 202, 276, 422, 149, 424, 8, 225, 402, 468, 253, 267, 440, 456, 146, 86, 22, 212, 333, 303, 447, 104, 119, 235, 155, 305, 239, 21, 168, 153, 414, 53, 497, 390, 413, 51, 316, 307, 460, 0]
Volume: 12.292
Cost: 15682
Route: [0, 91, 41, 73, 327, 441, 299, 265, 244, 411, 109, 2, 419, 214, 46, 60, 124, 95, 45, 176, 180, 332, 290, 271, 323, 481, 69, 275, 9, 492, 74, 228, 454, 187, 329, 166, 467, 404, 483, 278, 359, 274, 435, 47, 157, 93, 6, 372, 43, 421, 0]
Volume: 6.76
Cost: 11098
Route: [0, 100, 470, 351, 438, 65, 293, 480, 44, 471, 108, 486, 1, 90, 338, 426, 161, 374, 268, 171, 72, 158, 361, 350, 5, 223, 255, 450, 140, 392, 423, 203, 360, 310, 397, 407, 192, 281, 215, 482, 52, 238, 246, 445, 417, 20, 96, 63, 174, 298, 143, 475, 227, 30, 103, 356, 277, 37, 162, 257, 388, 380, 38, 427, 473, 251, 385, 352, 373, 453, 493, 7, 101, 318, 218, 245, 206, 396, 457, 469, 61, 144, 184, 160, 217, 10, 117, 451, 0]
Volume: 11.3388
Cost: 11839
Route: [0, 282, 484, 284, 85, 39, 194, 178, 312, 489, 31, 258, 315, 220, 123, 188, 367, 243, 420, 145, 412, 408, 247, 236, 128, 444, 35, 259, 287, 442, 186, 463, 40, 302, 29, 409, 431, 386, 167, 121, 209, 368, 107, 376, 88, 317, 170, 485, 395, 237, 79, 488, 446, 362, 67, 358, 112, 366, 222, 193, 49, 313, 297, 272, 207, 48, 139, 337, 11, 110, 17, 433, 383, 498, 429, 363, 122, 286, 384, 452, 478, 142, 182, 311, 283, 378, 459, 183, 369, 336, 393, 0]
Volume: 11.9448
Cost: 16871
Route: [0, 308, 200, 27, 94, 32, 126, 410, 147, 173, 335, 353, 494, 135, 136, 127, 14, 92, 296, 344, 331, 357, 330, 249, 381, 349, 204, 400, 472, 219, 263, 394, 399, 229, 295, 152, 159, 181, 458, 314, 387, 75, 3, 455, 415, 81, 26, 301, 270, 365, 405, 342, 58, 208, 490, 120, 36, 102, 195, 56, 280, 66, 0]
Volume: 8.1398
Cost: 13451
Route: [0, 496, 328, 191, 83, 115, 154, 179, 197, 148, 233, 430, 230, 226, 382, 266, 324, 87, 12, 264, 163, 495, 16, 216, 370, 221, 437, 89, 199, 84, 279, 28, 499, 118, 59, 13, 68, 98, 461, 34, 418, 234, 113, 198, 354, 288, 138, 294, 134, 201, 116, 300, 0]
Volume: 6.9705
Cost: 15086
Route: [0, 130, 448, 242, 326, 269, 398, 334, 340, 164, 78, 375, 18, 462, 285, 487, 165, 364, 476, 439, 465, 175, 205, 82, 114, 346, 231, 391, 379, 464, 23, 436, 172, 196, 319, 141, 213, 304, 325, 57, 306, 434, 291, 343, 371, 406, 211, 425, 133, 256, 443, 432, 97, 106, 125, 292, 389, 24, 240, 252, 62, 15, 491, 71, 177, 99, 169, 0]
Volume: 8.681
Cost: 14133
