OFV: 890322.0

Route: [0, 150, 157, 57, 172, 303, 310, 120, 194, 64, 144, 228, 235, 251, 173, 43, 214, 396, 108, 496, 294, 367, 125, 37, 220, 0]
Volume: 4.948
Cost: 49008
Route: [0, 76, 164, 95, 237, 316, 138, 336, 257, 276, 29, 313, 459, 84, 498, 193, 381, 255, 176, 141, 480, 0]
Volume: 4.9781
Cost: 38332
Route: [0, 264, 115, 188, 286, 249, 412, 386, 392, 202, 357, 20, 420, 360, 236, 142, 455, 312, 479, 0]
Volume: 4.959
Cost: 25302
Route: [0, 48, 497, 428, 326, 335, 19, 49, 27, 328, 435, 204, 433, 416, 450, 210, 473, 447, 320, 33, 467, 466, 308, 248, 0]
Volume: 4.955
Cost: 33776
Route: [0, 424, 160, 211, 83, 397, 329, 491, 389, 270, 273, 93, 169, 259, 128, 56, 278, 221, 174, 161, 458, 285, 127, 44, 0]
Volume: 4.997
Cost: 30165
Route: [0, 366, 351, 464, 198, 139, 28, 284, 16, 493, 443, 395, 462, 60, 11, 100, 73, 178, 485, 382, 126, 35, 0]
Volume: 4.989
Cost: 37600
Route: [0, 374, 96, 333, 463, 90, 222, 344, 5, 436, 226, 362, 230, 50, 334, 0]
Volume: 4.912
Cost: 39420
Route: [0, 254, 440, 81, 307, 140, 0]
Volume: 1.407
Cost: 16208
Route: [0, 227, 456, 22, 78, 47, 159, 72, 133, 183, 145, 292, 346, 470, 123, 58, 438, 98, 417, 212, 208, 487, 0]
Volume: 4.992
Cost: 35127
Route: [0, 457, 481, 419, 241, 422, 300, 338, 166, 283, 185, 437, 167, 343, 375, 0]
Volume: 4.06
Cost: 19377
Route: [0, 405, 34, 36, 132, 77, 265, 330, 471, 179, 243, 475, 195, 25, 38, 94, 0]
Volume: 4.959
Cost: 35602
Route: [0, 358, 364, 21, 365, 425, 225, 51, 379, 70, 490, 143, 359, 67, 483, 325, 281, 398, 105, 59, 445, 68, 0]
Volume: 4.9872
Cost: 38188
Route: [0, 205, 92, 295, 117, 23, 262, 361, 461, 339, 186, 42, 256, 177, 305, 110, 203, 88, 109, 74, 12, 267, 0]
Volume: 4.9831
Cost: 48722
Route: [0, 387, 465, 486, 342, 207, 260, 407, 378, 17, 289, 250, 103, 460, 65, 170, 118, 423, 327, 439, 372, 242, 0]
Volume: 4.7951
Cost: 26955
Route: [0, 218, 197, 301, 302, 158, 192, 233, 102, 253, 32, 321, 62, 63, 4, 0]
Volume: 4.998
Cost: 30176
Route: [0, 349, 131, 427, 297, 18, 30, 446, 499, 122, 239, 495, 9, 403, 0]
Volume: 4.989
Cost: 31090
Route: [0, 484, 451, 369, 240, 477, 266, 7, 91, 66, 383, 187, 216, 388, 156, 377, 430, 107, 151, 86, 350, 217, 0]
Volume: 4.871
Cost: 27620
Route: [0, 476, 429, 213, 332, 331, 181, 442, 154, 309, 482, 380, 363, 279, 41, 26, 234, 448, 0]
Volume: 4.86
Cost: 28994
Route: [0, 82, 282, 15, 319, 121, 290, 61, 404, 277, 155, 413, 184, 411, 135, 337, 400, 0]
Volume: 4.9851
Cost: 37280
Route: [0, 245, 402, 215, 418, 224, 116, 54, 454, 199, 414, 55, 136, 101, 474, 348, 8, 180, 106, 406, 434, 219, 426, 163, 393, 268, 304, 80, 153, 354, 85, 0]
Volume: 4.9821
Cost: 43107
Route: [0, 401, 287, 24, 275, 345, 371, 244, 190, 124, 10, 449, 129, 318, 272, 14, 271, 231, 494, 441, 314, 370, 223, 97, 347, 280, 488, 0]
Volume: 4.978
Cost: 36438
Route: [0, 323, 341, 399, 263, 391, 148, 452, 99, 311, 171, 182, 112, 431, 408, 238, 137, 322, 2, 46, 52, 69, 261, 0]
Volume: 4.9241
Cost: 49674
Route: [0, 478, 468, 274, 394, 162, 368, 390, 175, 209, 75, 134, 298, 296, 409, 373, 3, 0]
Volume: 4.897
Cost: 22465
Route: [0, 288, 229, 191, 317, 291, 472, 306, 415, 71, 189, 293, 40, 299, 469, 200, 201, 13, 165, 39, 324, 376, 53, 252, 87, 453, 152, 247, 196, 79, 0]
Volume: 4.9901
Cost: 36189
Route: [0, 119, 385, 246, 206, 444, 113, 149, 6, 384, 232, 147, 1, 146, 492, 340, 315, 421, 0]
Volume: 4.9292
Cost: 42127
Route: [0, 352, 489, 353, 45, 31, 130, 168, 104, 114, 356, 269, 258, 89, 410, 432, 355, 111, 0]
Volume: 4.9999
Cost: 31380
