OFV: 49428.0

Route: [0, 211, 72, 206, 169, 10, 233, 64, 188, 208, 39, 17, 191, 4, 111, 15, 173, 57, 168, 136, 142, 69, 190, 153, 219, 129, 74, 140, 19, 146, 244, 45, 202, 61, 174, 22, 86, 84, 97, 157, 204, 95, 161, 43, 199, 154, 23, 28, 105, 68, 160, 106, 48, 170, 212, 49, 3, 0]
Volume: 11.4611
Cost: 12263
Route: [0, 214, 200, 96, 152, 16, 52, 220, 76, 50, 35, 179, 81, 198, 247, 246, 180, 47, 163, 164, 40, 0]
Volume: 5.3742
Cost: 4547
Route: [0, 58, 229, 37, 243, 197, 87, 245, 94, 149, 249, 192, 55, 8, 238, 123, 181, 156, 240, 88, 11, 33, 102, 85, 70, 41, 0]
Volume: 8.434
Cost: 5161
Route: [0, 166, 120, 178, 185, 126, 93, 227, 12, 63, 13, 89, 165, 14, 215, 225, 38, 235, 122, 216, 207, 77, 172, 112, 228, 135, 104, 53, 182, 201, 6, 159, 203, 121, 171, 78, 42, 195, 237, 150, 46, 224, 147, 79, 27, 124, 108, 0]
Volume: 9.9392
Cost: 6763
Route: [0, 82, 234, 230, 83, 242, 92, 116, 113, 18, 231, 101, 132, 145, 90, 62, 114, 44, 137, 98, 223, 158, 189, 196, 20, 51, 31, 7, 241, 59, 218, 134, 65, 60, 217, 205, 248, 167, 34, 118, 194, 99, 131, 75, 183, 143, 103, 26, 100, 0]
Volume: 12.4122
Cost: 9317
Route: [0, 139, 32, 193, 110, 29, 221, 186, 187, 175, 162, 236, 213, 25, 210, 73, 5, 177, 109, 91, 107, 209, 138, 54, 1, 155, 127, 232, 67, 148, 66, 222, 239, 56, 144, 130, 80, 21, 184, 36, 30, 125, 226, 133, 71, 2, 151, 141, 176, 24, 117, 9, 119, 128, 115, 0]
Volume: 12.2208
Cost: 11377
