OFV: 1629647.0

Route: [0, 97, 110, 54, 126, 118, 148, 125, 57, 60, 28, 11, 198, 0]
Volume: 4.96
Cost: 68384
Route: [0, 245, 222, 51, 102, 103, 30, 230, 160, 37, 170, 0]
Volume: 4.838
Cost: 74265
Route: [0, 111, 121, 70, 69, 42, 32, 185, 62, 99, 44, 109, 79, 164, 0]
Volume: 4.9841
Cost: 66317
Route: [0, 45, 35, 241, 41, 181, 172, 154, 182, 192, 0]
Volume: 4.902
Cost: 68086
Route: [0, 76, 146, 210, 73, 133, 236, 21, 195, 59, 156, 115, 215, 0]
Volume: 4.98
Cost: 72617
Route: [0, 188, 205, 194, 217, 58, 144, 7, 3, 159, 66, 0]
Volume: 4.732
Cost: 63165
Route: [0, 81, 94, 29, 213, 0]
Volume: 3.68
Cost: 41155
Route: [0, 1, 207, 10, 248, 127, 65, 219, 202, 203, 0]
Volume: 4.992
Cost: 70960
Route: [0, 117, 34, 9, 191, 47, 179, 128, 229, 83, 221, 15, 82, 145, 61, 0]
Volume: 4.982
Cost: 73975
Route: [0, 226, 107, 77, 174, 231, 43, 64, 122, 93, 0]
Volume: 4.696
Cost: 52853
Route: [0, 19, 189, 175, 74, 209, 227, 225, 39, 0]
Volume: 4.8741
Cost: 70927
Route: [0, 105, 212, 120, 36, 78, 52, 0]
Volume: 4.9639
Cost: 57298
Route: [0, 193, 218, 196, 16, 153, 87, 53, 200, 143, 96, 162, 24, 150, 197, 163, 244, 149, 173, 56, 23, 208, 0]
Volume: 4.988
Cost: 98201
Route: [0, 165, 5, 80, 152, 147, 85, 49, 161, 201, 216, 134, 84, 55, 14, 0]
Volume: 4.976
Cost: 78160
Route: [0, 63, 98, 168, 20, 141, 142, 67, 40, 92, 119, 235, 114, 0]
Volume: 4.8401
Cost: 69757
Route: [0, 33, 95, 88, 6, 72, 108, 177, 137, 75, 0]
Volume: 4.972
Cost: 71351
Route: [0, 116, 12, 176, 90, 136, 129, 132, 91, 0]
Volume: 4.822
Cost: 69232
Route: [0, 243, 71, 240, 246, 183, 113, 8, 238, 13, 131, 140, 157, 17, 89, 167, 0]
Volume: 4.936
Cost: 74072
Route: [0, 171, 139, 48, 214, 178, 242, 46, 2, 204, 0]
Volume: 4.966
Cost: 76583
Route: [0, 38, 180, 184, 26, 130, 106, 232, 0]
Volume: 4.44
Cost: 47459
Route: [0, 27, 18, 138, 68, 50, 155, 135, 199, 100, 233, 158, 0]
Volume: 4.9521
Cost: 58995
Route: [0, 101, 234, 151, 169, 220, 237, 0]
Volume: 4.92
Cost: 50654
Route: [0, 187, 104, 124, 86, 31, 228, 247, 123, 224, 0]
Volume: 4.99
Cost: 74684
Route: [0, 239, 25, 4, 166, 211, 190, 206, 112, 22, 249, 186, 223, 0]
Volume: 4.996
Cost: 80497
