OFV: 100103.0

Route: [0, 13, 59, 52, 74, 12, 35, 66, 28, 15, 87, 34, 57, 20, 83, 38, 22, 60, 18, 9, 96, 86, 58, 95, 65, 5, 73, 46, 89, 56, 23, 75, 11, 84, 80, 68, 49, 36, 17, 64, 0]
Volume: 4.9871
Cost: 36655
Route: [0, 47, 45, 54, 25, 6, 44, 24, 92, 82, 2, 37, 99, 67, 53, 50, 81, 98, 8, 16, 79, 51, 94, 43, 14, 70, 33, 1, 91, 55, 39, 42, 77, 61, 21, 10, 4, 69, 32, 0]
Volume: 4.364
Cost: 35231
Route: [0, 41, 27, 7, 3, 76, 26, 31, 63, 85, 88, 90, 78, 62, 93, 40, 19, 29, 72, 97, 30, 71, 48, 0]
Volume: 2.9115
Cost: 28217
