OFV: 16084.0

Route: [0, 30, 12, 72, 42, 91, 46, 21, 84, 55, 17, 68, 57, 76, 69, 2, 32, 64, 96, 48, 86, 63, 79, 80, 16, 10, 93, 43, 4, 87, 92, 25, 83, 38, 44, 19, 24, 0]
Volume: 4.6795
Cost: 4251
Route: [0, 7, 59, 58, 90, 82, 14, 62, 49, 18, 40, 54, 34, 37, 67, 13, 75, 27, 60, 3, 1, 70, 78, 50, 71, 94, 52, 47, 73, 56, 11, 45, 74, 77, 0]
Volume: 3.7096
Cost: 5501
Route: [0, 88, 95, 33, 81, 8, 41, 98, 35, 26, 6, 85, 39, 23, 36, 15, 22, 9, 65, 51, 29, 61, 53, 99, 20, 66, 31, 5, 97, 28, 89, 0]
Volume: 3.8243
Cost: 6332
