OFV: 143485.0

Route: [0, 147, 21, 102, 212, 160, 127, 218, 139, 198, 136, 192, 97, 213, 241, 186, 216, 104, 19, 85, 231, 34, 59, 23, 18, 205, 183, 10, 44, 63, 95, 15, 154, 220, 151, 228, 69, 52, 232, 93, 90, 225, 179, 196, 133, 224, 33, 72, 56, 67, 12, 4, 111, 1, 92, 219, 8, 180, 47, 143, 125, 162, 144, 140, 243, 28, 150, 86, 17, 114, 57, 191, 171, 46, 3, 26, 166, 128, 79, 134, 66, 145, 119, 122, 157, 173, 207, 107, 248, 148, 120, 100, 238, 68, 48, 76, 0]
Volume: 11.152
Cost: 59656
Route: [0, 235, 41, 108, 60, 130, 240, 29, 129, 164, 163, 141, 170, 206, 175, 113, 31, 32, 152, 187, 96, 236, 165, 25, 84, 98, 118, 73, 193, 58, 208, 78, 184, 210, 138, 217, 99, 94, 77, 89, 81, 234, 246, 189, 49, 214, 80, 229, 82, 197, 87, 153, 64, 199, 30, 106, 117, 22, 132, 201, 27, 239, 37, 142, 202, 230, 204, 190, 242, 177, 36, 109, 181, 43, 50, 38, 226, 88, 149, 70, 101, 124, 200, 39, 65, 131, 161, 40, 185, 247, 7, 182, 159, 11, 6, 244, 221, 188, 0]
Volume: 12.2997
Cost: 50574
Route: [0, 168, 174, 2, 211, 5, 105, 103, 169, 71, 24, 126, 112, 194, 156, 121, 110, 123, 14, 137, 176, 223, 203, 245, 116, 227, 74, 172, 222, 146, 53, 42, 195, 55, 178, 20, 155, 51, 54, 249, 233, 61, 62, 13, 45, 16, 215, 35, 75, 158, 91, 115, 135, 167, 83, 237, 209, 9, 0]
Volume: 7.7169
Cost: 33255
