OFV: 159750.0

Route: [0, 235, 49, 232, 93, 90, 33, 72, 224, 56, 67, 12, 4, 111, 118, 84, 98, 113, 180, 47, 8, 125, 162, 143, 144, 140, 28, 243, 86, 17, 114, 57, 191, 46, 171, 79, 166, 128, 134, 66, 3, 26, 150, 145, 29, 240, 237, 209, 9, 0]
Volume: 11.908
Cost: 34120
Route: [0, 41, 108, 60, 130, 129, 164, 163, 141, 170, 206, 1, 175, 92, 219, 31, 32, 152, 187, 96, 236, 165, 25, 184, 196, 133, 210, 138, 78, 73, 193, 58, 208, 225, 179, 217, 99, 94, 77, 234, 246, 189, 89, 81, 0]
Volume: 10.527
Cost: 29057
Route: [0, 2, 211, 5, 105, 103, 169, 71, 24, 112, 194, 156, 126, 121, 123, 110, 14, 137, 176, 223, 203, 116, 245, 227, 74, 172, 42, 222, 146, 53, 195, 55, 178, 20, 155, 51, 54, 249, 233, 61, 62, 215, 16, 45, 13, 35, 75, 158, 76, 0]
Volume: 11.6211
Cost: 31409
Route: [0, 168, 83, 135, 167, 115, 91, 122, 119, 157, 48, 68, 174, 100, 238, 173, 207, 120, 107, 248, 148, 7, 247, 161, 185, 40, 131, 182, 159, 11, 6, 244, 221, 188, 0]
Volume: 9.183
Cost: 10222
Route: [0, 124, 101, 70, 88, 38, 226, 149, 21, 36, 109, 181, 43, 147, 50, 102, 177, 212, 160, 127, 242, 190, 230, 204, 218, 97, 205, 183, 10, 63, 15, 44, 19, 85, 231, 34, 59, 23, 18, 106, 30, 0]
Volume: 9.6842
Cost: 29262
Route: [0, 65, 39, 200, 117, 22, 132, 201, 239, 27, 202, 142, 37, 139, 198, 136, 192, 213, 241, 186, 154, 151, 220, 216, 104, 214, 69, 228, 52, 95, 64, 87, 197, 153, 80, 82, 199, 229, 0]
Volume: 11.7639
Cost: 25680
