OFV: 1382487.0

Route: [0, 115, 93, 243, 468, 493, 163, 137, 28, 140, 186, 0]
Volume: 4.932
Cost: 28305
Route: [0, 25, 234, 70, 71, 327, 302, 55, 438, 444, 0]
Volume: 4.838
Cost: 11209
Route: [0, 281, 199, 301, 13, 247, 109, 377, 0]
Volume: 5.0
Cost: 18226
Route: [0, 64, 168, 429, 22, 460, 391, 7, 69, 355, 145, 88, 6, 0]
Volume: 4.996
Cost: 37745
Route: [0, 23, 237, 291, 113, 251, 241, 14, 257, 160, 0]
Volume: 4.892
Cost: 21076
Route: [0, 462, 341, 298, 227, 455, 388, 334, 347, 325, 191, 382, 384, 0]
Volume: 4.7501
Cost: 26325
Route: [0, 309, 158, 339, 452, 321, 401, 465, 345, 413, 490, 316, 40, 0]
Volume: 4.994
Cost: 25888
Route: [0, 136, 187, 479, 324, 132, 306, 423, 196, 0]
Volume: 4.924
Cost: 18547
Route: [0, 333, 370, 250, 39, 386, 89, 492, 164, 207, 275, 481, 147, 0]
Volume: 4.52
Cost: 37797
Route: [0, 129, 34, 10, 16, 286, 469, 53, 0]
Volume: 4.996
Cost: 23638
Route: [0, 242, 112, 483, 36, 15, 300, 328, 0]
Volume: 4.96
Cost: 15435
Route: [0, 474, 122, 203, 283, 307, 33, 156, 97, 258, 478, 408, 0]
Volume: 4.916
Cost: 15946
Route: [0, 181, 475, 47, 248, 11, 210, 26, 30, 83, 3, 151, 288, 0]
Volume: 4.808
Cost: 28376
Route: [0, 484, 363, 385, 173, 320, 263, 229, 354, 32, 245, 0]
Volume: 4.98
Cost: 38414
Route: [0, 368, 367, 346, 259, 372, 350, 61, 146, 342, 77, 420, 310, 96, 421, 338, 445, 482, 0]
Volume: 4.9741
Cost: 35949
Route: [0, 331, 108, 289, 60, 369, 472, 95, 144, 315, 0]
Volume: 4.946
Cost: 17546
Route: [0, 287, 387, 226, 364, 378, 216, 319, 362, 91, 304, 0]
Volume: 4.844
Cost: 26271
Route: [0, 428, 497, 244, 353, 415, 448, 381, 12, 425, 268, 51, 236, 417, 232, 231, 0]
Volume: 4.948
Cost: 35611
Route: [0, 424, 313, 202, 213, 266, 197, 280, 318, 0]
Volume: 4.988
Cost: 34015
Route: [0, 54, 349, 464, 409, 254, 21, 430, 120, 31, 443, 261, 0]
Volume: 4.932
Cost: 24603
Route: [0, 58, 296, 422, 285, 106, 292, 29, 87, 134, 274, 0]
Volume: 4.992
Cost: 29114
Route: [0, 272, 214, 412, 131, 279, 19, 98, 224, 442, 371, 0]
Volume: 4.964
Cost: 33295
Route: [0, 46, 356, 400, 389, 221, 330, 43, 399, 255, 63, 57, 329, 0]
Volume: 4.984
Cost: 33737
Route: [0, 336, 170, 18, 410, 394, 406, 0]
Volume: 4.832
Cost: 26073
Route: [0, 188, 48, 392, 476, 456, 277, 0]
Volume: 4.978
Cost: 27331
Route: [0, 441, 433, 470, 294, 450, 111, 494, 348, 0]
Volume: 4.994
Cost: 22770
Route: [0, 114, 124, 485, 128, 148, 278, 457, 366, 130, 276, 0]
Volume: 4.958
Cost: 19635
Route: [0, 398, 458, 454, 211, 200, 256, 498, 0]
Volume: 4.904
Cost: 24676
Route: [0, 192, 92, 463, 322, 133, 235, 439, 56, 218, 379, 374, 323, 0]
Volume: 4.86
Cost: 34391
Route: [0, 49, 78, 208, 90, 326, 451, 75, 295, 0]
Volume: 4.912
Cost: 21411
Route: [0, 365, 204, 434, 17, 175, 380, 359, 312, 159, 317, 99, 38, 303, 0]
Volume: 4.984
Cost: 32430
Route: [0, 489, 135, 198, 466, 102, 179, 35, 143, 0]
Volume: 4.926
Cost: 20722
Route: [0, 24, 375, 178, 290, 269, 0]
Volume: 4.888
Cost: 16323
Route: [0, 416, 446, 314, 397, 357, 183, 240, 62, 264, 390, 414, 305, 65, 0]
Volume: 5.0
Cost: 35340
Route: [0, 404, 246, 217, 141, 82, 162, 76, 447, 402, 103, 0]
Volume: 4.9141
Cost: 33178
Route: [0, 79, 340, 459, 238, 165, 0]
Volume: 4.9859
Cost: 27763
Route: [0, 461, 383, 107, 491, 157, 41, 205, 110, 0]
Volume: 4.78
Cost: 21506
Route: [0, 20, 418, 44, 435, 190, 138, 155, 116, 176, 0]
Volume: 4.888
Cost: 31446
Route: [0, 407, 222, 233, 37, 344, 161, 118, 376, 42, 0]
Volume: 4.538
Cost: 24972
Route: [0, 27, 361, 252, 184, 152, 0]
Volume: 4.96
Cost: 22087
Route: [0, 100, 189, 343, 496, 337, 169, 105, 405, 1, 153, 220, 403, 0]
Volume: 4.892
Cost: 26569
Route: [0, 193, 431, 262, 117, 260, 86, 499, 471, 419, 185, 284, 273, 426, 487, 0]
Volume: 4.974
Cost: 24167
Route: [0, 215, 177, 282, 239, 73, 427, 67, 209, 2, 0]
Volume: 4.804
Cost: 27852
Route: [0, 154, 180, 437, 265, 68, 72, 0]
Volume: 4.9481
Cost: 17169
Route: [0, 167, 9, 172, 195, 8, 125, 126, 467, 393, 0]
Volume: 4.248
Cost: 33722
Route: [0, 81, 488, 351, 411, 123, 477, 66, 267, 297, 174, 94, 271, 0]
Volume: 4.8981
Cost: 37205
Route: [0, 373, 486, 449, 121, 253, 171, 293, 85, 453, 396, 223, 166, 228, 0]
Volume: 4.97
Cost: 29831
Route: [0, 5, 59, 127, 206, 311, 395, 440, 360, 270, 149, 0]
Volume: 4.894
Cost: 23201
Route: [0, 480, 308, 335, 201, 104, 142, 50, 0]
Volume: 4.946
Cost: 15431
Route: [0, 182, 432, 473, 225, 212, 299, 119, 219, 0]
Volume: 4.994
Cost: 32604
Route: [0, 230, 352, 101, 4, 52, 436, 495, 80, 0]
Volume: 4.9779
Cost: 28381
Route: [0, 150, 84, 74, 45, 332, 139, 249, 358, 194, 0]
Volume: 4.924
Cost: 27233
