OFV: 135313.0

Route: [0, 167, 192, 195, 94, 129, 159, 210, 36, 1, 103, 92, 101, 123, 185, 229, 130, 66, 104, 180, 113, 118, 13, 93, 186, 81, 47, 171, 162, 144, 30, 88, 82, 241, 168, 247, 178, 17, 0]
Volume: 4.9835
Cost: 28559
Route: [0, 32, 46, 190, 119, 209, 64, 16, 140, 230, 102, 45, 0]
Volume: 2.0315
Cost: 5899
Route: [0, 109, 111, 72, 166, 106, 196, 213, 28, 170, 161, 14, 11, 31, 73, 35, 238, 53, 221, 132, 176, 223, 135, 194, 48, 6, 236, 26, 67, 183, 19, 179, 169, 97, 175, 239, 116, 23, 201, 0]
Volume: 4.938
Cost: 20543
Route: [0, 141, 24, 18, 90, 165, 83, 211, 68, 114, 145, 85, 138, 89, 44, 27, 52, 84, 219, 22, 87, 91, 59, 7, 74, 151, 147, 217, 40, 70, 126, 189, 110, 76, 174, 57, 0]
Volume: 4.3656
Cost: 18783
Route: [0, 121, 105, 49, 99, 117, 244, 20, 15, 240, 39, 65, 152, 134, 198, 193, 95, 233, 10, 164, 54, 160, 5, 124, 50, 43, 208, 4, 155, 150, 226, 115, 78, 225, 98, 3, 214, 242, 9, 206, 207, 127, 199, 139, 133, 224, 0]
Volume: 4.5245
Cost: 19946
Route: [0, 56, 25, 100, 122, 107, 153, 173, 203, 158, 58, 182, 245, 187, 77, 172, 8, 248, 227, 55, 218, 71, 21, 63, 177, 33, 188, 51, 215, 204, 34, 202, 237, 163, 136, 249, 154, 41, 181, 142, 137, 0]
Volume: 4.8816
Cost: 15732
Route: [0, 156, 112, 75, 212, 69, 38, 232, 184, 80, 86, 79, 128, 62, 197, 29, 200, 60, 149, 243, 96, 222, 12, 157, 108, 228, 42, 131, 2, 146, 143, 191, 125, 120, 148, 205, 216, 220, 246, 234, 37, 231, 235, 61, 0]
Volume: 4.946
Cost: 25851
