OFV: 34285.0

Route: [0, 21, 98, 15, 2, 11, 40, 58, 42, 60, 57, 36, 63, 79, 7, 97, 47, 41, 0]
Volume: 4.955
Cost: 5248
Route: [0, 72, 10, 45, 64, 37, 56, 73, 59, 6, 67, 18, 65, 99, 27, 55, 81, 35, 25, 74, 29, 62, 48, 34, 0]
Volume: 4.999
Cost: 8233
Route: [0, 61, 24, 54, 89, 17, 76, 20, 8, 3, 9, 70, 4, 52, 77, 78, 30, 38, 91, 75, 82, 33, 32, 51, 31, 83, 96, 69, 1, 0]
Volume: 4.006
Cost: 9558
Route: [0, 28, 84, 50, 93, 46, 13, 26, 85, 95, 14, 44, 43, 86, 66, 0]
Volume: 4.721
Cost: 4772
Route: [0, 23, 71, 19, 90, 87, 16, 88, 92, 53, 49, 22, 39, 94, 80, 5, 12, 68, 0]
Volume: 3.327
Cost: 6474
