OFV: 90958.0

Route: [0, 140, 170, 88, 20, 15, 17, 49, 47, 50, 0]
Volume: 4.936
Cost: 4560
Route: [0, 56, 131, 14, 60, 29, 224, 112, 0]
Volume: 4.886
Cost: 3281
Route: [0, 191, 190, 27, 76, 177, 106, 63, 214, 42, 23, 0]
Volume: 4.94
Cost: 3445
Route: [0, 150, 36, 216, 225, 124, 157, 129, 226, 46, 141, 165, 0]
Volume: 4.8561
Cost: 4567
Route: [0, 81, 1, 37, 245, 52, 142, 249, 2, 44, 148, 232, 0]
Volume: 4.888
Cost: 5349
Route: [0, 65, 93, 118, 126, 147, 19, 16, 164, 7, 58, 217, 25, 201, 0]
Volume: 4.988
Cost: 3731
Route: [0, 64, 230, 89, 233, 40, 203, 67, 54, 195, 127, 33, 0]
Volume: 4.96
Cost: 1745
Route: [0, 26, 24, 55, 84, 72, 32, 45, 75, 104, 0]
Volume: 4.96
Cost: 4207
Route: [0, 207, 138, 51, 108, 3, 119, 152, 137, 121, 0]
Volume: 4.938
Cost: 3343
Route: [0, 13, 146, 238, 90, 188, 196, 223, 132, 246, 241, 0]
Volume: 4.958
Cost: 4531
Route: [0, 156, 212, 130, 113, 134, 94, 122, 247, 160, 114, 205, 0]
Volume: 4.5901
Cost: 3408
Route: [0, 173, 166, 172, 109, 167, 187, 120, 231, 171, 103, 77, 0]
Volume: 4.916
Cost: 3970
Route: [0, 194, 8, 61, 168, 218, 59, 57, 204, 86, 0]
Volume: 4.9601
Cost: 2727
Route: [0, 215, 115, 71, 183, 155, 178, 128, 185, 85, 0]
Volume: 4.882
Cost: 3131
Route: [0, 48, 202, 53, 186, 66, 0]
Volume: 4.486
Cost: 744
Route: [0, 219, 10, 116, 174, 227, 153, 0]
Volume: 4.926
Cost: 3486
Route: [0, 100, 0]
Volume: 3.0339
Cost: 4
Route: [0, 105, 35, 220, 107, 179, 12, 31, 200, 161, 111, 143, 0]
Volume: 4.908
Cost: 4452
Route: [0, 99, 22, 154, 38, 243, 158, 87, 82, 189, 136, 159, 193, 0]
Volume: 4.932
Cost: 3599
Route: [0, 101, 73, 34, 62, 133, 176, 162, 192, 0]
Volume: 4.986
Cost: 2326
Route: [0, 139, 240, 83, 21, 235, 242, 234, 6, 206, 74, 239, 4, 0]
Volume: 4.996
Cost: 4062
Route: [0, 222, 197, 236, 151, 181, 248, 11, 213, 80, 210, 182, 0]
Volume: 4.8981
Cost: 4769
Route: [0, 163, 68, 169, 123, 145, 18, 9, 92, 221, 209, 102, 237, 0]
Volume: 4.954
Cost: 3279
Route: [0, 229, 117, 79, 211, 184, 208, 96, 41, 180, 0]
Volume: 4.9982
Cost: 3390
Route: [0, 43, 144, 0]
Volume: 1.82
Cost: 80
Route: [0, 5, 97, 70, 175, 28, 149, 98, 228, 69, 110, 125, 199, 0]
Volume: 4.95
Cost: 4617
Route: [0, 135, 95, 78, 91, 244, 198, 39, 30, 0]
Volume: 4.966
Cost: 4155
