OFV: 842437.0

Route: [0, 237, 291, 113, 498, 251, 398, 241, 488, 458, 442, 454, 224, 211, 256, 200, 32, 81, 135, 0]
Volume: 12.392
Cost: 31611
Route: [0, 377, 475, 188, 48, 182, 432, 473, 225, 76, 402, 447, 244, 353, 497, 415, 448, 381, 268, 425, 12, 51, 236, 417, 367, 194, 258, 0]
Volume: 12.388
Cost: 42064
Route: [0, 480, 462, 384, 382, 152, 147, 252, 184, 191, 325, 334, 347, 298, 41, 205, 110, 0]
Volume: 12.1979
Cost: 27981
Route: [0, 25, 333, 370, 386, 39, 250, 89, 492, 164, 430, 120, 59, 127, 206, 21, 254, 1, 153, 36, 328, 349, 54, 308, 335, 261, 0]
Volume: 12.1162
Cost: 46117
Route: [0, 269, 178, 204, 38, 99, 317, 303, 159, 312, 197, 280, 313, 202, 266, 213, 380, 359, 175, 17, 378, 216, 319, 362, 0]
Volume: 12.2061
Cost: 47959
Route: [0, 129, 196, 74, 84, 101, 299, 263, 229, 354, 411, 351, 98, 14, 371, 257, 245, 160, 158, 309, 0]
Volume: 12.358
Cost: 40500
Route: [0, 154, 437, 180, 265, 189, 343, 27, 361, 275, 207, 481, 31, 443, 5, 220, 403, 409, 464, 15, 300, 0]
Volume: 12.478
Cost: 28881
Route: [0, 177, 239, 282, 73, 427, 67, 209, 2, 243, 493, 163, 186, 137, 134, 58, 296, 422, 285, 106, 292, 29, 87, 28, 140, 167, 0]
Volume: 12.5
Cost: 48756
Route: [0, 287, 324, 132, 306, 423, 192, 379, 20, 418, 155, 350, 146, 342, 77, 141, 82, 162, 212, 103, 277, 16, 469, 53, 0]
Volume: 12.4581
Cost: 48990
Route: [0, 118, 344, 37, 233, 161, 407, 446, 314, 62, 264, 57, 356, 400, 46, 389, 43, 399, 330, 221, 63, 255, 390, 357, 414, 100, 88, 42, 68, 72, 0]
Volume: 12.458
Cost: 43347
Route: [0, 215, 290, 276, 130, 366, 114, 124, 485, 128, 424, 148, 278, 457, 375, 365, 318, 136, 304, 438, 444, 0]
Volume: 12.1321
Cost: 25193
Route: [0, 115, 93, 468, 9, 8, 195, 172, 125, 126, 393, 467, 274, 79, 340, 459, 85, 293, 453, 396, 171, 253, 121, 449, 433, 441, 223, 166, 238, 295, 234, 0]
Volume: 12.254
Cost: 54128
Route: [0, 428, 394, 10, 404, 476, 217, 322, 133, 463, 235, 439, 190, 138, 44, 435, 92, 56, 218, 374, 420, 310, 96, 421, 445, 338, 336, 170, 18, 410, 34, 176, 0]
Volume: 12.3942
Cost: 52981
Route: [0, 70, 327, 71, 302, 24, 55, 0]
Volume: 4.08
Cost: 10775
Route: [0, 228, 242, 165, 474, 122, 23, 307, 33, 156, 281, 97, 219, 478, 408, 0]
Volume: 8.53
Cost: 18435
Route: [0, 149, 65, 112, 483, 201, 104, 142, 50, 321, 401, 413, 490, 345, 465, 461, 383, 107, 491, 157, 35, 179, 102, 466, 143, 316, 40, 0]
Volume: 12.136
Cost: 32797
Route: [0, 49, 78, 208, 451, 75, 460, 22, 429, 168, 64, 240, 183, 397, 329, 496, 337, 169, 105, 405, 311, 395, 360, 440, 270, 376, 6, 0]
Volume: 12.102
Cost: 45920
Route: [0, 489, 199, 301, 80, 232, 231, 139, 30, 83, 26, 3, 151, 47, 11, 249, 210, 358, 436, 288, 181, 406, 482, 323, 0]
Volume: 12.474
Cost: 36018
Route: [0, 203, 283, 339, 452, 341, 227, 455, 388, 267, 272, 214, 412, 131, 279, 19, 66, 477, 123, 297, 174, 198, 94, 271, 0]
Volume: 11.982
Cost: 50493
Route: [0, 331, 144, 95, 373, 108, 348, 289, 472, 369, 60, 90, 326, 486, 470, 294, 450, 111, 494, 391, 69, 7, 222, 416, 355, 145, 305, 315, 0]
Volume: 12.2661
Cost: 36780
Route: [0, 150, 45, 332, 116, 372, 61, 392, 246, 456, 52, 4, 495, 248, 119, 320, 346, 484, 363, 173, 385, 259, 286, 352, 230, 368, 247, 13, 109, 0]
Volume: 12.3321
Cost: 44803
Route: [0, 193, 187, 431, 260, 117, 86, 499, 471, 419, 284, 185, 273, 426, 487, 364, 226, 434, 387, 262, 479, 91, 0]
Volume: 12.322
Cost: 27908
