OFV: 36289.0

Route: [0, 154, 240, 132, 54, 97, 74, 46, 64, 142, 14, 10, 222, 119, 43, 166, 21, 236, 243, 9, 78, 134, 133, 114, 18, 231, 168, 196, 82, 178, 79, 192, 91, 51, 71, 88, 0]
Volume: 4.9495
Cost: 3332
Route: [0, 144, 20, 205, 1, 191, 225, 143, 47, 130, 194, 246, 137, 199, 59, 12, 163, 29, 149, 217, 27, 165, 107, 215, 223, 177, 42, 0]
Volume: 4.88
Cost: 3403
Route: [0, 53, 104, 56, 28, 75, 17, 235, 105, 156, 187, 22, 124, 219, 228, 242, 23, 210, 230, 162, 15, 220, 11, 146, 35, 110, 238, 81, 173, 62, 58, 112, 120, 67, 202, 92, 239, 204, 0]
Volume: 4.4261
Cost: 5433
Route: [0, 7, 8, 50, 129, 99, 164, 245, 94, 185, 203, 207, 5, 212, 170, 227, 226, 125, 83, 211, 6, 206, 229, 3, 174, 95, 61, 34, 175, 122, 233, 221, 208, 214, 160, 140, 16, 0]
Volume: 4.8455
Cost: 6417
Route: [0, 248, 40, 123, 98, 157, 171, 87, 117, 234, 182, 167, 2, 172, 224, 179, 72, 85, 96, 216, 89, 176, 93, 195, 197, 121, 26, 73, 69, 108, 181, 169, 150, 209, 200, 131, 218, 66, 155, 111, 41, 0]
Volume: 4.7475
Cost: 4769
Route: [0, 30, 76, 198, 55, 116, 135, 38, 100, 128, 247, 63, 33, 241, 126, 147, 237, 180, 189, 80, 44, 148, 36, 84, 186, 118, 161, 136, 139, 49, 141, 60, 13, 31, 213, 193, 70, 101, 244, 190, 152, 19, 153, 0]
Volume: 4.9682
Cost: 6419
Route: [0, 127, 48, 158, 24, 151, 159, 4, 232, 25, 115, 37, 184, 138, 68, 109, 32, 106, 102, 90, 52, 57, 39, 103, 188, 183, 77, 201, 249, 145, 86, 113, 45, 65, 0]
Volume: 4.7221
Cost: 6516
