OFV: 46709.0

Route: [0, 193, 239, 51, 238, 185, 106, 111, 94, 91, 57, 77, 74, 81, 55, 104, 153, 181, 14, 197, 6, 235, 134, 75, 3, 173, 246, 142, 187, 203, 63, 22, 54, 93, 80, 188, 166, 212, 95, 26, 115, 164, 0]
Volume: 11.6381
Cost: 8406
Route: [0, 96, 169, 83, 149, 135, 152, 140, 13, 97, 208, 213, 37, 86, 52, 215, 1, 76, 90, 100, 216, 154, 4, 11, 249, 18, 162, 214, 170, 61, 237, 159, 116, 85, 41, 143, 101, 0]
Volume: 8.836
Cost: 8484
Route: [0, 92, 131, 196, 127, 133, 25, 156, 67, 103, 107, 29, 120, 73, 189, 56, 130, 64, 35, 206, 65, 223, 49, 113, 102, 31, 195, 2, 39, 34, 98, 150, 228, 84, 24, 174, 194, 202, 70, 0]
Volume: 9.726
Cost: 4884
Route: [0, 59, 157, 218, 231, 200, 9, 176, 167, 44, 30, 217, 50, 69, 247, 33, 23, 132, 10, 191, 122, 125, 12, 225, 222, 209, 21, 144, 105, 16, 119, 7, 126, 108, 248, 123, 27, 71, 160, 87, 53, 28, 0]
Volume: 10.806
Cost: 6922
Route: [0, 171, 230, 161, 221, 8, 45, 245, 179, 43, 198, 236, 234, 229, 46, 201, 20, 227, 40, 168, 36, 180, 17, 207, 148, 233, 175, 155, 89, 151, 32, 118, 242, 186, 147, 141, 205, 60, 211, 88, 145, 240, 121, 112, 241, 72, 177, 158, 204, 0]
Volume: 10.455
Cost: 8206
Route: [0, 78, 19, 184, 190, 138, 68, 224, 219, 165, 129, 210, 137, 139, 110, 146, 42, 124, 47, 15, 192, 114, 82, 38, 178, 220, 66, 79, 243, 58, 117, 232, 163, 48, 5, 109, 226, 244, 99, 183, 182, 62, 136, 172, 128, 199, 0]
Volume: 12.3493
Cost: 9807
