OFV: 199949.0

Route: [0, 72, 63, 53, 26, 12, 68, 61, 9, 27, 64, 93, 86, 3, 20, 97, 94, 91, 60, 74, 70, 11, 80, 16, 0]
Volume: 12.3701
Cost: 51246
Route: [0, 28, 31, 81, 87, 0]
Volume: 2.4681
Cost: 13254
Route: [0, 99, 56, 33, 46, 10, 32, 1, 34, 8, 58, 50, 62, 35, 13, 57, 79, 38, 96, 37, 21, 71, 22, 83, 17, 30, 6, 85, 69, 15, 88, 0]
Volume: 12.064
Cost: 41935
Route: [0, 51, 44, 47, 39, 92, 25, 75, 95, 66, 24, 89, 84, 29, 19, 90, 73, 7, 5, 43, 48, 49, 77, 65, 59, 0]
Volume: 12.4661
Cost: 45423
Route: [0, 18, 40, 67, 23, 82, 78, 54, 98, 76, 55, 14, 4, 52, 41, 36, 2, 42, 45, 0]
Volume: 12.266
Cost: 48091
