OFV: 32126.0

Route: [0, 51, 39, 63, 64, 21, 73, 18, 7, 0]
Volume: 4.724
Cost: 3772
Route: [0, 35, 68, 29, 32, 5, 3, 22, 14, 0]
Volume: 4.7701
Cost: 3363
Route: [0, 55, 66, 44, 69, 42, 54, 52, 0]
Volume: 4.64
Cost: 4251
Route: [0, 43, 53, 36, 9, 56, 65, 19, 0]
Volume: 4.928
Cost: 7077
Route: [0, 28, 38, 8, 13, 58, 25, 12, 1, 70, 57, 33, 11, 40, 2, 4, 59, 0]
Volume: 4.7321
Cost: 3989
Route: [0, 24, 47, 20, 27, 50, 37, 16, 31, 46, 72, 0]
Volume: 4.8481
Cost: 2762
Route: [0, 30, 10, 17, 67, 74, 26, 49, 0]
Volume: 4.312
Cost: 3508
Route: [0, 71, 23, 61, 15, 41, 48, 6, 34, 45, 62, 60, 0]
Volume: 4.984
Cost: 3404
