OFV: 76845.0

Route: [0, 401, 131, 387, 143, 217, 273, 48, 448, 110, 160, 435, 24, 260, 226, 101, 446, 220, 282, 346, 0]
Volume: 11.238
Cost: 3489
Route: [0, 388, 394, 28, 69, 7, 494, 165, 390, 396, 362, 319, 458, 76, 202, 86, 12, 239, 125, 289, 0]
Volume: 11.048
Cost: 3447
Route: [0, 306, 495, 37, 20, 141, 242, 340, 261, 263, 438, 406, 344, 252, 456, 89, 442, 85, 157, 349, 235, 181, 149, 483, 241, 429, 465, 186, 288, 0]
Volume: 11.9761
Cost: 3221
Route: [0, 404, 276, 187, 31, 142, 449, 381, 99, 466, 175, 436, 452, 189, 284, 308, 211, 361, 54, 204, 227, 482, 351, 107, 87, 163, 0]
Volume: 12.1221
Cost: 3260
Route: [0, 245, 384, 411, 485, 67, 74, 341, 270, 251, 331, 277, 206, 127, 478, 109, 376, 410, 208, 352, 324, 389, 215, 114, 194, 0]
Volume: 11.8001
Cost: 3474
Route: [0, 23, 192, 81, 354, 75, 337, 102, 405, 491, 153, 176, 118, 238, 464, 415, 136, 486, 200, 272, 82, 96, 199, 450, 334, 0]
Volume: 11.776
Cost: 3286
Route: [0, 278, 144, 58, 258, 55, 473, 266, 360, 205, 50, 300, 150, 440, 249, 299, 116, 353, 400, 356, 156, 323, 216, 391, 224, 490, 312, 350, 5, 0]
Volume: 11.6241
Cost: 3191
Route: [0, 267, 407, 49, 16, 372, 443, 62, 455, 183, 247, 484, 95, 408, 257, 479, 17, 41, 499, 476, 254, 365, 399, 279, 0]
Volume: 11.368
Cost: 5086
Route: [0, 367, 191, 248, 297, 26, 317, 182, 119, 138, 383, 343, 60, 66, 151, 281, 445, 43, 134, 232, 427, 174, 0]
Volume: 12.3881
Cost: 3171
Route: [0, 462, 262, 304, 451, 2, 426, 413, 268, 172, 126, 47, 468, 412, 386, 132, 84, 233, 173, 178, 425, 322, 488, 318, 498, 0]
Volume: 11.978
Cost: 3193
Route: [0, 71, 398, 250, 36, 305, 393, 434, 293, 269, 431, 320, 33, 133, 463, 228, 1, 461, 152, 338, 27, 403, 30, 0]
Volume: 11.182
Cost: 6011
Route: [0, 40, 244, 221, 457, 14, 19, 256, 311, 471, 430, 418, 441, 229, 470, 90, 21, 271, 345, 195, 237, 472, 122, 0]
Volume: 10.794
Cost: 3147
Route: [0, 113, 112, 286, 475, 231, 80, 295, 73, 124, 447, 392, 56, 377, 283, 88, 129, 378, 469, 416, 159, 201, 10, 203, 4, 0]
Volume: 11.64
Cost: 3120
Route: [0, 222, 402, 307, 198, 303, 492, 29, 212, 357, 420, 162, 13, 274, 302, 97, 487, 328, 439, 424, 375, 327, 117, 193, 309, 0]
Volume: 11.956
Cost: 3422
Route: [0, 185, 83, 103, 329, 57, 332, 428, 477, 348, 459, 290, 147, 155, 255, 46, 177, 171, 223, 437, 0]
Volume: 8.118
Cost: 3065
Route: [0, 236, 135, 371, 230, 275, 166, 213, 78, 77, 168, 68, 25, 467, 326, 164, 292, 336, 379, 108, 8, 218, 45, 480, 481, 369, 42, 0]
Volume: 12.172
Cost: 4158
Route: [0, 385, 70, 355, 207, 137, 397, 454, 313, 94, 39, 325, 243, 121, 294, 154, 106, 214, 38, 188, 285, 0]
Volume: 10.2901
Cost: 3246
Route: [0, 123, 366, 364, 190, 414, 100, 225, 264, 432, 347, 219, 301, 335, 34, 444, 105, 240, 453, 79, 44, 380, 422, 409, 0]
Volume: 12.25
Cost: 2655
Route: [0, 474, 65, 92, 169, 145, 280, 146, 64, 497, 179, 496, 358, 330, 296, 395, 421, 493, 0]
Volume: 9.204
Cost: 3260
Route: [0, 209, 316, 184, 11, 128, 460, 333, 148, 61, 287, 3, 53, 489, 310, 6, 115, 93, 111, 59, 291, 417, 91, 259, 170, 18, 0]
Volume: 12.448
Cost: 2722
Route: [0, 363, 315, 234, 104, 342, 423, 22, 72, 370, 321, 167, 368, 373, 161, 197, 9, 382, 130, 253, 0]
Volume: 11.6962
Cost: 3353
Route: [0, 359, 98, 433, 180, 15, 246, 52, 210, 158, 139, 265, 314, 63, 140, 374, 120, 35, 32, 298, 339, 51, 196, 419, 0]
Volume: 11.934
Cost: 3868
