OFV: 28296.0

Route: [0, 167, 195, 129, 18, 230, 102, 119, 209, 45, 64, 16, 140, 90, 165, 83, 211, 68, 112, 75, 212, 44, 27, 98, 3, 40, 70, 74, 200, 29, 60, 197, 147, 151, 217, 7, 59, 149, 12, 157, 108, 228, 42, 131, 146, 2, 222, 96, 243, 220, 234, 246, 216, 120, 143, 191, 125, 148, 205, 0]
Volume: 12.313
Cost: 7078
Route: [0, 224, 133, 156, 61, 174, 37, 57, 231, 235, 69, 189, 62, 128, 79, 86, 76, 184, 80, 232, 38, 110, 126, 9, 214, 219, 52, 100, 122, 225, 107, 182, 187, 77, 172, 8, 245, 153, 173, 203, 158, 58, 115, 78, 25, 138, 89, 85, 145, 181, 20, 0]
Volume: 12.4831
Cost: 5029
Route: [0, 141, 192, 24, 94, 159, 36, 210, 1, 103, 130, 104, 66, 118, 93, 73, 53, 132, 221, 81, 162, 35, 238, 171, 47, 186, 13, 236, 113, 180, 101, 123, 92, 185, 229, 67, 183, 19, 169, 179, 97, 175, 239, 116, 23, 0]
Volume: 11.32
Cost: 6042
Route: [0, 201, 121, 105, 137, 49, 99, 244, 142, 117, 15, 240, 114, 41, 154, 152, 134, 198, 164, 193, 233, 95, 10, 34, 202, 33, 188, 28, 51, 215, 204, 5, 54, 160, 170, 161, 11, 31, 14, 176, 223, 135, 48, 194, 144, 30, 6, 26, 0]
Volume: 12.0681
Cost: 5069
Route: [0, 17, 178, 247, 241, 168, 88, 82, 39, 65, 249, 136, 111, 109, 163, 237, 72, 166, 106, 196, 213, 63, 177, 218, 21, 71, 124, 50, 43, 208, 4, 155, 248, 227, 55, 150, 226, 84, 22, 87, 91, 242, 206, 207, 127, 199, 139, 0]
Volume: 12.426
Cost: 4338
Route: [0, 190, 32, 46, 56, 0]
Volume: 2.029
Cost: 740
