OFV: 1292817.0

Route: [0, 115, 314, 56, 10, 457, 130, 430, 129, 462, 60, 122, 281, 295, 451, 235, 425, 397, 417, 28, 228, 252, 8, 174, 340, 63, 231, 67, 0]
Volume: 12.4641
Cost: 60294
Route: [0, 247, 346, 245, 352, 14, 86, 428, 300, 147, 119, 412, 490, 37, 262, 456, 89, 267, 394, 268, 154, 0]
Volume: 12.192
Cost: 54532
Route: [0, 165, 26, 241, 158, 163, 40, 142, 113, 331, 349, 407, 265, 97, 148, 460, 93, 109, 0]
Volume: 12.098
Cost: 73814
Route: [0, 234, 339, 38, 482, 270, 347, 326, 72, 350, 84, 439, 146, 35, 87, 469, 434, 471, 75, 105, 250, 436, 0]
Volume: 12.4021
Cost: 60193
Route: [0, 110, 488, 359, 470, 9, 459, 44, 316, 91, 152, 47, 344, 320, 443, 20, 296, 57, 123, 230, 237, 108, 0]
Volume: 12.244
Cost: 62328
Route: [0, 406, 45, 153, 257, 3, 273, 64, 229, 476, 191, 94, 50, 144, 409, 182, 21, 279, 341, 498, 55, 440, 0]
Volume: 12.3901
Cost: 57102
Route: [0, 404, 362, 12, 389, 272, 497, 74, 61, 435, 16, 216, 209, 338, 386, 358, 337, 313, 301, 284, 243, 0]
Volume: 10.648
Cost: 47844
Route: [0, 415, 479, 206, 201, 283, 452, 368, 390, 132, 181, 188, 32, 25, 53, 150, 419, 58, 360, 180, 311, 496, 170, 431, 261, 458, 259, 474, 226, 450, 400, 117, 422, 0]
Volume: 11.8882
Cost: 65293
Route: [0, 356, 290, 287, 218, 305, 427, 342, 484, 449, 222, 101, 411, 27, 375, 227, 405, 39, 380, 264, 448, 395, 19, 196, 151, 49, 357, 95, 0]
Volume: 12.3542
Cost: 55148
Route: [0, 333, 481, 475, 128, 92, 149, 292, 193, 327, 332, 104, 321, 335, 285, 304, 211, 69, 120, 124, 59, 0]
Volume: 12.406
Cost: 48015
Route: [0, 374, 424, 303, 65, 254, 277, 402, 133, 22, 155, 186, 43, 382, 249, 477, 17, 248, 171, 426, 324, 34, 318, 271, 291, 0]
Volume: 12.396
Cost: 62481
Route: [0, 5, 100, 369, 111, 421, 103, 1, 363, 184, 90, 70, 135, 15, 238, 366, 79, 345, 98, 275, 0]
Volume: 12.1199
Cost: 48134
Route: [0, 134, 494, 315, 383, 392, 42, 388, 361, 480, 169, 36, 139, 260, 137, 408, 189, 33, 401, 159, 0]
Volume: 12.4921
Cost: 60577
Route: [0, 432, 334, 276, 299, 266, 317, 18, 493, 242, 258, 219, 225, 240, 256, 289, 244, 176, 310, 46, 263, 472, 465, 131, 453, 195, 197, 77, 372, 0]
Volume: 12.292
Cost: 56144
Route: [0, 343, 223, 391, 286, 348, 282, 194, 467, 156, 204, 418, 246, 207, 354, 82, 220, 323, 351, 308, 464, 7, 11, 217, 0]
Volume: 12.2741
Cost: 55730
Route: [0, 48, 485, 322, 203, 298, 99, 83, 192, 190, 185, 121, 288, 398, 175, 365, 437, 445, 13, 429, 236, 78, 214, 306, 0]
Volume: 12.394
Cost: 68091
Route: [0, 447, 76, 330, 487, 325, 233, 381, 293, 106, 442, 198, 438, 376, 6, 168, 466, 127, 486, 416, 221, 145, 112, 51, 85, 423, 0]
Volume: 12.316
Cost: 70461
Route: [0, 52, 162, 355, 187, 2, 393, 367, 274, 495, 399, 202, 444, 177, 66, 278, 420, 0]
Volume: 10.846
Cost: 50530
Route: [0, 413, 107, 136, 461, 178, 138, 463, 403, 143, 30, 297, 232, 454, 213, 370, 441, 312, 483, 353, 24, 319, 140, 328, 302, 239, 215, 0]
Volume: 12.3562
Cost: 64166
Route: [0, 387, 167, 88, 212, 253, 73, 4, 125, 433, 102, 31, 384, 62, 373, 200, 179, 141, 126, 164, 307, 499, 80, 0]
Volume: 12.2941
Cost: 60860
Route: [0, 336, 172, 329, 414, 377, 446, 118, 489, 23, 81, 410, 309, 378, 478, 41, 269, 96, 54, 473, 208, 116, 210, 173, 205, 29, 371, 379, 183, 0]
Volume: 12.2821
Cost: 63194
Route: [0, 199, 114, 160, 280, 166, 157, 251, 224, 255, 68, 491, 294, 455, 468, 71, 161, 385, 364, 492, 396, 0]
Volume: 10.444
Cost: 47886
