OFV: 129577.0

Route: [0, 181, 475, 182, 432, 225, 473, 162, 402, 76, 447, 212, 495, 288, 277, 16, 286, 352, 484, 346, 367, 232, 231, 101, 0]
Volume: 12.45
Cost: 5378
Route: [0, 480, 384, 382, 152, 325, 492, 164, 207, 275, 443, 31, 5, 481, 120, 430, 105, 169, 337, 496, 355, 145, 68, 72, 242, 0]
Volume: 12.264
Cost: 7053
Route: [0, 144, 95, 373, 108, 348, 289, 472, 60, 369, 75, 451, 494, 111, 429, 168, 64, 69, 7, 416, 222, 407, 446, 314, 397, 357, 414, 305, 315, 0]
Volume: 12.4782
Cost: 7073
Route: [0, 131, 279, 412, 272, 214, 19, 354, 32, 211, 200, 256, 498, 113, 301, 199, 0]
Volume: 11.374
Cost: 6352
Route: [0, 245, 271, 143, 341, 298, 334, 347, 227, 455, 388, 267, 66, 123, 477, 386, 39, 250, 370, 89, 444, 0]
Volume: 11.7301
Cost: 6246
Route: [0, 304, 375, 365, 178, 204, 362, 319, 317, 38, 99, 303, 159, 312, 197, 280, 313, 202, 23, 307, 0]
Volume: 12.3901
Cost: 6241
Route: [0, 332, 173, 385, 363, 259, 139, 119, 236, 417, 320, 80, 194, 230, 368, 247, 13, 109, 97, 219, 478, 0]
Volume: 11.2881
Cost: 6620
Route: [0, 331, 93, 243, 468, 9, 58, 296, 422, 285, 29, 87, 28, 140, 186, 274, 79, 340, 459, 85, 293, 453, 460, 22, 377, 129, 196, 428, 0]
Volume: 12.2441
Cost: 7161
Route: [0, 154, 88, 1, 153, 254, 21, 206, 59, 127, 311, 395, 405, 440, 360, 270, 376, 6, 149, 0]
Volume: 12.494
Cost: 4394
Route: [0, 295, 215, 71, 302, 327, 24, 269, 177, 282, 239, 115, 167, 493, 163, 137, 134, 106, 292, 8, 172, 195, 125, 393, 467, 126, 0]
Volume: 12.282
Cost: 5858
Route: [0, 258, 389, 46, 356, 400, 330, 399, 221, 43, 255, 63, 57, 264, 62, 390, 240, 183, 329, 100, 104, 142, 201, 349, 42, 65, 0]
Volume: 11.184
Cost: 4668
Route: [0, 408, 244, 353, 497, 415, 448, 381, 51, 12, 425, 268, 263, 229, 98, 351, 411, 297, 174, 94, 157, 41, 205, 110, 309, 158, 0]
Volume: 12.258
Cost: 6911
Route: [0, 438, 55, 290, 276, 130, 366, 114, 124, 457, 485, 128, 278, 148, 424, 73, 427, 67, 209, 2, 0]
Volume: 10.6861
Cost: 5238
Route: [0, 474, 122, 266, 213, 359, 380, 175, 17, 387, 434, 216, 378, 364, 226, 499, 471, 419, 284, 185, 273, 426, 487, 165, 0]
Volume: 11.508
Cost: 6636
Route: [0, 49, 166, 223, 238, 441, 78, 208, 433, 90, 326, 486, 470, 449, 253, 121, 171, 396, 294, 450, 391, 344, 233, 37, 161, 118, 0]
Volume: 10.9359
Cost: 5655
Route: [0, 234, 235, 463, 322, 133, 439, 92, 56, 218, 20, 418, 44, 379, 374, 18, 336, 170, 410, 482, 323, 150, 0]
Volume: 9.4521
Cost: 5982
Route: [0, 34, 116, 372, 338, 445, 420, 96, 310, 421, 299, 248, 358, 11, 249, 210, 30, 83, 26, 3, 151, 47, 392, 246, 217, 404, 476, 456, 4, 52, 436, 188, 48, 103, 0]
Volume: 12.438
Cost: 6030
Route: [0, 228, 141, 82, 61, 146, 342, 77, 190, 138, 435, 155, 350, 10, 394, 406, 176, 0]
Volume: 10.5101
Cost: 5165
Route: [0, 112, 483, 464, 403, 220, 409, 36, 15, 328, 300, 261, 308, 335, 54, 462, 316, 321, 401, 413, 490, 345, 465, 461, 383, 107, 491, 35, 179, 102, 466, 198, 81, 160, 0]
Volume: 12.4841
Cost: 6293
Route: [0, 283, 203, 489, 281, 237, 291, 398, 251, 241, 488, 224, 454, 442, 458, 14, 371, 257, 135, 33, 156, 0]
Volume: 12.054
Cost: 4237
Route: [0, 437, 180, 265, 189, 343, 27, 361, 252, 191, 184, 147, 50, 40, 452, 339, 0]
Volume: 11.9479
Cost: 4169
Route: [0, 25, 333, 70, 136, 318, 91, 193, 187, 479, 324, 287, 132, 431, 117, 260, 86, 262, 306, 192, 423, 84, 74, 45, 469, 53, 0]
Volume: 12.104
Cost: 6217
