OFV: 82956.0

Route: [0, 67, 82, 10, 79, 73, 64, 28, 76, 4, 17, 23, 57, 80, 30, 36, 11, 50, 0]
Volume: 4.917
Cost: 15362
Route: [0, 66, 65, 89, 40, 18, 61, 31, 81, 75, 32, 60, 3, 84, 68, 49, 12, 22, 0]
Volume: 4.6231
Cost: 22119
Route: [0, 78, 13, 34, 55, 86, 7, 58, 21, 6, 87, 72, 91, 2, 90, 56, 99, 0]
Volume: 4.566
Cost: 9725
Route: [0, 43, 39, 25, 48, 16, 52, 15, 14, 37, 1, 35, 69, 19, 5, 70, 59, 24, 83, 62, 74, 95, 51, 26, 42, 97, 27, 0]
Volume: 4.871
Cost: 17070
Route: [0, 44, 54, 63, 88, 92, 96, 94, 9, 29, 38, 45, 85, 8, 71, 53, 47, 46, 33, 41, 20, 77, 93, 98, 0]
Volume: 4.93
Cost: 18680
