OFV: 438905.0

Route: [0, 169, 97, 28, 376, 36, 102, 319, 4, 361, 141, 27, 426, 131, 405, 222, 443, 368, 209, 402, 428, 180, 227, 305, 88, 242, 93, 62, 482, 149, 224, 453, 388, 316, 301, 394, 282, 297, 199, 261, 111, 0]
Volume: 9.8414
Cost: 37168
Route: [0, 240, 451, 157, 277, 313, 13, 18, 274, 204, 176, 365, 165, 447, 238, 375, 110, 335, 465, 184, 47, 45, 57, 459, 290, 154, 52, 120, 381, 378, 69, 488, 197, 232, 354, 163, 404, 330, 364, 70, 192, 104, 484, 0]
Volume: 11.0243
Cost: 42526
Route: [0, 340, 38, 284, 136, 143, 6, 159, 68, 77, 34, 478, 147, 458, 236, 303, 145, 318, 175, 234, 114, 343, 264, 499, 32, 196, 121, 65, 350, 21, 167, 56, 220, 73, 332, 35, 152, 95, 283, 355, 10, 315, 5, 0]
Volume: 11.4202
Cost: 28051
Route: [0, 244, 452, 306, 471, 387, 418, 337, 489, 460, 133, 171, 302, 396, 363, 414, 8, 173, 463, 268, 105, 2, 9, 379, 142, 7, 349, 126, 275, 185, 475, 50, 266, 495, 23, 215, 490, 380, 118, 262, 411, 48, 24, 446, 83, 327, 0]
Volume: 11.731
Cost: 49768
Route: [0, 144, 43, 279, 310, 307, 269, 367, 383, 40, 53, 20, 63, 151, 132, 403, 401, 252, 29, 473, 96, 100, 218, 156, 214, 260, 123, 246, 292, 229, 172, 225, 288, 455, 468, 431, 41, 476, 258, 148, 243, 483, 342, 291, 425, 294, 325, 81, 434, 270, 362, 17, 61, 298, 237, 31, 339, 84, 440, 92, 0]
Volume: 12.2021
Cost: 60903
Route: [0, 74, 358, 280, 138, 249, 183, 64, 479, 247, 300, 407, 223, 333, 395, 338, 103, 116, 210, 51, 86, 312, 441, 341, 296, 493, 408, 194, 323, 360, 391, 334, 322, 213, 99, 150, 255, 130, 439, 58, 347, 253, 328, 226, 109, 80, 188, 19, 454, 39, 456, 90, 326, 424, 481, 0]
Volume: 12.1321
Cost: 38723
Route: [0, 299, 200, 485, 285, 273, 206, 480, 370, 265, 410, 474, 153, 432, 494, 160, 42, 281, 15, 125, 304, 409, 420, 216, 295, 67, 351, 211, 345, 146, 263, 311, 16, 112, 140, 469, 186, 89, 449, 193, 496, 344, 221, 398, 54, 348, 59, 30, 267, 198, 397, 212, 429, 321, 462, 448, 117, 78, 472, 392, 254, 0]
Volume: 12.4392
Cost: 56405
Route: [0, 202, 457, 416, 107, 251, 201, 178, 444, 161, 435, 79, 400, 170, 385, 82, 129, 1, 219, 359, 287, 419, 122, 466, 377, 203, 417, 98, 382, 46, 357, 372, 60, 115, 271, 158, 498, 182, 128, 421, 208, 346, 241, 467, 22, 119, 412, 406, 231, 71, 278, 189, 87, 430, 0]
Volume: 12.0491
Cost: 30174
Route: [0, 248, 436, 44, 174, 91, 487, 329, 190, 12, 353, 191, 445, 324, 352, 259, 250, 235, 413, 14, 101, 11, 486, 373, 127, 75, 168, 433, 320, 389, 293, 205, 3, 415, 393, 25, 422, 442, 55, 371, 135, 217, 257, 366, 461, 85, 94, 464, 256, 155, 289, 272, 230, 386, 497, 137, 0]
Volume: 12.3981
Cost: 51964
Route: [0, 317, 470, 139, 276, 66, 286, 26, 37, 177, 72, 49, 134, 331, 181, 390, 437, 124, 369, 166, 477, 314, 106, 450, 187, 423, 438, 336, 309, 113, 233, 399, 207, 228, 374, 179, 162, 33, 108, 164, 76, 195, 427, 356, 245, 239, 491, 384, 492, 308, 0]
Volume: 12.1531
Cost: 43223
