OFV: 41189.0

Route: [0, 75, 207, 7, 38, 9, 19, 195, 95, 74, 132, 55, 29, 88, 120, 42, 143, 96, 108, 188, 26, 198, 134, 115, 128, 160, 233, 234, 3, 183, 247, 90, 129, 237, 246, 53, 178, 187, 116, 215, 60, 176, 48, 157, 200, 163, 209, 162, 13, 15, 32, 73, 27, 52, 64, 204, 84, 216, 68, 109, 46, 147, 243, 125, 102, 158, 139, 6, 197, 202, 63, 196, 69, 22, 170, 87, 56, 5, 206, 230, 156, 153, 232, 93, 131, 100, 186, 28, 98, 151, 146, 114, 192, 239, 0]
Volume: 11.9491
Cost: 16829
Route: [0, 89, 149, 166, 213, 79, 208, 37, 58, 126, 76, 177, 117, 34, 171, 23, 229, 199, 244, 150, 154, 112, 119, 78, 133, 241, 107, 130, 205, 144, 4, 167, 210, 45, 91, 12, 225, 173, 180, 30, 97, 103, 201, 184, 54, 193, 49, 231, 124, 223, 175, 61, 227, 219, 152, 121, 83, 127, 62, 81, 57, 104, 86, 43, 20, 228, 155, 245, 191, 214, 222, 226, 59, 140, 101, 85, 217, 92, 161, 1, 111, 113, 16, 224, 0]
Volume: 10.8757
Cost: 12600
Route: [0, 35, 189, 203, 14, 240, 24, 194, 110, 80, 65, 218, 168, 36, 66, 238, 67, 122, 70, 105, 182, 25, 235, 138, 190, 142, 174, 50, 82, 137, 77, 33, 21, 212, 181, 141, 169, 148, 165, 164, 18, 10, 118, 136, 39, 31, 159, 172, 123, 135, 2, 94, 44, 221, 11, 145, 211, 185, 99, 72, 249, 51, 242, 40, 71, 41, 179, 106, 248, 47, 17, 8, 236, 220, 0]
Volume: 8.9195
Cost: 11760
