OFV: 32073.0

Route: [0, 130, 62, 33, 185, 52, 107, 174, 233, 47, 150, 128, 48, 214, 178, 242, 80, 165, 147, 152, 5, 85, 73, 188, 193, 156, 58, 144, 88, 240, 104, 239, 41, 192, 3, 159, 66, 0]
Volume: 10.5462
Cost: 3764
Route: [0, 187, 123, 116, 25, 12, 176, 90, 136, 129, 210, 218, 196, 124, 200, 143, 195, 49, 216, 161, 201, 46, 72, 121, 111, 18, 27, 138, 69, 68, 135, 155, 70, 50, 125, 184, 180, 26, 0]
Volume: 11.7261
Cost: 4795
Route: [0, 38, 137, 226, 77, 60, 67, 119, 92, 40, 142, 207, 1, 10, 51, 222, 248, 127, 65, 219, 236, 217, 177, 7, 199, 106, 0]
Volume: 10.5961
Cost: 3706
Route: [0, 97, 36, 63, 98, 168, 171, 208, 141, 20, 35, 91, 132, 146, 204, 241, 243, 71, 6, 183, 246, 82, 114, 14, 235, 221, 202, 203, 245, 42, 2, 108, 23, 44, 232, 0]
Volume: 10.5631
Cost: 3633
Route: [0, 81, 100, 43, 231, 118, 237, 220, 169, 57, 76, 229, 84, 55, 134, 83, 30, 103, 230, 160, 197, 163, 149, 244, 102, 173, 56, 139, 179, 75, 11, 213, 94, 29, 198, 0]
Volume: 9.96
Cost: 3912
Route: [0, 105, 126, 109, 215, 79, 164, 115, 212, 120, 148, 158, 122, 93, 64, 28, 9, 54, 34, 117, 99, 182, 172, 154, 78, 194, 205, 15, 16, 21, 53, 153, 87, 191, 247, 228, 31, 86, 32, 37, 170, 110, 224, 0]
Volume: 9.1721
Cost: 3725
Route: [0, 45, 181, 113, 133, 8, 13, 131, 157, 238, 140, 89, 17, 95, 167, 4, 166, 211, 74, 175, 189, 19, 209, 227, 225, 39, 190, 206, 112, 223, 249, 186, 22, 162, 96, 24, 59, 101, 151, 234, 145, 61, 0]
Volume: 11.201
Cost: 8538
