OFV: 342309.0

Route: [0, 85, 19, 63, 15, 186, 241, 154, 151, 220, 216, 104, 214, 0]
Volume: 4.2721
Cost: 14040
Route: [0, 201, 239, 37, 230, 204, 218, 190, 242, 221, 0]
Volume: 4.986
Cost: 13424
Route: [0, 170, 219, 92, 8, 47, 180, 113, 31, 1, 58, 91, 0]
Volume: 4.99
Cost: 17722
Route: [0, 155, 195, 55, 178, 20, 51, 126, 0]
Volume: 4.964
Cost: 13679
Route: [0, 88, 38, 226, 149, 70, 101, 124, 7, 159, 0]
Volume: 4.9042
Cost: 8519
Route: [0, 78, 111, 4, 12, 25, 84, 98, 118, 206, 175, 0]
Volume: 4.98
Cost: 18493
Route: [0, 41, 163, 141, 143, 125, 162, 144, 140, 145, 119, 0]
Volume: 4.982
Cost: 15735
Route: [0, 235, 34, 59, 18, 23, 231, 30, 0]
Volume: 4.508
Cost: 10127
Route: [0, 108, 129, 164, 150, 28, 243, 122, 0]
Volume: 4.8721
Cost: 12572
Route: [0, 14, 223, 203, 227, 74, 172, 222, 42, 53, 146, 245, 116, 0]
Volume: 4.912
Cost: 13325
Route: [0, 138, 187, 96, 236, 165, 32, 152, 0]
Volume: 4.9459
Cost: 18398
Route: [0, 64, 197, 229, 80, 153, 87, 199, 82, 0]
Volume: 4.53
Cost: 7318
Route: [0, 147, 50, 21, 102, 212, 160, 127, 177, 36, 109, 181, 43, 244, 0]
Volume: 4.83
Cost: 15598
Route: [0, 167, 86, 114, 171, 46, 191, 17, 57, 79, 29, 0]
Volume: 4.98
Cost: 14974
Route: [0, 232, 93, 90, 33, 72, 56, 67, 224, 73, 193, 209, 0]
Volume: 4.9981
Cost: 21653
Route: [0, 248, 107, 148, 120, 207, 173, 100, 238, 2, 157, 48, 0]
Volume: 4.658
Cost: 6751
Route: [0, 188, 168, 60, 130, 240, 237, 9, 0]
Volume: 4.514
Cost: 5538
Route: [0, 68, 128, 3, 26, 166, 134, 66, 76, 0]
Volume: 4.98
Cost: 12582
Route: [0, 176, 137, 110, 123, 121, 112, 194, 156, 71, 24, 169, 0]
Volume: 4.9579
Cost: 9464
Route: [0, 174, 211, 5, 105, 35, 75, 158, 115, 135, 0]
Volume: 4.77
Cost: 8634
Route: [0, 6, 11, 131, 182, 247, 185, 40, 161, 65, 39, 200, 0]
Volume: 4.9922
Cost: 5826
Route: [0, 117, 132, 22, 27, 202, 142, 139, 198, 136, 97, 192, 95, 0]
Volume: 4.9259
Cost: 16536
Route: [0, 233, 61, 62, 249, 54, 13, 45, 215, 16, 103, 0]
Volume: 4.93
Cost: 17786
Route: [0, 49, 52, 228, 69, 189, 89, 81, 99, 217, 94, 234, 246, 0]
Volume: 4.9
Cost: 15042
Route: [0, 83, 208, 225, 179, 196, 133, 184, 210, 77, 0]
Volume: 4.96
Cost: 15389
Route: [0, 106, 183, 205, 213, 10, 44, 0]
Volume: 4.866
Cost: 13184
