OFV: 787067.0

Route: [0, 389, 272, 12, 362, 404, 71, 161, 93, 216, 209, 165, 385, 364, 492, 396, 497, 74, 61, 16, 435, 338, 386, 337, 358, 313, 301, 243, 284, 0]
Volume: 6.3501
Cost: 54771
Route: [0, 120, 247, 346, 245, 352, 14, 230, 237, 201, 283, 302, 496, 431, 458, 401, 483, 353, 312, 441, 232, 208, 54, 378, 41, 410, 269, 478, 81, 489, 118, 26, 158, 40, 163, 241, 349, 113, 142, 331, 148, 407, 265, 97, 460, 109, 0]
Volume: 12.473
Cost: 91807
Route: [0, 487, 76, 447, 330, 325, 417, 235, 425, 397, 293, 233, 381, 106, 442, 198, 438, 376, 6, 127, 168, 466, 486, 342, 484, 222, 405, 39, 264, 380, 448, 375, 227, 27, 101, 347, 326, 35, 87, 303, 424, 374, 250, 75, 105, 436, 0]
Volume: 11.0599
Cost: 77969
Route: [0, 110, 488, 177, 88, 262, 212, 147, 300, 428, 86, 9, 470, 459, 307, 44, 316, 91, 152, 47, 57, 452, 390, 368, 132, 181, 188, 32, 25, 53, 150, 419, 58, 328, 360, 311, 170, 180, 261, 259, 474, 226, 450, 400, 467, 156, 194, 282, 348, 286, 422, 117, 341, 333, 343, 183, 0]
Volume: 12.1933
Cost: 73715
Route: [0, 52, 162, 187, 453, 131, 465, 46, 263, 472, 176, 244, 310, 256, 225, 219, 240, 271, 318, 258, 242, 493, 317, 266, 299, 276, 18, 334, 432, 411, 449, 416, 221, 340, 314, 56, 457, 10, 130, 63, 231, 115, 67, 0]
Volume: 12.433
Cost: 60883
Route: [0, 406, 214, 45, 257, 391, 279, 21, 182, 409, 388, 361, 480, 169, 23, 96, 309, 473, 173, 116, 210, 205, 30, 83, 99, 485, 322, 48, 203, 298, 192, 190, 185, 403, 136, 413, 461, 138, 463, 107, 178, 143, 121, 288, 398, 379, 468, 215, 0]
Volume: 12.496
Cost: 85607
Route: [0, 387, 134, 363, 184, 90, 66, 206, 494, 315, 191, 94, 229, 476, 50, 144, 42, 383, 392, 123, 296, 20, 443, 320, 344, 164, 141, 126, 200, 179, 62, 373, 384, 31, 102, 433, 125, 73, 4, 253, 119, 412, 490, 37, 456, 89, 359, 80, 366, 154, 0]
Volume: 12.4911
Cost: 68226
Route: [0, 415, 306, 420, 5, 100, 369, 111, 1, 103, 421, 479, 278, 70, 135, 238, 15, 355, 274, 394, 367, 267, 495, 2, 399, 393, 268, 195, 197, 345, 98, 79, 95, 275, 77, 372, 0]
Volume: 9.2849
Cost: 55590
Route: [0, 199, 440, 223, 498, 55, 153, 3, 64, 273, 78, 236, 445, 13, 429, 437, 365, 175, 408, 137, 140, 260, 139, 36, 319, 24, 189, 33, 370, 213, 454, 297, 29, 371, 159, 246, 418, 204, 323, 82, 207, 220, 354, 351, 464, 308, 217, 11, 7, 0]
Volume: 12.4421
Cost: 69140
Route: [0, 336, 124, 59, 108, 455, 251, 157, 166, 160, 114, 280, 255, 294, 68, 491, 224, 239, 414, 377, 172, 446, 329, 475, 481, 128, 149, 292, 92, 193, 327, 332, 285, 104, 335, 69, 211, 304, 321, 499, 167, 202, 444, 289, 34, 395, 427, 287, 218, 305, 290, 51, 85, 423, 0]
Volume: 12.492
Cost: 74037
Route: [0, 234, 145, 112, 356, 339, 430, 129, 462, 60, 122, 38, 281, 482, 295, 451, 270, 174, 28, 252, 228, 8, 84, 439, 350, 72, 146, 469, 434, 254, 277, 402, 133, 22, 155, 186, 43, 382, 249, 477, 17, 248, 171, 426, 324, 471, 65, 19, 196, 357, 49, 151, 291, 0]
Volume: 12.0991
Cost: 75322
