OFV: 46838.0

Route: [0, 40, 130, 320, 429, 44, 280, 395, 453, 378, 412, 468, 383, 211, 456, 252, 459, 312, 302, 473, 294, 161, 143, 324, 134, 361, 6, 489, 310, 455, 311, 19, 126, 176, 118, 238, 464, 76, 202, 86, 413, 188, 411, 318, 42, 285, 70, 289, 0]
Volume: 11.6081
Cost: 3074
Route: [0, 236, 350, 337, 14, 9, 382, 151, 304, 197, 397, 380, 369, 23, 366, 301, 480, 239, 12, 425, 178, 322, 271, 224, 292, 335, 116, 353, 400, 356, 156, 410, 172, 415, 390, 148, 362, 205, 360, 452, 364, 190, 414, 282, 359, 110, 484, 95, 7, 158, 210, 230, 334, 0]
Volume: 12.2512
Cost: 3534
Route: [0, 123, 135, 269, 293, 262, 241, 465, 281, 43, 445, 454, 150, 284, 136, 53, 333, 396, 379, 74, 22, 181, 56, 432, 447, 33, 78, 77, 257, 479, 17, 41, 499, 476, 365, 254, 399, 152, 403, 30, 338, 27, 0]
Volume: 11.877
Cost: 6072
Route: [0, 278, 125, 371, 407, 387, 119, 182, 175, 121, 243, 428, 377, 97, 218, 8, 79, 3, 28, 63, 140, 374, 166, 213, 275, 101, 69, 133, 463, 228, 1, 461, 279, 168, 68, 25, 174, 0]
Volume: 9.458
Cost: 5798
Route: [0, 474, 398, 92, 305, 250, 83, 401, 186, 466, 457, 330, 34, 105, 444, 296, 420, 154, 179, 106, 214, 73, 442, 85, 157, 13, 321, 370, 349, 21, 460, 58, 258, 170, 187, 207, 87, 163, 0]
Volume: 8.834
Cost: 3232
Route: [0, 462, 316, 307, 402, 222, 114, 381, 449, 431, 436, 221, 240, 339, 263, 443, 129, 32, 60, 66, 55, 348, 72, 255, 46, 177, 18, 0]
Volume: 7.27
Cost: 3226
Route: [0, 306, 5, 191, 10, 99, 189, 343, 26, 89, 283, 84, 132, 300, 162, 38, 490, 357, 212, 426, 2, 20, 351, 107, 131, 245, 203, 493, 0]
Volume: 7.0611
Cost: 3270
Route: [0, 71, 59, 149, 303, 492, 344, 233, 486, 458, 90, 231, 287, 256, 96, 45, 451, 345, 272, 115, 242, 295, 331, 376, 391, 50, 327, 491, 153, 405, 16, 291, 417, 142, 184, 128, 11, 481, 196, 419, 0]
Volume: 11.18
Cost: 3189
Route: [0, 209, 422, 259, 36, 31, 434, 253, 75, 274, 418, 341, 93, 488, 332, 235, 487, 229, 441, 470, 100, 298, 164, 446, 220, 408, 145, 261, 406, 35, 438, 471, 251, 109, 249, 120, 200, 485, 340, 173, 372, 54, 51, 193, 4, 0]
Volume: 11.2301
Cost: 2701
Route: [0, 185, 65, 355, 393, 144, 267, 52, 435, 160, 24, 260, 226, 98, 433, 180, 15, 246, 427, 326, 467, 165, 494, 416, 159, 201, 373, 64, 497, 167, 215, 208, 389, 352, 423, 117, 29, 47, 358, 496, 195, 94, 313, 199, 39, 325, 80, 183, 482, 111, 244, 437, 0]
Volume: 11.004
Cost: 3596
Route: [0, 367, 276, 234, 104, 342, 450, 48, 317, 62, 219, 82, 138, 217, 266, 147, 290, 297, 329, 103, 57, 475, 286, 112, 315, 192, 81, 354, 384, 37, 495, 409, 0]
Volume: 9.0921
Cost: 2730
Route: [0, 113, 288, 223, 404, 363, 171, 472, 232, 268, 67, 108, 430, 273, 368, 146, 483, 237, 248, 137, 194, 198, 122, 0]
Volume: 6.587
Cost: 3200
Route: [0, 385, 91, 309, 139, 265, 314, 388, 394, 247, 469, 155, 225, 392, 347, 124, 264, 270, 61, 477, 141, 336, 227, 204, 102, 328, 319, 439, 424, 375, 299, 206, 88, 478, 323, 216, 127, 277, 440, 308, 386, 448, 169, 49, 421, 346, 498, 0]
Volume: 11.7233
Cost: 3216
