OFV: 62456.0

Route: [0, 101, 64, 0]
Volume: 1.28
Cost: 97
Route: [0, 203, 67, 54, 195, 34, 62, 126, 19, 118, 147, 217, 58, 210, 182, 75, 104, 32, 88, 170, 26, 5, 140, 0]
Volume: 4.8601
Cost: 4633
Route: [0, 43, 202, 99, 186, 81, 135, 95, 78, 91, 244, 38, 197, 236, 151, 39, 248, 11, 222, 199, 30, 66, 0]
Volume: 4.8032
Cost: 4868
Route: [0, 150, 216, 36, 16, 164, 7, 80, 213, 198, 181, 243, 158, 87, 82, 189, 159, 136, 205, 230, 0]
Volume: 4.978
Cost: 4494
Route: [0, 53, 154, 22, 1, 37, 245, 52, 142, 249, 2, 44, 148, 79, 117, 229, 247, 160, 114, 193, 0]
Volume: 4.985
Cost: 6174
Route: [0, 237, 173, 166, 172, 109, 167, 187, 120, 77, 56, 14, 60, 29, 224, 112, 0]
Volume: 4.925
Cost: 4575
Route: [0, 163, 169, 123, 145, 18, 9, 92, 221, 68, 21, 235, 190, 106, 177, 76, 63, 27, 23, 211, 184, 208, 96, 41, 180, 48, 0]
Volume: 4.9562
Cost: 4125
Route: [0, 100, 73, 127, 50, 215, 17, 49, 15, 47, 98, 149, 228, 110, 125, 69, 51, 108, 119, 152, 3, 97, 137, 144, 0]
Volume: 4.998
Cost: 6270
Route: [0, 233, 40, 234, 6, 206, 74, 239, 242, 214, 240, 83, 42, 191, 139, 209, 28, 175, 70, 121, 102, 219, 0]
Volume: 4.941
Cost: 5092
Route: [0, 20, 138, 207, 24, 55, 45, 84, 72, 65, 93, 133, 176, 162, 192, 4, 165, 0]
Volume: 4.897
Cost: 4681
Route: [0, 156, 122, 134, 212, 130, 113, 94, 10, 116, 174, 227, 171, 103, 231, 183, 155, 178, 128, 185, 85, 89, 33, 0]
Volume: 4.893
Cost: 5187
Route: [0, 13, 146, 238, 90, 132, 223, 196, 188, 246, 241, 143, 141, 46, 129, 124, 157, 226, 225, 25, 201, 232, 0]
Volume: 4.9761
Cost: 7893
Route: [0, 194, 8, 61, 168, 218, 86, 59, 204, 57, 115, 105, 71, 153, 131, 35, 220, 107, 179, 12, 31, 200, 161, 111, 0]
Volume: 4.974
Cost: 4367
