OFV: 93968.0

Route: [0, 367, 198, 286, 460, 379, 148, 252, 456, 297, 432, 56, 124, 332, 308, 32, 61, 256, 88, 129, 487, 232, 87, 250, 0]
Volume: 4.589
Cost: 3307
Route: [0, 245, 177, 351, 120, 202, 268, 298, 100, 140, 63, 374, 284, 405, 153, 491, 72, 340, 99, 184, 11, 481, 128, 114, 163, 0]
Volume: 4.912
Cost: 3354
Route: [0, 278, 350, 105, 457, 395, 436, 317, 235, 344, 115, 90, 233, 471, 303, 339, 149, 492, 186, 253, 0]
Volume: 4.992
Cost: 3169
Route: [0, 23, 170, 111, 55, 48, 448, 287, 442, 468, 132, 102, 322, 239, 384, 288, 0]
Volume: 4.719
Cost: 3260
Route: [0, 71, 75, 92, 7, 263, 477, 141, 377, 231, 134, 368, 280, 9, 382, 203, 0]
Volume: 4.762
Cost: 3331
Route: [0, 359, 394, 98, 433, 180, 15, 246, 20, 326, 467, 101, 69, 275, 166, 213, 110, 42, 0]
Volume: 4.14
Cost: 4299
Route: [0, 363, 281, 397, 380, 155, 212, 357, 490, 400, 156, 356, 353, 116, 224, 292, 164, 494, 201, 37, 0]
Volume: 4.535
Cost: 3527
Route: [0, 267, 314, 484, 95, 230, 210, 158, 282, 251, 79, 329, 57, 103, 165, 174, 0]
Volume: 4.236
Cost: 3521
Route: [0, 171, 434, 291, 417, 31, 393, 70, 259, 207, 91, 371, 142, 289, 0]
Volume: 4.0681
Cost: 3281
Route: [0, 385, 421, 296, 221, 80, 26, 138, 82, 211, 22, 486, 387, 119, 182, 175, 320, 223, 5, 0]
Volume: 4.9941
Cost: 3087
Route: [0, 388, 52, 265, 408, 257, 479, 17, 41, 499, 476, 365, 254, 399, 1, 461, 279, 0]
Volume: 4.995
Cost: 5772
Route: [0, 401, 262, 51, 76, 304, 197, 333, 482, 172, 109, 376, 410, 283, 427, 18, 0]
Volume: 4.964
Cost: 3289
Route: [0, 404, 137, 187, 135, 190, 459, 150, 173, 117, 89, 438, 35, 406, 327, 453, 240, 34, 330, 444, 192, 307, 0]
Volume: 4.902
Cost: 3392
Route: [0, 209, 422, 237, 248, 423, 473, 294, 62, 127, 310, 6, 497, 64, 146, 483, 241, 65, 409, 0]
Volume: 4.9301
Cost: 2216
Route: [0, 316, 44, 43, 93, 214, 162, 106, 38, 396, 389, 208, 324, 139, 446, 220, 28, 159, 247, 160, 24, 435, 226, 260, 0]
Volume: 4.9451
Cost: 3787
Route: [0, 113, 83, 466, 261, 428, 331, 249, 391, 478, 323, 216, 440, 277, 206, 415, 458, 143, 412, 271, 255, 46, 191, 309, 0]
Volume: 4.4941
Cost: 3408
Route: [0, 495, 445, 429, 465, 454, 373, 161, 243, 274, 273, 8, 96, 199, 313, 94, 108, 39, 325, 378, 301, 366, 4, 0]
Volume: 4.9251
Cost: 3191
Route: [0, 236, 450, 189, 181, 229, 470, 441, 319, 50, 126, 45, 53, 360, 420, 49, 305, 498, 0]
Volume: 4.304
Cost: 3200
Route: [0, 40, 144, 293, 269, 369, 355, 36, 59, 12, 425, 178, 318, 122, 0]
Volume: 4.617
Cost: 3159
Route: [0, 222, 402, 244, 312, 266, 154, 242, 345, 33, 78, 77, 168, 68, 25, 133, 463, 228, 152, 30, 403, 27, 338, 0]
Volume: 4.8832
Cost: 5766
Route: [0, 474, 16, 381, 449, 169, 290, 147, 205, 370, 321, 343, 19, 311, 358, 362, 167, 352, 215, 188, 285, 0]
Volume: 4.894
Cost: 3351
Route: [0, 123, 125, 488, 14, 390, 452, 97, 272, 496, 195, 176, 118, 238, 464, 193, 334, 0]
Volume: 4.445
Cost: 3126
Route: [0, 10, 431, 361, 302, 121, 418, 67, 74, 85, 157, 300, 145, 54, 60, 66, 348, 335, 372, 485, 493, 0]
Volume: 4.6641
Cost: 3411
Route: [0, 185, 112, 204, 227, 443, 489, 84, 439, 375, 299, 21, 179, 383, 386, 414, 364, 407, 419, 0]
Volume: 4.851
Cost: 3047
Route: [0, 130, 81, 354, 151, 200, 270, 341, 349, 136, 218, 347, 225, 392, 264, 447, 455, 183, 131, 194, 0]
Volume: 4.8802
Cost: 3368
Route: [0, 306, 276, 315, 234, 104, 342, 196, 107, 219, 328, 424, 475, 217, 73, 430, 29, 469, 336, 3, 451, 337, 472, 346, 0]
Volume: 4.5641
Cost: 3254
Route: [0, 462, 398, 58, 411, 258, 480, 295, 13, 47, 86, 2, 426, 413, 416, 437, 0]
Volume: 4.9651
Cost: 3095
