OFV: 18032.0

Route: [0, 4, 57, 22, 42, 18, 70, 48, 98, 55, 71, 20, 5, 12, 94, 21, 84, 58, 19, 95, 62, 63, 69, 91, 80, 6, 16, 77, 38, 34, 24, 52, 54, 31, 47, 90, 0]
Volume: 7.878
Cost: 4248
Route: [0, 2, 43, 73, 81, 26, 83, 13, 46, 61, 44, 10, 97, 29, 49, 82, 35, 37, 41, 67, 56, 74, 92, 7, 0]
Volume: 7.6812
Cost: 8106
Route: [0, 45, 72, 99, 86, 9, 36, 25, 85, 64, 60, 79, 39, 66, 51, 28, 15, 33, 65, 76, 59, 30, 32, 27, 17, 93, 96, 14, 3, 87, 53, 75, 11, 1, 68, 23, 78, 89, 40, 88, 50, 8, 0]
Volume: 10.0941
Cost: 5678
