OFV: 364709.0

Route: [0, 63, 55, 225, 80, 211, 67, 190, 140, 230, 49, 145, 78, 187, 163, 0]
Volume: 4.9802
Cost: 24075
Route: [0, 171, 47, 50, 191, 234, 170, 103, 87, 213, 0]
Volume: 4.914
Cost: 7338
Route: [0, 70, 4, 242, 110, 195, 40, 180, 45, 100, 143, 152, 0]
Volume: 4.9122
Cost: 14518
Route: [0, 193, 48, 13, 205, 36, 24, 32, 14, 91, 81, 71, 157, 118, 0]
Volume: 4.856
Cost: 18896
Route: [0, 233, 56, 37, 35, 151, 38, 107, 44, 241, 7, 184, 219, 134, 0]
Volume: 4.994
Cost: 17172
Route: [0, 34, 150, 130, 54, 153, 202, 59, 137, 129, 136, 0]
Volume: 4.96
Cost: 19161
Route: [0, 82, 114, 155, 201, 72, 29, 61, 64, 28, 0]
Volume: 4.542
Cost: 9273
Route: [0, 222, 52, 76, 102, 146, 106, 33, 111, 89, 58, 0]
Volume: 4.9241
Cost: 12302
Route: [0, 248, 120, 90, 46, 20, 185, 57, 175, 232, 23, 203, 164, 0]
Volume: 4.96
Cost: 15962
Route: [0, 207, 236, 124, 160, 181, 18, 162, 0]
Volume: 4.912
Cost: 17164
Route: [0, 94, 179, 74, 12, 21, 189, 228, 104, 174, 0]
Volume: 4.9921
Cost: 26054
Route: [0, 227, 86, 95, 88, 204, 119, 178, 115, 229, 26, 192, 92, 0]
Volume: 4.846
Cost: 18832
Route: [0, 139, 182, 166, 224, 209, 42, 210, 17, 79, 27, 199, 177, 0]
Volume: 4.9541
Cost: 15543
Route: [0, 208, 186, 126, 244, 51, 215, 188, 226, 154, 239, 97, 0]
Volume: 4.9901
Cost: 17064
Route: [0, 117, 83, 39, 98, 167, 113, 96, 147, 198, 217, 77, 65, 0]
Volume: 4.956
Cost: 11363
Route: [0, 8, 125, 142, 135, 62, 101, 5, 116, 60, 223, 240, 138, 112, 231, 0]
Volume: 4.9281
Cost: 15390
Route: [0, 144, 214, 141, 127, 123, 220, 128, 0]
Volume: 4.942
Cost: 14996
Route: [0, 75, 43, 93, 11, 22, 149, 53, 132, 85, 121, 0]
Volume: 4.9961
Cost: 14185
Route: [0, 109, 243, 172, 218, 108, 84, 0]
Volume: 4.566
Cost: 9789
Route: [0, 131, 221, 25, 73, 158, 156, 41, 161, 183, 122, 216, 235, 0]
Volume: 4.534
Cost: 12810
Route: [0, 238, 246, 173, 148, 66, 249, 68, 99, 212, 0]
Volume: 4.946
Cost: 16645
Route: [0, 168, 3, 196, 30, 245, 159, 105, 15, 165, 0]
Volume: 4.962
Cost: 14915
Route: [0, 69, 16, 2, 6, 247, 1, 176, 0]
Volume: 4.784
Cost: 11326
Route: [0, 19, 197, 10, 237, 200, 9, 194, 31, 133, 206, 169, 0]
Volume: 4.5
Cost: 9936
