OFV: 209772.0

Route: [0, 158, 129, 164, 141, 163, 162, 125, 143, 144, 8, 180, 1, 175, 206, 118, 73, 193, 58, 29, 235, 0]
Volume: 4.8511
Cost: 20718
Route: [0, 63, 15, 154, 220, 151, 228, 52, 69, 189, 77, 217, 99, 94, 234, 89, 246, 81, 0]
Volume: 4.8909
Cost: 17110
Route: [0, 168, 91, 115, 122, 5, 105, 103, 211, 173, 207, 148, 120, 100, 238, 2, 157, 174, 68, 48, 0]
Volume: 4.971
Cost: 10539
Route: [0, 117, 132, 22, 230, 204, 218, 139, 198, 136, 192, 97, 213, 241, 186, 216, 104, 214, 199, 0]
Volume: 4.956
Cost: 19291
Route: [0, 188, 0]
Volume: 0.64
Cost: 924
Route: [0, 41, 60, 130, 208, 225, 179, 210, 138, 78, 184, 196, 133, 111, 4, 12, 25, 84, 98, 113, 31, 92, 219, 170, 237, 209, 9, 76, 0]
Volume: 4.9921
Cost: 22062
Route: [0, 65, 200, 39, 226, 88, 38, 149, 70, 101, 124, 7, 161, 40, 185, 247, 131, 182, 159, 11, 6, 244, 221, 0]
Volume: 4.967
Cost: 10816
Route: [0, 83, 128, 3, 26, 79, 86, 17, 171, 46, 191, 114, 57, 166, 134, 66, 145, 240, 108, 0]
Volume: 4.973
Cost: 15479
Route: [0, 147, 21, 36, 109, 181, 43, 50, 102, 177, 212, 160, 127, 242, 190, 202, 142, 37, 27, 239, 201, 106, 30, 0]
Volume: 5.0
Cost: 20275
Route: [0, 49, 232, 93, 90, 33, 72, 224, 56, 67, 187, 96, 165, 236, 32, 152, 47, 140, 243, 28, 150, 119, 167, 135, 0]
Volume: 4.9661
Cost: 25372
Route: [0, 176, 223, 203, 116, 227, 245, 110, 14, 137, 123, 121, 194, 156, 126, 248, 107, 0]
Volume: 4.961
Cost: 12276
Route: [0, 34, 231, 18, 23, 59, 205, 183, 10, 44, 19, 85, 95, 82, 87, 197, 80, 153, 229, 64, 0]
Volume: 4.752
Cost: 12240
Route: [0, 169, 71, 24, 112, 155, 74, 172, 222, 42, 146, 53, 195, 55, 178, 20, 51, 54, 249, 233, 61, 62, 13, 45, 215, 16, 35, 75, 0]
Volume: 4.9453
Cost: 22670
