OFV: 221429.0

Route: [0, 111, 78, 41, 181, 88, 141, 90, 54, 204, 64, 85, 16, 137, 82, 200, 230, 57, 73, 173, 166, 180, 87, 120, 6, 69, 100, 145, 129, 36, 115, 81, 189, 212, 156, 174, 131, 190, 132, 99, 219, 220, 152, 151, 58, 196, 44, 47, 159, 40, 39, 37, 243, 75, 49, 8, 209, 238, 147, 5, 144, 186, 210, 118, 160, 86, 227, 76, 241, 194, 213, 56, 214, 123, 240, 71, 61, 134, 172, 138, 3, 242, 195, 207, 232, 34, 31, 203, 84, 0]
Volume: 11.7806
Cost: 83218
Route: [0, 146, 26, 157, 237, 164, 201, 225, 27, 22, 13, 191, 112, 182, 178, 163, 187, 140, 38, 98, 221, 83, 247, 235, 80, 68, 102, 175, 74, 51, 188, 116, 30, 167, 95, 105, 229, 249, 130, 103, 216, 248, 224, 218, 176, 1, 169, 106, 179, 165, 127, 185, 104, 217, 205, 109, 171, 126, 62, 139, 35, 46, 121, 117, 143, 42, 246, 2, 72, 23, 25, 70, 9, 50, 32, 215, 161, 124, 107, 110, 97, 101, 198, 18, 245, 192, 193, 125, 92, 63, 91, 208, 65, 206, 222, 43, 136, 48, 236, 223, 89, 19, 149, 153, 59, 0]
Volume: 12.2977
Cost: 80806
Route: [0, 148, 239, 20, 24, 142, 133, 184, 79, 199, 29, 122, 113, 233, 4, 119, 77, 60, 226, 12, 55, 150, 168, 67, 94, 244, 93, 53, 17, 197, 177, 211, 7, 15, 154, 135, 202, 10, 28, 231, 155, 170, 33, 162, 228, 128, 96, 234, 158, 45, 52, 14, 66, 21, 114, 11, 183, 108, 0]
Volume: 7.5337
Cost: 57405
