OFV: 656435.0

Route: [0, 367, 49, 25, 105, 444, 296, 240, 330, 395, 453, 221, 436, 34, 457, 466, 312, 456, 252, 233, 145, 121, 183, 26, 274, 47, 361, 412, 360, 370, 321, 115, 132, 85, 442, 157, 263, 35, 406, 438, 39, 325, 313, 199, 94, 333, 136, 368, 373, 497, 161, 164, 155, 29, 344, 460, 423, 188, 427, 20, 165, 416, 201, 101, 110, 111, 149, 492, 303, 351, 107, 258, 58, 411, 382, 9, 237, 248, 320, 465, 445, 397, 193, 354, 81, 269, 293, 245, 307, 222, 402, 171, 194, 291, 187, 417, 207, 70, 223, 137, 65, 144, 276, 398, 369, 422, 409, 0]
Volume: 12.4831
Cost: 112760
Route: [0, 388, 394, 359, 433, 98, 226, 260, 435, 24, 160, 210, 158, 446, 220, 95, 257, 479, 17, 168, 461, 152, 30, 338, 27, 403, 499, 41, 476, 365, 254, 399, 279, 68, 69, 298, 2, 426, 357, 212, 413, 469, 189, 328, 439, 375, 424, 301, 405, 491, 153, 176, 118, 238, 464, 117, 60, 66, 348, 408, 230, 247, 44, 429, 241, 43, 281, 380, 350, 342, 104, 234, 481, 11, 128, 184, 315, 23, 71, 253, 40, 163, 185, 385, 289, 419, 123, 122, 346, 498, 278, 4, 0]
Volume: 11.8836
Cost: 145599
Route: [0, 209, 495, 91, 203, 250, 355, 31, 142, 198, 366, 135, 191, 114, 16, 244, 407, 421, 112, 186, 87, 131, 93, 280, 483, 175, 79, 151, 55, 297, 195, 480, 475, 102, 54, 459, 14, 454, 173, 197, 420, 451, 76, 339, 32, 86, 336, 335, 120, 100, 284, 268, 299, 45, 21, 496, 383, 62, 440, 88, 109, 410, 362, 331, 277, 206, 376, 478, 216, 116, 356, 156, 400, 353, 224, 292, 249, 133, 463, 228, 1, 77, 78, 166, 213, 275, 202, 374, 140, 63, 265, 484, 159, 494, 467, 326, 180, 15, 246, 0]
Volume: 12.3746
Cost: 146796
Route: [0, 462, 174, 474, 42, 285, 236, 401, 37, 282, 314, 7, 52, 28, 139, 119, 387, 182, 146, 64, 215, 389, 324, 208, 352, 482, 490, 72, 167, 126, 261, 271, 343, 477, 452, 89, 84, 96, 302, 273, 317, 13, 73, 218, 53, 287, 468, 455, 6, 179, 205, 391, 323, 127, 129, 308, 441, 470, 229, 172, 428, 19, 61, 256, 311, 50, 231, 295, 290, 147, 430, 345, 82, 310, 489, 458, 22, 283, 473, 235, 200, 379, 255, 46, 372, 337, 51, 286, 381, 449, 267, 5, 306, 334, 493, 113, 288, 18, 0]
Volume: 12.4643
Cost: 137270
Route: [0, 404, 363, 130, 316, 259, 36, 393, 125, 384, 196, 472, 192, 170, 318, 434, 59, 305, 262, 177, 83, 75, 450, 485, 431, 99, 169, 134, 219, 327, 471, 332, 378, 181, 443, 487, 319, 358, 108, 377, 74, 242, 243, 90, 386, 486, 266, 418, 148, 396, 272, 349, 138, 294, 143, 270, 211, 300, 80, 225, 347, 56, 447, 432, 264, 124, 392, 415, 106, 214, 162, 38, 154, 217, 97, 448, 48, 3, 67, 8, 150, 251, 340, 141, 390, 341, 414, 190, 364, 33, 12, 488, 322, 239, 178, 425, 232, 57, 103, 329, 204, 227, 304, 371, 10, 309, 92, 437, 0]
Volume: 12.478
Cost: 114010
