OFV: 23383.0

Route: [0, 199, 167, 124, 147, 416, 277, 234, 248, 397, 186, 39, 380, 264, 448, 405, 227, 375, 27, 317, 334, 18, 276, 493, 299, 266, 432, 101, 411, 222, 449, 484, 342, 326, 347, 155, 486, 434, 340, 171, 372, 350, 127, 168, 466, 381, 325, 293, 487, 447, 76, 330, 417, 430, 129, 462, 60, 122, 38, 281, 72, 303, 119, 475, 481, 128, 193, 149, 292, 92, 327, 332, 211, 104, 285, 321, 69, 335, 304, 177, 239, 419, 398, 179, 480, 361, 388, 392, 42, 383, 490, 406, 333, 343, 420, 415, 306, 0]
Volume: 10.3227
Cost: 3411
Route: [0, 369, 421, 103, 1, 111, 459, 175, 365, 437, 429, 445, 13, 443, 162, 355, 344, 341, 73, 329, 377, 172, 414, 446, 126, 495, 367, 267, 274, 399, 268, 394, 393, 2, 187, 22, 110, 488, 62, 214, 471, 235, 442, 6, 233, 106, 198, 133, 77, 444, 8, 252, 28, 228, 65, 453, 469, 191, 94, 229, 476, 382, 131, 201, 55, 153, 257, 118, 205, 494, 460, 93, 216, 338, 301, 243, 284, 313, 386, 358, 337, 0]
Volume: 10.3441
Cost: 4368
Route: [0, 52, 14, 137, 140, 319, 260, 36, 139, 408, 24, 189, 33, 297, 441, 370, 213, 312, 454, 232, 88, 174, 221, 270, 146, 290, 427, 305, 218, 287, 254, 197, 195, 125, 450, 400, 467, 156, 282, 194, 348, 286, 9, 59, 230, 440, 37, 247, 346, 245, 426, 289, 256, 225, 240, 219, 271, 34, 318, 258, 402, 457, 10, 130, 63, 231, 115, 67, 477, 85, 423, 35, 472, 263, 46, 465, 164, 310, 244, 176, 320, 182, 21, 279, 470, 29, 371, 373, 474, 4, 278, 352, 5, 100, 0]
Volume: 11.343
Cost: 3865
Route: [0, 165, 215, 499, 468, 237, 120, 212, 166, 157, 251, 224, 294, 491, 68, 255, 44, 121, 288, 31, 226, 123, 185, 181, 298, 328, 407, 265, 97, 148, 349, 142, 113, 331, 169, 3, 64, 273, 53, 138, 461, 107, 178, 413, 463, 136, 403, 452, 66, 206, 433, 117, 283, 23, 478, 269, 309, 489, 410, 54, 41, 473, 378, 208, 96, 81, 300, 105, 436, 250, 75, 324, 275, 84, 425, 438, 376, 43, 19, 196, 151, 49, 357, 152, 45, 102, 366, 86, 154, 0]
Volume: 10.2999
Cost: 4656
Route: [0, 336, 89, 401, 353, 483, 384, 379, 200, 498, 223, 296, 30, 316, 458, 259, 261, 311, 170, 180, 496, 360, 431, 412, 479, 141, 409, 144, 50, 368, 363, 184, 90, 70, 135, 17, 291, 87, 451, 295, 482, 439, 339, 145, 112, 356, 51, 395, 80, 47, 391, 390, 26, 25, 116, 210, 173, 188, 192, 190, 315, 12, 362, 404, 272, 389, 492, 396, 364, 71, 161, 385, 74, 61, 497, 209, 435, 16, 109, 0]
Volume: 9.3967
Cost: 4324
Route: [0, 387, 134, 456, 108, 262, 15, 238, 20, 143, 91, 246, 418, 354, 207, 323, 220, 82, 464, 308, 351, 428, 159, 57, 99, 83, 302, 158, 40, 163, 241, 58, 485, 48, 322, 203, 32, 114, 160, 280, 455, 307, 95, 345, 98, 79, 242, 314, 56, 249, 78, 236, 253, 424, 374, 202, 217, 11, 7, 150, 204, 132, 422, 359, 183, 0]
Volume: 6.9723
Cost: 2759
