OFV: 73950.0

Route: [0, 98, 44, 54, 63, 88, 92, 96, 94, 29, 9, 26, 71, 53, 47, 46, 33, 41, 20, 77, 93, 67, 59, 82, 10, 79, 28, 76, 4, 73, 64, 0]
Volume: 4.992
Cost: 27566
Route: [0, 43, 19, 1, 37, 39, 35, 69, 25, 48, 16, 52, 14, 15, 23, 57, 80, 30, 17, 36, 50, 11, 5, 70, 24, 83, 62, 74, 95, 38, 45, 51, 85, 8, 42, 97, 27, 0]
Volume: 4.8291
Cost: 20616
Route: [0, 78, 13, 34, 55, 86, 7, 58, 21, 6, 87, 72, 90, 56, 99, 2, 91, 89, 65, 66, 40, 18, 61, 31, 81, 75, 32, 60, 3, 84, 68, 49, 12, 22, 0]
Volume: 3.171
Cost: 25768
