OFV: 560122.0

Route: [0, 254, 440, 234, 26, 489, 152, 453, 87, 252, 376, 165, 324, 39, 13, 201, 299, 469, 200, 40, 71, 293, 189, 415, 306, 472, 291, 229, 191, 317, 482, 380, 309, 154, 288, 332, 350, 86, 213, 352, 0]
Volume: 11.4573
Cost: 42766
Route: [0, 150, 157, 94, 38, 25, 195, 475, 142, 479, 236, 455, 312, 471, 179, 243, 417, 123, 470, 346, 292, 145, 78, 183, 159, 47, 133, 72, 22, 456, 187, 388, 156, 383, 377, 430, 66, 7, 477, 300, 422, 419, 241, 457, 481, 217, 0]
Volume: 12.346
Cost: 41437
Route: [0, 401, 478, 407, 378, 17, 289, 250, 103, 385, 427, 275, 446, 499, 122, 239, 495, 444, 206, 59, 105, 101, 474, 149, 6, 180, 8, 348, 406, 313, 106, 459, 434, 84, 498, 219, 393, 426, 163, 268, 304, 80, 153, 193, 381, 255, 245, 402, 54, 215, 116, 224, 418, 327, 439, 372, 242, 0]
Volume: 12.027
Cost: 54593
Route: [0, 358, 331, 181, 442, 41, 279, 363, 53, 353, 45, 130, 31, 114, 168, 104, 356, 258, 269, 89, 355, 410, 432, 379, 70, 51, 225, 184, 425, 237, 61, 404, 277, 155, 413, 421, 492, 146, 340, 315, 480, 141, 176, 223, 97, 162, 394, 274, 468, 280, 196, 79, 0]
Volume: 12.4012
Cost: 46804
Route: [0, 334, 211, 83, 285, 44, 127, 436, 5, 399, 341, 323, 344, 52, 69, 46, 2, 322, 137, 238, 408, 431, 182, 112, 263, 171, 311, 99, 148, 452, 391, 29, 199, 398, 414, 136, 113, 1, 244, 371, 345, 347, 368, 390, 209, 298, 175, 75, 134, 296, 68, 111, 167, 400, 375, 0]
Volume: 12.388
Cost: 67956
Route: [0, 261, 424, 90, 463, 374, 96, 333, 222, 226, 362, 230, 50, 221, 174, 458, 161, 278, 56, 128, 259, 169, 93, 397, 270, 389, 491, 329, 273, 160, 260, 207, 342, 349, 465, 486, 387, 81, 140, 307, 0]
Volume: 8.7731
Cost: 52706
Route: [0, 448, 240, 35, 476, 429, 63, 4, 321, 62, 32, 91, 266, 216, 77, 265, 467, 27, 49, 19, 428, 497, 326, 335, 98, 438, 48, 58, 328, 435, 204, 433, 450, 416, 320, 447, 194, 64, 144, 235, 125, 367, 294, 496, 108, 220, 37, 396, 251, 173, 43, 214, 0]
Volume: 12.3679
Cost: 59238
Route: [0, 338, 488, 119, 267, 365, 95, 164, 316, 336, 138, 257, 276, 454, 325, 55, 281, 445, 110, 461, 92, 205, 295, 23, 262, 117, 361, 339, 42, 186, 305, 256, 177, 203, 88, 354, 483, 67, 490, 359, 143, 411, 21, 135, 364, 247, 76, 337, 437, 0]
Volume: 12.1512
Cost: 61934
Route: [0, 484, 227, 451, 369, 366, 405, 202, 36, 248, 301, 302, 158, 192, 73, 100, 395, 443, 60, 462, 11, 284, 16, 28, 493, 198, 139, 464, 351, 382, 485, 178, 233, 102, 126, 253, 107, 151, 185, 283, 166, 0]
Volume: 12.12
Cost: 45804
Route: [0, 460, 65, 170, 118, 423, 85, 287, 24, 131, 297, 18, 30, 403, 246, 9, 82, 282, 15, 319, 121, 290, 190, 449, 10, 124, 129, 272, 14, 271, 231, 318, 441, 494, 314, 370, 384, 147, 232, 109, 74, 12, 409, 373, 343, 3, 0]
Volume: 11.3232
Cost: 48564
Route: [0, 264, 115, 249, 286, 188, 412, 386, 392, 34, 357, 20, 420, 360, 487, 208, 212, 57, 172, 303, 228, 310, 473, 210, 120, 33, 330, 466, 308, 197, 132, 218, 0]
Volume: 8.7012
Cost: 38320
