OFV: 16213.0

Route: [0, 27, 23, 94, 56, 24, 38, 32, 68, 5, 34, 93, 43, 69, 92, 47, 83, 0]
Volume: 12.116
Cost: 3841
Route: [0, 7, 46, 85, 78, 49, 19, 42, 10, 2, 52, 80, 3, 22, 50, 91, 72, 11, 28, 0]
Volume: 8.496
Cost: 2123
Route: [0, 12, 57, 26, 98, 97, 13, 31, 41, 67, 37, 25, 61, 82, 9, 95, 39, 0]
Volume: 9.776
Cost: 2752
Route: [0, 84, 76, 30, 73, 63, 88, 62, 16, 70, 74, 21, 15, 77, 90, 36, 65, 96, 51, 81, 44, 17, 0]
Volume: 11.928
Cost: 3955
Route: [0, 87, 60, 48, 55, 89, 8, 20, 4, 1, 45, 14, 66, 54, 75, 35, 71, 58, 86, 29, 33, 40, 6, 53, 99, 59, 79, 64, 18, 0]
Volume: 12.034
Cost: 3542
