OFV: 711682.0

Route: [0, 491, 284, 393, 38, 349, 422, 269, 395, 469, 406, 378, 183, 462, 244, 193, 175, 275, 30, 338, 67, 99, 0]
Volume: 4.727
Cost: 35509
Route: [0, 313, 461, 149, 131, 189, 186, 25, 52, 0]
Volume: 1.863
Cost: 8892
Route: [0, 113, 410, 430, 478, 75, 249, 486, 111, 39, 42, 412, 365, 364, 55, 299, 431, 337, 48, 309, 248, 450, 135, 115, 329, 252, 0]
Volume: 4.976
Cost: 32378
Route: [0, 484, 21, 56, 225, 445, 236, 319, 303, 383, 482, 105, 345, 296, 97, 300, 446, 221, 292, 318, 151, 465, 341, 0]
Volume: 4.868
Cost: 27906
Route: [0, 27, 255, 455, 157, 381, 415, 138, 344, 366, 100, 384, 11, 184, 257, 476, 53, 442, 308, 217, 265, 404, 0]
Volume: 4.9851
Cost: 31745
Route: [0, 379, 260, 128, 385, 488, 150, 420, 163, 370, 307, 306, 58, 173, 448, 12, 159, 129, 243, 489, 456, 0]
Volume: 4.807
Cost: 43020
Route: [0, 160, 10, 253, 278, 304, 191, 251, 178, 351, 490, 499, 399, 327, 441, 6, 267, 94, 179, 346, 471, 5, 0]
Volume: 4.888
Cost: 31911
Route: [0, 464, 190, 130, 485, 367, 116, 322, 320, 468, 343, 88, 26, 375, 496, 440, 357, 28, 41, 339, 50, 2, 22, 0]
Volume: 4.957
Cost: 30422
Route: [0, 317, 226, 355, 218, 377, 65, 188, 235, 336, 208, 202, 119, 145, 110, 0]
Volume: 4.9121
Cost: 24760
Route: [0, 358, 223, 281, 438, 354, 417, 9, 16, 276, 454, 47, 229, 219, 487, 63, 204, 497, 213, 13, 498, 165, 314, 460, 254, 168, 206, 333, 0]
Volume: 4.7301
Cost: 38106
Route: [0, 211, 492, 74, 305, 463, 199, 467, 359, 394, 45, 24, 495, 408, 311, 432, 14, 250, 8, 109, 216, 3, 405, 286, 73, 0]
Volume: 4.975
Cost: 27888
Route: [0, 118, 302, 192, 443, 310, 152, 369, 330, 247, 170, 4, 220, 121, 87, 481, 0]
Volume: 4.8451
Cost: 23139
Route: [0, 7, 154, 231, 293, 57, 483, 470, 161, 347, 361, 228, 90, 294, 312, 295, 321, 46, 33, 259, 413, 200, 95, 34, 474, 0]
Volume: 4.993
Cost: 42201
Route: [0, 411, 205, 374, 185, 418, 35, 43, 392, 61, 222, 433, 212, 316, 246, 174, 232, 424, 0]
Volume: 4.708
Cost: 19611
Route: [0, 197, 36, 449, 177, 477, 71, 89, 288, 78, 240, 363, 457, 372, 83, 66, 407, 180, 209, 140, 215, 298, 195, 388, 82, 453, 167, 0]
Volume: 4.9821
Cost: 36894
Route: [0, 272, 458, 148, 103, 91, 277, 201, 428, 230, 136, 164, 107, 44, 181, 143, 397, 198, 92, 0]
Volume: 4.9411
Cost: 23714
Route: [0, 328, 23, 402, 196, 386, 324, 203, 210, 437, 387, 400, 133, 426, 368, 1, 268, 104, 137, 266, 287, 0]
Volume: 4.79
Cost: 16689
Route: [0, 447, 356, 134, 187, 340, 234, 155, 182, 237, 79, 76, 301, 169, 297, 123, 390, 126, 224, 108, 285, 315, 68, 0]
Volume: 4.9932
Cost: 36816
Route: [0, 125, 289, 389, 153, 124, 18, 473, 120, 451, 29, 398, 493, 49, 207, 72, 194, 172, 112, 380, 0]
Volume: 4.6401
Cost: 30246
Route: [0, 114, 271, 233, 376, 158, 348, 227, 270, 435, 391, 69, 171, 423, 239, 326, 429, 452, 274, 238, 436, 0]
Volume: 4.9461
Cost: 29082
Route: [0, 60, 323, 419, 362, 214, 80, 403, 353, 15, 106, 93, 352, 96, 371, 480, 245, 117, 360, 146, 472, 0]
Volume: 3.91
Cost: 19238
Route: [0, 401, 59, 459, 70, 409, 261, 479, 332, 262, 282, 98, 17, 122, 54, 84, 85, 77, 256, 0]
Volume: 4.7901
Cost: 27937
Route: [0, 280, 37, 342, 291, 62, 127, 335, 325, 279, 283, 162, 176, 142, 414, 64, 144, 350, 0]
Volume: 4.9092
Cost: 23921
Route: [0, 166, 373, 19, 264, 421, 396, 334, 139, 242, 331, 147, 31, 102, 263, 258, 40, 132, 81, 382, 141, 241, 273, 0]
Volume: 4.795
Cost: 25284
Route: [0, 494, 416, 439, 86, 32, 434, 475, 444, 290, 466, 101, 156, 20, 427, 425, 51, 0]
Volume: 4.899
Cost: 24373
