OFV: 12511.0

Route: [0, 35, 59, 94, 33, 91, 72, 11, 61, 50, 5, 27, 99, 4, 96, 16, 90, 2, 73, 0]
Volume: 4.741
Cost: 2980
Route: [0, 22, 46, 97, 81, 38, 88, 31, 92, 77, 21, 71, 9, 78, 52, 15, 60, 39, 95, 8, 0]
Volume: 4.6312
Cost: 2614
Route: [0, 93, 30, 58, 6, 62, 69, 19, 23, 29, 17, 67, 74, 84, 79, 26, 0]
Volume: 4.731
Cost: 1742
Route: [0, 36, 63, 76, 86, 65, 12, 66, 44, 49, 47, 7, 80, 0]
Volume: 3.884
Cost: 1251
Route: [0, 28, 40, 24, 75, 48, 98, 56, 89, 43, 34, 25, 57, 10, 3, 53, 68, 37, 87, 0]
Volume: 4.802
Cost: 1868
Route: [0, 20, 1, 64, 82, 18, 85, 54, 83, 70, 45, 51, 13, 42, 41, 55, 14, 32, 0]
Volume: 4.261
Cost: 2056
