OFV: 609610.0

Route: [0, 405, 202, 34, 357, 20, 420, 360, 195, 150, 157, 38, 25, 94, 57, 172, 303, 310, 228, 450, 416, 447, 320, 33, 467, 330, 466, 265, 77, 32, 321, 63, 4, 62, 352, 0]
Volume: 4.9635
Cost: 38976
Route: [0, 358, 247, 364, 135, 21, 184, 143, 225, 359, 51, 379, 70, 490, 67, 483, 325, 199, 281, 414, 398, 136, 55, 149, 474, 101, 105, 59, 113, 384, 147, 232, 445, 193, 381, 255, 244, 371, 345, 347, 280, 0]
Volume: 4.9411
Cost: 51974
Route: [0, 254, 440, 409, 446, 246, 9, 82, 282, 15, 319, 277, 404, 155, 413, 370, 190, 441, 494, 449, 10, 129, 124, 271, 318, 272, 231, 14, 314, 121, 290, 61, 444, 206, 109, 74, 12, 76, 196, 0]
Volume: 4.9863
Cost: 54879
Route: [0, 387, 465, 486, 349, 342, 260, 207, 460, 65, 170, 118, 423, 85, 468, 274, 394, 331, 181, 288, 343, 375, 400, 167, 488, 300, 422, 419, 241, 481, 457, 217, 0]
Volume: 4.8923
Cost: 33674
Route: [0, 484, 227, 451, 369, 366, 218, 197, 132, 308, 145, 292, 123, 48, 58, 98, 438, 428, 497, 335, 326, 19, 27, 49, 328, 435, 204, 433, 473, 120, 210, 194, 64, 144, 235, 294, 108, 496, 125, 367, 220, 37, 251, 214, 396, 173, 43, 0]
Volume: 4.939
Cost: 56680
Route: [0, 323, 112, 263, 171, 311, 452, 391, 99, 148, 29, 313, 106, 219, 426, 163, 393, 304, 80, 153, 110, 42, 305, 256, 177, 186, 339, 461, 262, 23, 117, 92, 295, 205, 361, 203, 88, 354, 141, 176, 480, 0]
Volume: 4.9845
Cost: 71046
Route: [0, 264, 115, 249, 286, 188, 412, 386, 392, 36, 248, 301, 302, 158, 233, 102, 485, 178, 192, 73, 100, 443, 395, 462, 60, 11, 16, 284, 493, 28, 139, 198, 464, 351, 382, 126, 253, 383, 216, 388, 377, 66, 107, 151, 332, 86, 350, 213, 283, 185, 166, 0]
Volume: 4.948
Cost: 47758
Route: [0, 478, 24, 385, 18, 297, 30, 403, 237, 316, 336, 257, 138, 276, 454, 406, 434, 459, 84, 268, 498, 6, 8, 348, 180, 1, 340, 146, 421, 315, 492, 223, 97, 368, 175, 390, 134, 75, 298, 209, 296, 68, 373, 0]
Volume: 4.9536
Cost: 39725
Route: [0, 401, 287, 162, 131, 427, 275, 499, 122, 239, 495, 31, 45, 353, 376, 40, 71, 415, 293, 189, 229, 191, 317, 309, 482, 380, 363, 279, 154, 442, 41, 234, 111, 437, 0]
Volume: 4.988
Cost: 40636
Route: [0, 448, 240, 35, 476, 429, 477, 7, 91, 266, 430, 156, 187, 456, 22, 133, 183, 47, 159, 72, 78, 346, 470, 417, 212, 471, 179, 243, 208, 312, 455, 236, 142, 479, 487, 475, 0]
Volume: 4.7461
Cost: 40511
Route: [0, 81, 140, 307, 103, 250, 270, 389, 491, 169, 93, 128, 259, 56, 278, 221, 174, 458, 161, 397, 329, 273, 245, 224, 402, 116, 418, 215, 54, 327, 439, 372, 242, 79, 0]
Volume: 4.6916
Cost: 39694
Route: [0, 334, 211, 83, 362, 230, 226, 436, 399, 5, 341, 344, 52, 69, 46, 2, 322, 238, 137, 408, 431, 182, 90, 463, 333, 96, 374, 222, 50, 285, 44, 127, 407, 17, 378, 289, 160, 424, 261, 0]
Volume: 4.9415
Cost: 56290
Route: [0, 338, 119, 26, 489, 152, 453, 87, 252, 53, 291, 472, 306, 200, 469, 299, 201, 13, 39, 324, 165, 130, 168, 104, 114, 356, 269, 258, 89, 355, 410, 432, 411, 425, 164, 95, 365, 267, 337, 3, 0]
Volume: 4.9945
Cost: 37767
