OFV: 268549.0

Route: [0, 9, 70, 15, 75, 5, 78, 29, 34, 89, 0]
Volume: 2.135
Cost: 38406
Route: [0, 65, 54, 48, 50, 16, 35, 86, 27, 41, 13, 64, 72, 98, 42, 63, 19, 20, 90, 43, 49, 31, 0]
Volume: 4.939
Cost: 58170
Route: [0, 1, 25, 12, 18, 82, 7, 22, 77, 30, 61, 21, 76, 85, 97, 96, 52, 84, 93, 71, 8, 73, 60, 28, 83, 0]
Volume: 4.973
Cost: 55511
Route: [0, 37, 88, 67, 92, 87, 44, 32, 33, 47, 46, 45, 26, 17, 11, 23, 4, 94, 56, 79, 36, 68, 74, 10, 0]
Volume: 4.9751
Cost: 73786
Route: [0, 14, 66, 39, 95, 24, 38, 81, 57, 80, 6, 69, 58, 99, 53, 62, 40, 2, 59, 51, 3, 91, 55, 0]
Volume: 4.8859
Cost: 42676
