OFV: 40019.0

Route: [0, 88, 92, 86, 70, 43, 97, 91, 2, 22, 79, 19, 38, 84, 42, 8, 64, 0]
Volume: 9.7322
Cost: 6181
Route: [0, 9, 11, 31, 32, 90, 83, 73, 36, 37, 23, 18, 21, 44, 4, 87, 54, 13, 71, 78, 57, 28, 0]
Volume: 10.9501
Cost: 9331
Route: [0, 34, 26, 62, 35, 85, 76, 80, 67, 69, 94, 7, 5, 30, 33, 61, 1, 65, 41, 0]
Volume: 10.722
Cost: 7886
Route: [0, 40, 46, 98, 15, 48, 51, 49, 99, 93, 58, 6, 95, 82, 50, 60, 14, 89, 56, 68, 66, 63, 59, 75, 16, 39, 81, 0]
Volume: 12.3961
Cost: 8341
Route: [0, 12, 47, 72, 17, 24, 10, 20, 29, 25, 45, 53, 96, 3, 27, 55, 77, 52, 74, 0]
Volume: 10.4701
Cost: 8280
