OFV: 230226.0

Route: [0, 117, 83, 19, 197, 10, 9, 131, 221, 36, 237, 200, 25, 235, 75, 69, 43, 139, 182, 166, 11, 209, 42, 149, 132, 53, 210, 17, 79, 22, 93, 85, 216, 121, 122, 161, 183, 41, 156, 73, 158, 14, 32, 24, 91, 81, 71, 157, 118, 65, 0]
Volume: 4.886
Cost: 34473
Route: [0, 109, 52, 76, 102, 146, 63, 55, 225, 211, 80, 67, 190, 229, 140, 230, 227, 86, 95, 88, 204, 119, 178, 115, 49, 145, 78, 187, 208, 58, 0]
Volume: 3.9485
Cost: 35220
Route: [0, 70, 144, 94, 214, 141, 127, 18, 207, 59, 137, 8, 136, 23, 203, 168, 68, 99, 212, 164, 162, 0]
Volume: 2.208
Cost: 24118
Route: [0, 192, 92, 82, 72, 61, 64, 28, 29, 26, 201, 155, 114, 163, 243, 172, 218, 222, 89, 33, 111, 186, 126, 244, 51, 106, 215, 188, 226, 154, 239, 97, 174, 108, 84, 0]
Volume: 4.8147
Cost: 25078
Route: [0, 213, 87, 103, 170, 234, 191, 171, 47, 50, 56, 231, 219, 134, 165, 112, 15, 105, 159, 245, 224, 27, 173, 246, 148, 16, 199, 177, 2, 6, 247, 198, 147, 217, 96, 77, 194, 31, 133, 206, 39, 169, 0]
Volume: 4.9491
Cost: 31479
Route: [0, 248, 233, 125, 142, 37, 60, 223, 240, 138, 62, 35, 151, 38, 107, 44, 74, 20, 46, 180, 40, 195, 110, 4, 242, 45, 143, 100, 152, 179, 236, 181, 124, 160, 123, 220, 12, 21, 189, 228, 104, 128, 0]
Volume: 4.9266
Cost: 44112
Route: [0, 176, 193, 48, 13, 205, 238, 98, 167, 1, 113, 66, 249, 7, 241, 184, 135, 101, 116, 5, 120, 90, 34, 150, 130, 54, 153, 202, 185, 57, 175, 232, 129, 3, 196, 30, 0]
Volume: 3.9605
Cost: 35746
