OFV: 579317.0

Route: [0, 336, 59, 124, 120, 475, 481, 128, 92, 193, 292, 149, 327, 332, 211, 335, 321, 104, 304, 285, 69, 45, 153, 257, 3, 64, 273, 50, 144, 445, 13, 429, 437, 365, 175, 24, 36, 260, 140, 139, 319, 137, 408, 189, 33, 213, 370, 441, 312, 454, 232, 297, 371, 29, 116, 173, 210, 205, 30, 99, 83, 322, 485, 203, 48, 298, 190, 192, 185, 107, 461, 463, 138, 136, 413, 178, 403, 143, 121, 288, 398, 159, 182, 21, 279, 409, 383, 42, 392, 237, 230, 14, 499, 247, 346, 245, 0]
Volume: 10.9999
Cost: 101140
Route: [0, 165, 385, 161, 71, 12, 362, 389, 272, 404, 199, 108, 440, 479, 278, 206, 238, 80, 15, 162, 355, 367, 2, 274, 393, 495, 399, 394, 267, 268, 187, 453, 131, 465, 263, 46, 472, 244, 176, 310, 289, 256, 219, 240, 225, 271, 34, 318, 258, 242, 317, 266, 276, 299, 18, 493, 334, 432, 411, 449, 484, 342, 486, 127, 168, 466, 235, 397, 425, 417, 252, 28, 228, 8, 174, 221, 340, 314, 56, 130, 339, 145, 112, 51, 85, 423, 303, 291, 195, 197, 95, 52, 154, 0]
Volume: 10.4928
Cost: 103442
Route: [0, 424, 374, 105, 436, 250, 75, 234, 67, 356, 290, 287, 218, 305, 427, 451, 416, 347, 326, 35, 87, 254, 277, 402, 133, 22, 155, 186, 43, 382, 249, 477, 119, 412, 490, 37, 212, 456, 89, 359, 352, 315, 494, 191, 94, 476, 229, 78, 236, 388, 361, 480, 169, 23, 378, 410, 81, 208, 478, 54, 309, 269, 96, 41, 473, 489, 118, 26, 40, 163, 158, 241, 407, 97, 142, 113, 331, 349, 265, 148, 460, 364, 492, 396, 497, 74, 61, 216, 209, 435, 16, 109, 0]
Volume: 11.2344
Cost: 114352
Route: [0, 115, 231, 63, 10, 457, 430, 129, 462, 60, 122, 38, 281, 482, 295, 270, 222, 101, 27, 405, 227, 375, 264, 39, 380, 448, 395, 19, 357, 196, 151, 49, 110, 488, 444, 202, 167, 177, 88, 262, 147, 300, 428, 86, 470, 9, 459, 307, 44, 316, 91, 152, 47, 296, 123, 201, 283, 32, 25, 302, 328, 496, 431, 180, 261, 474, 226, 450, 400, 467, 156, 194, 282, 286, 348, 418, 246, 204, 220, 82, 207, 323, 354, 308, 464, 351, 422, 117, 341, 391, 498, 55, 223, 214, 103, 421, 1, 111, 369, 100, 5, 333, 406, 343, 415, 306, 420, 183, 0]
Volume: 12.1402
Cost: 96539
Route: [0, 387, 134, 363, 184, 90, 66, 70, 135, 366, 79, 345, 98, 275, 77, 372, 0]
Volume: 1.9852
Cost: 48888
Route: [0, 330, 487, 447, 76, 325, 233, 381, 293, 106, 442, 438, 198, 376, 6, 84, 439, 350, 72, 146, 469, 434, 65, 471, 324, 426, 171, 248, 17, 253, 73, 4, 125, 433, 102, 31, 384, 62, 200, 179, 373, 126, 141, 164, 344, 320, 443, 20, 57, 452, 368, 390, 132, 181, 188, 53, 150, 419, 58, 360, 311, 170, 259, 458, 401, 353, 483, 379, 11, 7, 217, 414, 329, 377, 172, 446, 239, 224, 255, 294, 68, 491, 251, 157, 166, 160, 280, 114, 455, 468, 215, 93, 338, 386, 358, 337, 301, 284, 313, 243, 0]
Volume: 11.8262
Cost: 114956
