OFV: 171888.0

Route: [0, 74, 52, 59, 12, 35, 66, 28, 87, 15, 34, 57, 20, 0]
Volume: 4.872
Cost: 17026
Route: [0, 99, 53, 81, 50, 98, 8, 16, 0]
Volume: 4.888
Cost: 11743
Route: [0, 26, 85, 94, 43, 14, 70, 33, 1, 91, 79, 51, 0]
Volume: 4.952
Cost: 15160
Route: [0, 22, 60, 18, 5, 46, 73, 64, 0]
Volume: 4.994
Cost: 17030
Route: [0, 67, 2, 92, 82, 24, 44, 6, 37, 0]
Volume: 4.808
Cost: 15416
Route: [0, 17, 32, 0]
Volume: 2.9081
Cost: 6956
Route: [0, 47, 45, 54, 25, 42, 4, 61, 77, 21, 10, 39, 55, 69, 0]
Volume: 4.8621
Cost: 23692
Route: [0, 49, 56, 89, 23, 75, 11, 84, 93, 40, 68, 80, 36, 0]
Volume: 4.948
Cost: 16714
Route: [0, 3, 27, 7, 41, 76, 31, 63, 13, 0]
Volume: 4.852
Cost: 13379
Route: [0, 83, 38, 96, 86, 9, 58, 95, 65, 48, 0]
Volume: 4.57
Cost: 13923
Route: [0, 78, 88, 90, 62, 19, 29, 97, 72, 30, 71, 0]
Volume: 4.76
Cost: 20849
