OFV: 190885.0

Route: [0, 391, 142, 423, 414, 339, 0]
Volume: 4.8441
Cost: 2217
Route: [0, 118, 369, 330, 247, 170, 92, 196, 0]
Volume: 4.98
Cost: 3490
Route: [0, 245, 360, 117, 371, 168, 254, 333, 9, 186, 0]
Volume: 4.9441
Cost: 4194
Route: [0, 21, 47, 229, 276, 454, 341, 0]
Volume: 4.94
Cost: 3044
Route: [0, 266, 324, 203, 318, 458, 87, 121, 0]
Volume: 4.2
Cost: 2449
Route: [0, 230, 136, 164, 44, 181, 397, 143, 148, 0]
Volume: 4.6602
Cost: 3167
Route: [0, 226, 355, 218, 377, 65, 208, 235, 465, 0]
Volume: 4.922
Cost: 3625
Route: [0, 480, 351, 390, 126, 220, 0]
Volume: 4.9441
Cost: 3594
Route: [0, 125, 289, 389, 153, 145, 353, 0]
Volume: 4.674
Cost: 2442
Route: [0, 166, 373, 174, 246, 316, 212, 433, 64, 0]
Volume: 4.72
Cost: 2648
Route: [0, 197, 61, 418, 0]
Volume: 3.8659
Cost: 2077
Route: [0, 494, 416, 438, 354, 417, 30, 338, 67, 422, 269, 469, 395, 175, 275, 151, 0]
Volume: 4.7881
Cost: 5061
Route: [0, 150, 234, 340, 207, 72, 49, 194, 481, 0]
Volume: 4.872
Cost: 3901
Route: [0, 176, 299, 431, 184, 55, 364, 39, 42, 384, 0]
Volume: 4.98
Cost: 3714
Route: [0, 146, 472, 182, 237, 79, 76, 224, 278, 191, 251, 304, 301, 169, 0]
Volume: 4.878
Cost: 4617
Route: [0, 103, 91, 277, 201, 428, 107, 198, 0]
Volume: 4.98
Cost: 3728
Route: [0, 280, 71, 255, 319, 303, 345, 82, 453, 221, 0]
Volume: 4.7981
Cost: 3546
Route: [0, 253, 108, 154, 231, 293, 57, 347, 161, 483, 470, 361, 23, 0]
Volume: 4.998
Cost: 4463
Route: [0, 149, 131, 210, 152, 310, 192, 443, 302, 137, 0]
Volume: 4.584
Cost: 3493
Route: [0, 60, 447, 419, 362, 214, 403, 110, 0]
Volume: 4.6641
Cost: 2950
Route: [0, 18, 489, 456, 473, 356, 451, 29, 380, 0]
Volume: 4.692
Cost: 4010
Route: [0, 85, 77, 200, 132, 382, 398, 155, 163, 370, 420, 307, 52, 0]
Volume: 4.9601
Cost: 4000
Route: [0, 3, 216, 37, 127, 250, 325, 279, 283, 78, 167, 0]
Volume: 4.804
Cost: 3076
Route: [0, 484, 56, 73, 286, 36, 449, 177, 477, 405, 0]
Volume: 4.964
Cost: 2620
Route: [0, 260, 434, 32, 206, 439, 86, 281, 358, 223, 0]
Volume: 4.9041
Cost: 3891
Route: [0, 263, 84, 54, 123, 297, 262, 98, 17, 122, 490, 499, 178, 228, 287, 0]
Volume: 4.984
Cost: 4866
Route: [0, 334, 139, 242, 102, 252, 25, 0]
Volume: 4.92
Cost: 2778
Route: [0, 435, 264, 95, 258, 270, 158, 34, 256, 0]
Volume: 4.736
Cost: 2793
Route: [0, 317, 15, 51, 93, 352, 0]
Volume: 3.688
Cost: 2282
Route: [0, 205, 374, 185, 35, 43, 392, 222, 22, 2, 0]
Volume: 4.2121
Cost: 2895
Route: [0, 114, 271, 19, 396, 257, 476, 53, 442, 308, 217, 265, 461, 0]
Volume: 4.724
Cost: 2714
Route: [0, 413, 5, 70, 409, 261, 479, 471, 33, 259, 6, 267, 332, 282, 399, 327, 90, 294, 402, 0]
Volume: 4.86
Cost: 4445
Route: [0, 100, 365, 412, 344, 366, 111, 496, 288, 0]
Volume: 4.8841
Cost: 3938
Route: [0, 27, 455, 468, 372, 66, 83, 343, 88, 421, 0]
Volume: 4.98
Cost: 3176
Route: [0, 404, 160, 10, 315, 285, 7, 68, 141, 241, 273, 0]
Volume: 4.646
Cost: 3852
Route: [0, 326, 429, 274, 410, 430, 478, 375, 26, 75, 249, 162, 0]
Volume: 4.986
Cost: 4113
Route: [0, 445, 236, 383, 482, 105, 440, 357, 28, 189, 0]
Volume: 4.9681
Cost: 2870
Route: [0, 113, 240, 363, 452, 457, 109, 0]
Volume: 4.904
Cost: 2964
Route: [0, 400, 133, 467, 199, 463, 305, 359, 394, 45, 296, 97, 300, 446, 292, 0]
Volume: 4.9401
Cost: 4006
Route: [0, 59, 130, 495, 367, 311, 116, 432, 14, 335, 8, 89, 238, 0]
Volume: 4.9921
Cost: 3691
Route: [0, 401, 24, 388, 195, 298, 215, 180, 140, 209, 407, 106, 379, 0]
Volume: 4.6819
Cost: 4617
Route: [0, 96, 46, 441, 312, 295, 321, 94, 179, 346, 450, 135, 115, 329, 41, 0]
Volume: 4.914
Cost: 4798
Route: [0, 31, 331, 147, 248, 309, 48, 337, 11, 0]
Volume: 4.912
Cost: 3301
Route: [0, 62, 291, 342, 485, 408, 322, 320, 486, 157, 138, 381, 415, 4, 0]
Volume: 4.872
Cost: 4520
Route: [0, 284, 38, 349, 393, 193, 244, 462, 183, 378, 406, 272, 0]
Volume: 4.958
Cost: 4840
Route: [0, 80, 124, 385, 488, 128, 243, 159, 129, 448, 12, 173, 328, 0]
Volume: 4.982
Cost: 4237
Route: [0, 233, 232, 424, 376, 81, 348, 227, 40, 474, 0]
Volume: 4.974
Cost: 2731
Route: [0, 225, 306, 58, 493, 172, 112, 187, 134, 120, 323, 0]
Volume: 4.964
Cost: 4992
Route: [0, 211, 437, 387, 426, 368, 1, 104, 268, 74, 492, 0]
Volume: 4.518
Cost: 2906
Route: [0, 436, 13, 204, 497, 498, 213, 165, 314, 460, 313, 411, 0]
Volume: 4.9781
Cost: 4216
Route: [0, 425, 20, 101, 156, 466, 475, 444, 290, 99, 119, 202, 336, 188, 386, 0]
Volume: 4.894
Cost: 5124
Route: [0, 427, 491, 487, 63, 219, 16, 350, 0]
Volume: 4.906
Cost: 3910
Route: [0, 464, 190, 459, 69, 171, 239, 50, 144, 0]
Volume: 4.888
Cost: 3293
