OFV: 20263.0

Route: [0, 41, 49, 56, 65, 67, 66, 28, 29, 0]
Volume: 4.852
Cost: 5821
Route: [0, 58, 54, 4, 40, 20, 52, 23, 69, 3, 15, 0]
Volume: 4.542
Cost: 1378
Route: [0, 13, 72, 71, 63, 39, 26, 27, 68, 37, 44, 0]
Volume: 4.99
Cost: 4165
Route: [0, 43, 53, 14, 12, 16, 51, 45, 10, 9, 8, 57, 64, 62, 0]
Volume: 4.826
Cost: 2887
Route: [0, 36, 47, 33, 59, 35, 22, 73, 6, 0]
Volume: 4.872
Cost: 672
Route: [0, 18, 55, 7, 32, 31, 11, 50, 21, 42, 5, 61, 70, 19, 0]
Volume: 4.926
Cost: 2429
Route: [0, 48, 30, 25, 46, 2, 17, 60, 34, 24, 1, 74, 38, 0]
Volume: 4.5279
Cost: 2911
