OFV: 39561.0

Route: [0, 387, 134, 444, 197, 195, 253, 291, 133, 80, 119, 174, 221, 270, 233, 28, 252, 228, 8, 248, 424, 374, 499, 392, 383, 42, 388, 361, 480, 283, 121, 288, 147, 246, 418, 220, 354, 82, 323, 207, 351, 464, 308, 32, 30, 9, 108, 0]
Volume: 10.7971
Cost: 2757
Route: [0, 165, 215, 202, 446, 414, 172, 329, 377, 91, 182, 21, 279, 328, 479, 65, 78, 236, 373, 409, 144, 50, 132, 278, 102, 268, 267, 367, 399, 393, 2, 274, 394, 495, 187, 35, 472, 263, 465, 46, 4, 223, 37, 59, 0]
Volume: 8.288
Cost: 3123
Route: [0, 52, 395, 235, 397, 198, 376, 242, 77, 433, 379, 86, 175, 365, 437, 429, 445, 13, 200, 363, 184, 90, 70, 135, 164, 55, 153, 20, 485, 322, 48, 203, 494, 460, 93, 216, 209, 435, 16, 109, 0]
Volume: 11.7181
Cost: 3148
Route: [0, 404, 362, 12, 272, 389, 352, 205, 44, 475, 481, 128, 292, 193, 149, 92, 327, 332, 321, 211, 69, 104, 304, 285, 335, 87, 106, 438, 6, 277, 425, 477, 85, 423, 22, 162, 355, 350, 168, 466, 127, 84, 275, 0]
Volume: 8.6499
Cost: 2917
Route: [0, 199, 88, 453, 434, 416, 186, 303, 73, 398, 31, 341, 179, 247, 346, 245, 443, 116, 173, 210, 152, 66, 249, 442, 469, 244, 176, 310, 289, 225, 271, 219, 256, 240, 318, 258, 34, 307, 103, 421, 111, 1, 0]
Volume: 10.862
Cost: 2592
Route: [0, 336, 89, 290, 427, 305, 218, 287, 402, 115, 231, 63, 457, 10, 130, 430, 129, 462, 60, 122, 38, 281, 482, 295, 451, 456, 461, 403, 413, 178, 136, 138, 463, 107, 368, 159, 384, 45, 254, 234, 146, 15, 238, 237, 183, 0]
Volume: 11.059
Cost: 3216
Route: [0, 343, 167, 455, 25, 239, 181, 422, 344, 408, 137, 319, 140, 139, 24, 36, 260, 189, 33, 297, 213, 370, 312, 454, 441, 232, 320, 208, 96, 410, 478, 81, 41, 489, 23, 309, 54, 269, 378, 473, 470, 372, 0]
Volume: 11.5069
Cost: 2621
Route: [0, 325, 439, 326, 347, 342, 484, 449, 222, 411, 18, 276, 493, 230, 206, 419, 83, 99, 150, 190, 192, 47, 458, 259, 261, 496, 180, 170, 311, 360, 431, 123, 110, 488, 43, 196, 19, 49, 151, 357, 212, 440, 0]
Volume: 9.0382
Cost: 3062
Route: [0, 333, 428, 468, 302, 158, 163, 40, 241, 58, 148, 97, 265, 407, 118, 142, 113, 349, 331, 169, 298, 315, 71, 396, 492, 364, 161, 385, 497, 74, 61, 338, 284, 313, 301, 243, 386, 358, 337, 0]
Volume: 8.8071
Cost: 5142
Route: [0, 406, 177, 114, 280, 160, 166, 157, 251, 224, 68, 491, 294, 255, 57, 366, 316, 391, 17, 339, 145, 112, 356, 51, 381, 447, 76, 330, 487, 293, 314, 56, 417, 67, 72, 250, 105, 436, 75, 0]
Volume: 11.368
Cost: 3113
Route: [0, 369, 459, 117, 188, 217, 7, 11, 53, 185, 296, 204, 14, 95, 345, 98, 79, 382, 191, 94, 229, 476, 141, 401, 353, 483, 62, 474, 226, 262, 420, 415, 306, 0]
Volume: 10.837
Cost: 2680
Route: [0, 124, 201, 498, 324, 486, 155, 340, 471, 214, 490, 450, 400, 467, 156, 282, 194, 348, 286, 126, 131, 125, 371, 29, 300, 154, 0]
Volume: 5.4482
Cost: 2700
Route: [0, 120, 412, 257, 426, 299, 266, 317, 334, 432, 101, 27, 405, 227, 375, 39, 264, 448, 380, 171, 3, 64, 273, 390, 26, 452, 143, 359, 5, 100, 0]
Volume: 7.435
Cost: 2490
