OFV: 225320.0

Route: [0, 13, 65, 93, 164, 7, 80, 213, 222, 197, 95, 78, 136, 159, 158, 243, 189, 244, 87, 91, 82, 38, 151, 181, 236, 198, 248, 39, 11, 15, 17, 49, 47, 98, 149, 228, 110, 125, 69, 234, 6, 74, 206, 239, 242, 106, 214, 235, 83, 21, 76, 27, 190, 177, 63, 240, 42, 23, 191, 139, 209, 229, 117, 79, 184, 208, 96, 180, 41, 247, 114, 230, 48, 101, 0]
Volume: 9.3771
Cost: 57583
Route: [0, 43, 165, 53, 202, 99, 186, 66, 81, 193, 205, 160, 154, 22, 1, 199, 30, 135, 194, 8, 61, 218, 86, 59, 204, 57, 115, 105, 71, 153, 131, 56, 14, 220, 35, 107, 179, 112, 224, 77, 120, 167, 187, 231, 103, 171, 227, 174, 109, 166, 172, 141, 46, 129, 226, 157, 124, 225, 25, 201, 232, 192, 62, 162, 133, 176, 147, 19, 126, 118, 150, 216, 36, 16, 217, 58, 210, 182, 75, 72, 104, 32, 45, 84, 55, 24, 138, 20, 207, 88, 170, 26, 5, 97, 137, 175, 70, 121, 102, 64, 0]
Volume: 11.498
Cost: 86983
Route: [0, 156, 237, 173, 219, 140, 152, 3, 119, 51, 108, 28, 145, 92, 221, 9, 18, 123, 163, 169, 68, 211, 148, 44, 249, 2, 142, 146, 52, 238, 37, 245, 196, 188, 132, 223, 90, 241, 246, 143, 130, 212, 113, 134, 122, 94, 116, 10, 29, 60, 12, 31, 200, 161, 111, 183, 155, 178, 128, 185, 85, 168, 215, 50, 40, 203, 67, 54, 233, 73, 195, 34, 4, 127, 89, 33, 144, 100, 0]
Volume: 10.2608
Cost: 80754
