OFV: 58531.0

Route: [0, 136, 25, 211, 107, 229, 27, 130, 246, 223, 133, 112, 35, 32, 190, 66, 172, 135, 151, 214, 205, 124, 217, 13, 102, 117, 44, 67, 109, 208, 185, 118, 63, 62, 235, 73, 9, 153, 187, 221, 144, 249, 138, 64, 192, 162, 57, 99, 110, 91, 216, 231, 171, 147, 119, 31, 115, 191, 141, 164, 68, 95, 29, 189, 37, 157, 70, 180, 218, 155, 149, 170, 45, 93, 163, 24, 33, 184, 53, 42, 94, 52, 28, 0]
Volume: 10.1081
Cost: 20467
Route: [0, 103, 127, 111, 238, 65, 203, 244, 181, 8, 17, 39, 158, 200, 215, 50, 159, 106, 199, 245, 92, 196, 89, 148, 213, 142, 137, 183, 41, 96, 188, 1, 51, 197, 134, 81, 61, 150, 247, 239, 233, 26, 230, 58, 14, 60, 12, 82, 121, 75, 88, 152, 90, 227, 30, 47, 38, 226, 48, 140, 76, 224, 232, 125, 100, 10, 79, 161, 86, 174, 243, 123, 98, 83, 209, 55, 5, 228, 175, 105, 207, 23, 46, 19, 84, 116, 114, 198, 195, 204, 242, 2, 154, 16, 85, 168, 0]
Volume: 11.3021
Cost: 20703
Route: [0, 240, 186, 80, 77, 43, 101, 69, 36, 21, 49, 20, 178, 146, 74, 97, 193, 11, 6, 78, 237, 122, 71, 194, 120, 225, 143, 167, 166, 113, 126, 132, 40, 34, 160, 131, 212, 220, 128, 201, 22, 176, 210, 72, 129, 182, 165, 241, 248, 156, 4, 219, 139, 15, 7, 104, 206, 169, 87, 145, 18, 234, 222, 177, 173, 202, 59, 179, 3, 54, 56, 108, 236, 0]
Volume: 10.8244
Cost: 17361
