OFV: 68242.0

Route: [0, 201, 27, 239, 142, 218, 198, 139, 97, 136, 192, 63, 95, 197, 0]
Volume: 4.748
Cost: 3311
Route: [0, 138, 78, 187, 96, 165, 236, 25, 84, 1, 0]
Volume: 4.8059
Cost: 3069
Route: [0, 117, 132, 22, 230, 204, 242, 190, 202, 37, 0]
Volume: 4.9239
Cost: 2317
Route: [0, 168, 107, 248, 148, 83, 240, 108, 41, 235, 76, 0]
Volume: 4.8221
Cost: 1669
Route: [0, 120, 211, 103, 105, 35, 75, 158, 5, 207, 173, 238, 0]
Volume: 4.79
Cost: 2082
Route: [0, 206, 113, 180, 47, 143, 162, 125, 144, 141, 0]
Volume: 4.328
Cost: 3397
Route: [0, 60, 130, 29, 237, 209, 9, 0]
Volume: 3.2921
Cost: 1219
Route: [0, 155, 195, 55, 178, 20, 51, 24, 0]
Volume: 4.988
Cost: 2819
Route: [0, 225, 210, 133, 118, 98, 32, 152, 31, 0]
Volume: 4.648
Cost: 3054
Route: [0, 167, 135, 91, 122, 119, 115, 157, 174, 2, 68, 48, 0]
Volume: 4.67
Cost: 1550
Route: [0, 188, 66, 128, 166, 17, 57, 191, 0]
Volume: 5.0
Cost: 1996
Route: [0, 65, 39, 82, 87, 153, 0]
Volume: 4.9441
Cost: 2148
Route: [0, 30, 34, 18, 231, 59, 23, 106, 0]
Volume: 4.214
Cost: 2335
Route: [0, 43, 21, 36, 102, 177, 127, 212, 160, 109, 181, 147, 50, 200, 0]
Volume: 4.83
Cost: 3276
Route: [0, 16, 215, 45, 233, 62, 61, 54, 249, 13, 100, 0]
Volume: 4.93
Cost: 3755
Route: [0, 246, 189, 89, 81, 77, 99, 217, 94, 234, 64, 0]
Volume: 4.644
Cost: 2076
Route: [0, 244, 6, 46, 114, 171, 86, 79, 150, 28, 243, 145, 0]
Volume: 4.812
Cost: 2636
Route: [0, 129, 164, 134, 3, 26, 0]
Volume: 4.732
Cost: 2124
Route: [0, 170, 219, 175, 92, 8, 140, 163, 0]
Volume: 4.9
Cost: 2821
Route: [0, 183, 205, 213, 241, 186, 15, 154, 80, 0]
Volume: 4.812
Cost: 2550
Route: [0, 49, 232, 93, 90, 67, 56, 72, 33, 224, 193, 58, 0]
Volume: 4.612
Cost: 4050
Route: [0, 11, 7, 185, 161, 247, 40, 131, 182, 159, 221, 0]
Volume: 3.9502
Cost: 762
Route: [0, 208, 179, 111, 12, 4, 184, 196, 73, 0]
Volume: 4.912
Cost: 2799
Route: [0, 199, 214, 69, 228, 52, 151, 220, 216, 104, 10, 44, 19, 85, 229, 0]
Volume: 4.9941
Cost: 3197
Route: [0, 169, 71, 194, 112, 123, 110, 14, 203, 116, 227, 245, 176, 0]
Volume: 4.988
Cost: 2553
Route: [0, 223, 137, 74, 172, 222, 146, 53, 42, 121, 156, 126, 0]
Volume: 4.8579
Cost: 2623
Route: [0, 70, 101, 124, 149, 88, 226, 38, 0]
Volume: 3.9601
Cost: 2054
