OFV: 251667.0

Route: [0, 107, 10, 105, 144, 16, 21, 214, 162, 18, 11, 249, 4, 216, 170, 61, 237, 52, 116, 159, 85, 41, 230, 161, 0]
Volume: 2.6025
Cost: 29320
Route: [0, 28, 40, 36, 180, 74, 81, 55, 104, 153, 54, 93, 80, 114, 60, 141, 211, 82, 192, 166, 188, 66, 38, 178, 220, 232, 163, 26, 95, 183, 212, 99, 182, 62, 136, 149, 172, 0]
Volume: 4.648
Cost: 40399
Route: [0, 103, 156, 67, 29, 176, 167, 50, 69, 217, 30, 44, 247, 33, 23, 132, 12, 122, 125, 191, 225, 222, 209, 119, 7, 126, 108, 248, 27, 123, 25, 133, 92, 157, 59, 171, 0]
Volume: 4.835
Cost: 33920
Route: [0, 204, 78, 158, 193, 239, 51, 14, 235, 181, 134, 75, 3, 173, 246, 22, 187, 142, 203, 63, 145, 240, 121, 241, 72, 47, 15, 42, 146, 124, 110, 177, 143, 101, 0]
Volume: 4.253
Cost: 35567
Route: [0, 160, 87, 53, 19, 138, 68, 129, 137, 210, 139, 88, 205, 243, 79, 117, 58, 147, 186, 242, 118, 32, 151, 155, 89, 197, 6, 112, 17, 77, 57, 91, 207, 175, 233, 148, 111, 94, 106, 185, 238, 168, 8, 228, 24, 84, 174, 0]
Volume: 4.979
Cost: 39300
Route: [0, 128, 199, 96, 169, 83, 135, 13, 140, 152, 97, 208, 213, 37, 86, 244, 5, 109, 48, 226, 115, 164, 215, 1, 76, 90, 100, 154, 9, 218, 200, 231, 120, 127, 196, 131, 0]
Volume: 4.1457
Cost: 34792
Route: [0, 71, 184, 190, 73, 56, 64, 206, 35, 130, 189, 65, 223, 179, 245, 229, 46, 201, 20, 227, 45, 234, 236, 198, 43, 49, 113, 102, 31, 195, 2, 39, 34, 98, 150, 224, 219, 165, 194, 202, 70, 221, 0]
Volume: 4.9701
Cost: 38369
