OFV: 30334.0

Route: [0, 97, 83, 211, 88, 82, 39, 65, 249, 163, 111, 109, 136, 72, 106, 166, 196, 213, 63, 177, 124, 50, 43, 208, 4, 248, 227, 155, 55, 150, 115, 245, 153, 173, 58, 226, 78, 225, 122, 25, 0]
Volume: 4.4081
Cost: 3480
Route: [0, 224, 133, 156, 181, 244, 41, 237, 28, 161, 11, 31, 14, 176, 73, 35, 238, 132, 221, 53, 47, 171, 81, 162, 135, 48, 194, 30, 144, 6, 236, 113, 26, 67, 183, 19, 169, 179, 175, 239, 116, 23, 0]
Volume: 4.973
Cost: 5488
Route: [0, 167, 195, 129, 94, 102, 45, 209, 64, 16, 140, 119, 24, 192, 46, 190, 32, 56, 0]
Volume: 2.594
Cost: 2670
Route: [0, 137, 49, 142, 20, 154, 193, 10, 95, 233, 223, 13, 186, 93, 118, 180, 66, 104, 130, 92, 123, 101, 185, 229, 1, 103, 210, 36, 159, 90, 165, 230, 18, 0]
Volume: 4.595
Cost: 5098
Route: [0, 112, 61, 57, 231, 174, 37, 235, 69, 189, 62, 128, 110, 86, 79, 184, 80, 232, 76, 38, 147, 59, 149, 243, 96, 222, 12, 157, 108, 228, 42, 131, 146, 2, 143, 148, 120, 191, 125, 216, 220, 234, 246, 205, 0]
Volume: 4.9861
Cost: 5134
Route: [0, 201, 121, 105, 75, 212, 52, 100, 107, 203, 158, 182, 187, 77, 172, 8, 71, 21, 218, 33, 188, 51, 215, 204, 170, 160, 54, 5, 164, 34, 202, 152, 198, 134, 241, 168, 247, 178, 17, 0]
Volume: 4.405
Cost: 3680
Route: [0, 141, 68, 99, 117, 15, 240, 114, 145, 85, 89, 138, 44, 27, 98, 84, 3, 87, 91, 22, 40, 70, 74, 151, 217, 7, 200, 29, 60, 197, 126, 9, 206, 207, 242, 219, 214, 127, 199, 139, 0]
Volume: 4.7095
Cost: 4784
