OFV: 42902.0

Route: [0, 213, 87, 103, 170, 234, 191, 50, 171, 47, 70, 162, 248, 164, 212, 68, 99, 168, 136, 3, 196, 30, 23, 203, 233, 125, 142, 120, 90, 34, 150, 153, 20, 46, 180, 40, 195, 110, 242, 4, 45, 214, 141, 127, 18, 94, 144, 207, 128, 241, 223, 240, 138, 112, 15, 105, 159, 245, 224, 209, 42, 210, 17, 79, 22, 53, 132, 149, 93, 11, 27, 16, 199, 177, 2, 6, 247, 43, 235, 75, 147, 198, 1, 176, 193, 48, 13, 205, 238, 77, 194, 31, 133, 206, 169, 65, 0]
Volume: 10.5987
Cost: 15035
Route: [0, 117, 83, 39, 98, 167, 113, 96, 69, 139, 182, 166, 173, 246, 148, 66, 249, 7, 184, 135, 62, 101, 116, 5, 37, 60, 35, 151, 38, 107, 44, 74, 54, 130, 236, 181, 124, 160, 123, 220, 12, 239, 226, 154, 186, 126, 51, 106, 63, 55, 80, 211, 67, 190, 140, 230, 229, 227, 86, 88, 95, 204, 119, 178, 115, 49, 145, 78, 243, 172, 109, 218, 208, 58, 0]
Volume: 8.0285
Cost: 14266
Route: [0, 82, 92, 192, 28, 64, 61, 29, 26, 72, 201, 155, 114, 163, 187, 222, 89, 33, 111, 52, 76, 102, 146, 225, 188, 215, 244, 97, 174, 108, 84, 104, 228, 21, 189, 143, 100, 152, 179, 202, 185, 59, 232, 175, 57, 137, 129, 8, 56, 231, 219, 134, 165, 217, 19, 197, 10, 9, 131, 221, 36, 237, 200, 25, 73, 158, 156, 41, 161, 122, 216, 121, 85, 183, 14, 24, 32, 91, 81, 71, 157, 118, 0]
Volume: 9.6606
Cost: 13601
