OFV: 56420.0

Route: [0, 48, 112, 136, 195, 241, 140, 238, 190, 181, 126, 60, 211, 68, 92, 99, 242, 175, 83, 28, 1, 169, 98, 170, 24, 228, 121, 240, 116, 20, 56, 230, 64, 94, 97, 226, 122, 137, 39, 191, 227, 174, 234, 123, 117, 151, 18, 128, 235, 133, 12, 183, 113, 25, 163, 76, 72, 103, 19, 93, 96, 244, 115, 154, 80, 141, 95, 3, 11, 206, 167, 23, 74, 132, 145, 199, 177, 220, 85, 53, 46, 88, 159, 205, 51, 139, 79, 10, 134, 124, 118, 36, 0]
Volume: 10.5342
Cost: 23213
Route: [0, 38, 138, 90, 73, 135, 40, 4, 168, 45, 50, 219, 84, 102, 6, 212, 77, 203, 186, 164, 246, 161, 249, 218, 63, 202, 160, 89, 166, 30, 221, 61, 87, 157, 147, 106, 153, 179, 189, 17, 34, 198, 217, 232, 65, 200, 14, 69, 146, 208, 35, 62, 149, 66, 172, 100, 155, 129, 237, 101, 178, 236, 111, 187, 171, 29, 247, 32, 201, 57, 231, 37, 55, 209, 120, 210, 131, 213, 58, 222, 224, 31, 223, 16, 142, 78, 81, 194, 71, 248, 82, 165, 119, 192, 41, 162, 0]
Volume: 11.6961
Cost: 17636
Route: [0, 225, 229, 144, 243, 52, 233, 33, 49, 15, 2, 54, 204, 47, 125, 44, 184, 109, 188, 158, 176, 86, 114, 185, 148, 8, 107, 59, 43, 127, 173, 42, 75, 196, 152, 180, 239, 21, 27, 193, 7, 216, 130, 110, 143, 70, 91, 22, 150, 104, 105, 9, 197, 67, 108, 245, 5, 13, 214, 26, 207, 182, 215, 156, 0]
Volume: 6.7534
Cost: 15571
