OFV: 76712.0

Route: [0, 107, 211, 229, 27, 130, 133, 223, 246, 41, 183, 137, 96, 188, 56, 108, 236, 0]
Volume: 4.515
Cost: 4682
Route: [0, 242, 29, 189, 37, 157, 70, 218, 180, 155, 149, 227, 95, 68, 164, 141, 191, 79, 161, 86, 174, 243, 163, 123, 98, 83, 0]
Volume: 4.821
Cost: 6918
Route: [0, 181, 112, 35, 135, 151, 214, 205, 124, 217, 13, 102, 117, 44, 67, 109, 213, 142, 0]
Volume: 4.4851
Cost: 5106
Route: [0, 8, 244, 17, 39, 158, 200, 215, 50, 159, 106, 199, 245, 92, 89, 148, 196, 0]
Volume: 4.259
Cost: 3431
Route: [0, 127, 111, 103, 202, 179, 59, 173, 177, 222, 234, 57, 162, 64, 192, 99, 138, 0]
Volume: 3.8841
Cost: 5633
Route: [0, 90, 119, 115, 140, 76, 224, 125, 232, 10, 100, 38, 30, 47, 170, 0]
Volume: 4.464
Cost: 3694
Route: [0, 72, 129, 210, 182, 165, 241, 248, 156, 4, 139, 219, 104, 206, 15, 7, 169, 87, 145, 18, 0]
Volume: 4.844
Cost: 6555
Route: [0, 82, 11, 6, 78, 237, 194, 120, 225, 143, 167, 166, 187, 153, 221, 144, 249, 131, 212, 220, 128, 201, 22, 176, 195, 204, 0]
Volume: 4.95
Cost: 6672
Route: [0, 136, 25, 3, 54, 126, 132, 34, 160, 40, 113, 71, 122, 235, 73, 9, 197, 134, 81, 61, 51, 0]
Volume: 4.714
Cost: 7228
Route: [0, 150, 12, 60, 193, 97, 230, 58, 20, 178, 146, 74, 14, 239, 247, 26, 233, 1, 62, 63, 118, 185, 208, 0]
Volume: 4.888
Cost: 4424
Route: [0, 238, 65, 203, 172, 32, 190, 66, 2, 154, 16, 85, 168, 0]
Volume: 4.0131
Cost: 3806
Route: [0, 53, 24, 33, 184, 42, 228, 5, 94, 105, 207, 175, 23, 46, 55, 209, 0]
Volume: 4.35
Cost: 5359
Route: [0, 240, 186, 114, 198, 116, 84, 43, 101, 77, 80, 69, 36, 21, 49, 121, 152, 75, 88, 0]
Volume: 4.1609
Cost: 6303
Route: [0, 45, 93, 226, 48, 171, 147, 31, 216, 231, 91, 110, 19, 52, 28, 0]
Volume: 4.257
Cost: 6901
