OFV: 1096556.0

Route: [0, 384, 39, 42, 412, 100, 365, 364, 55, 184, 0]
Volume: 4.7581
Cost: 25532
Route: [0, 445, 255, 455, 320, 372, 83, 66, 26, 0]
Volume: 4.984
Cost: 23339
Route: [0, 146, 472, 47, 63, 204, 497, 498, 213, 13, 165, 314, 460, 0]
Volume: 4.9821
Cost: 30539
Route: [0, 124, 18, 488, 385, 128, 134, 112, 187, 356, 0]
Volume: 4.998
Cost: 22347
Route: [0, 373, 114, 271, 233, 232, 424, 376, 81, 382, 273, 0]
Volume: 4.934
Cost: 18119
Route: [0, 369, 247, 170, 330, 148, 4, 220, 0]
Volume: 4.8
Cost: 18708
Route: [0, 65, 208, 202, 119, 159, 129, 243, 489, 456, 0]
Volume: 4.968
Cost: 26188
Route: [0, 379, 150, 420, 207, 72, 194, 49, 172, 380, 0]
Volume: 4.9121
Cost: 22289
Route: [0, 113, 240, 410, 430, 478, 75, 249, 486, 343, 88, 375, 496, 436, 0]
Volume: 4.956
Cost: 26426
Route: [0, 411, 313, 461, 149, 131, 189, 465, 341, 0]
Volume: 4.958
Cost: 9570
Route: [0, 158, 270, 285, 160, 315, 68, 141, 241, 0]
Volume: 4.976
Cost: 18268
Route: [0, 284, 393, 38, 349, 422, 269, 469, 395, 193, 99, 0]
Volume: 4.834
Cost: 23181
Route: [0, 494, 416, 438, 354, 417, 9, 487, 219, 16, 0]
Volume: 4.892
Cost: 26941
Route: [0, 260, 403, 80, 125, 289, 425, 15, 0]
Volume: 4.9561
Cost: 13176
Route: [0, 103, 91, 277, 201, 428, 143, 397, 0]
Volume: 4.8541
Cost: 19591
Route: [0, 392, 334, 139, 242, 331, 31, 147, 102, 0]
Volume: 4.98
Cost: 17556
Route: [0, 328, 23, 481, 121, 87, 92, 196, 287, 0]
Volume: 4.994
Cost: 10634
Route: [0, 402, 386, 211, 492, 74, 318, 324, 203, 151, 186, 25, 52, 0]
Volume: 4.934
Cost: 15730
Route: [0, 10, 154, 231, 293, 57, 347, 161, 483, 470, 361, 228, 90, 0]
Volume: 4.916
Cost: 35918
Route: [0, 96, 281, 434, 32, 206, 254, 168, 0]
Volume: 4.9101
Cost: 17094
Route: [0, 118, 268, 104, 1, 368, 467, 463, 305, 199, 152, 310, 302, 192, 443, 0]
Volume: 4.94
Cost: 18336
Route: [0, 355, 218, 377, 336, 188, 235, 406, 378, 183, 244, 462, 275, 175, 30, 338, 67, 106, 0]
Volume: 4.9421
Cost: 32980
Route: [0, 77, 200, 348, 227, 258, 40, 95, 256, 0]
Volume: 4.992
Cost: 13380
Route: [0, 62, 291, 342, 322, 468, 157, 381, 415, 138, 344, 366, 111, 0]
Volume: 4.872
Cost: 27174
Route: [0, 93, 352, 245, 480, 371, 117, 360, 0]
Volume: 3.644
Cost: 8928
Route: [0, 27, 236, 319, 303, 383, 482, 105, 89, 0]
Volume: 4.8041
Cost: 19085
Route: [0, 205, 374, 64, 41, 339, 225, 484, 21, 0]
Volume: 4.8401
Cost: 14542
Route: [0, 264, 423, 171, 421, 222, 433, 212, 316, 246, 174, 0]
Volume: 4.994
Cost: 20088
Route: [0, 473, 340, 234, 163, 182, 237, 79, 76, 301, 224, 0]
Volume: 4.998
Cost: 29203
Route: [0, 69, 309, 48, 337, 329, 252, 0]
Volume: 4.956
Cost: 19528
Route: [0, 288, 37, 485, 408, 311, 432, 116, 14, 335, 8, 109, 0]
Volume: 4.886
Cost: 21539
Route: [0, 359, 394, 45, 97, 296, 24, 495, 367, 345, 82, 453, 0]
Volume: 4.9761
Cost: 24436
Route: [0, 78, 363, 429, 452, 274, 238, 0]
Volume: 4.9901
Cost: 17723
Route: [0, 248, 346, 94, 179, 321, 295, 46, 312, 294, 441, 399, 327, 262, 332, 0]
Volume: 4.95
Cost: 28795
Route: [0, 210, 437, 387, 400, 133, 426, 300, 446, 221, 292, 137, 266, 0]
Volume: 4.732
Cost: 15006
Route: [0, 19, 239, 326, 457, 407, 209, 140, 215, 298, 180, 195, 388, 167, 0]
Volume: 4.99
Cost: 32134
Route: [0, 391, 435, 267, 6, 390, 123, 297, 108, 132, 0]
Volume: 4.9081
Cost: 25135
Route: [0, 427, 491, 444, 475, 290, 466, 101, 156, 20, 358, 51, 0]
Volume: 4.848
Cost: 18250
Route: [0, 60, 323, 447, 419, 362, 214, 145, 353, 0]
Volume: 4.8
Cost: 12756
Route: [0, 451, 29, 398, 493, 155, 370, 307, 306, 58, 173, 12, 448, 120, 0]
Volume: 4.796
Cost: 41320
Route: [0, 471, 33, 259, 282, 98, 17, 122, 490, 499, 54, 84, 5, 413, 0]
Volume: 4.914
Cost: 25232
Route: [0, 317, 226, 389, 153, 110, 0]
Volume: 4.826
Cost: 12011
Route: [0, 464, 59, 216, 3, 162, 142, 404, 0]
Volume: 4.744
Cost: 19634
Route: [0, 7, 253, 169, 126, 278, 304, 191, 251, 178, 351, 263, 0]
Volume: 4.968
Cost: 27858
Route: [0, 272, 458, 198, 44, 230, 136, 164, 107, 181, 0]
Volume: 4.9461
Cost: 17795
Route: [0, 396, 257, 476, 53, 442, 308, 217, 265, 414, 50, 144, 350, 0]
Volume: 5.0
Cost: 19302
Route: [0, 70, 409, 479, 261, 450, 115, 135, 11, 431, 299, 166, 0]
Volume: 4.972
Cost: 23620
Route: [0, 61, 43, 35, 418, 185, 0]
Volume: 4.8599
Cost: 11659
Route: [0, 197, 36, 449, 177, 477, 405, 286, 73, 56, 0]
Volume: 4.964
Cost: 15147
Route: [0, 223, 86, 439, 333, 454, 229, 276, 0]
Volume: 4.9901
Cost: 24246
Route: [0, 280, 440, 357, 71, 190, 459, 176, 85, 34, 474, 0]
Volume: 4.8941
Cost: 20001
Route: [0, 401, 130, 127, 250, 325, 279, 283, 28, 2, 22, 0]
Volume: 4.994
Cost: 18567
