OFV: 38686.0

Route: [0, 73, 32, 3, 42, 6, 68, 40, 34, 2, 31, 7, 49, 44, 0]
Volume: 4.886
Cost: 5669
Route: [0, 63, 17, 64, 20, 26, 45, 53, 70, 55, 0]
Volume: 4.696
Cost: 4842
Route: [0, 41, 24, 27, 5, 14, 29, 57, 23, 0]
Volume: 4.624
Cost: 4492
Route: [0, 8, 48, 52, 38, 39, 71, 35, 15, 1, 0]
Volume: 4.906
Cost: 4518
Route: [0, 61, 21, 9, 4, 28, 16, 11, 69, 46, 51, 33, 0]
Volume: 4.988
Cost: 5891
Route: [0, 67, 19, 60, 62, 0]
Volume: 3.392
Cost: 2908
Route: [0, 25, 54, 58, 43, 65, 12, 74, 13, 36, 56, 0]
Volume: 4.826
Cost: 5795
Route: [0, 66, 47, 59, 72, 10, 30, 50, 22, 18, 37, 0]
Volume: 4.096
Cost: 4571
