OFV: 495747.0

Route: [0, 139, 214, 235, 83, 21, 190, 27, 191, 163, 68, 169, 0]
Volume: 4.992
Cost: 17293
Route: [0, 152, 108, 51, 20, 138, 207, 26, 170, 0]
Volume: 4.956
Cost: 16331
Route: [0, 204, 60, 29, 116, 10, 174, 227, 171, 103, 0]
Volume: 4.97
Cost: 23653
Route: [0, 13, 233, 40, 203, 67, 54, 195, 127, 89, 73, 33, 144, 0]
Volume: 4.716
Cost: 6066
Route: [0, 62, 16, 217, 164, 213, 95, 78, 136, 159, 189, 11, 75, 140, 0]
Volume: 4.968
Cost: 28300
Route: [0, 237, 173, 230, 247, 1, 154, 22, 160, 114, 205, 193, 0]
Volume: 4.9681
Cost: 11494
Route: [0, 34, 162, 147, 19, 126, 118, 93, 65, 0]
Volume: 4.938
Cost: 12344
Route: [0, 59, 86, 71, 131, 220, 107, 112, 224, 0]
Volume: 4.978
Cost: 17165
Route: [0, 88, 222, 197, 243, 158, 87, 82, 91, 244, 198, 248, 39, 84, 0]
Volume: 4.8861
Cost: 25051
Route: [0, 219, 3, 119, 5, 97, 137, 121, 48, 0]
Volume: 4.984
Cost: 11793
Route: [0, 24, 55, 15, 17, 49, 47, 98, 175, 0]
Volume: 4.992
Cost: 23312
Route: [0, 45, 236, 151, 181, 38, 182, 36, 216, 0]
Volume: 5.0
Cost: 23094
Route: [0, 70, 106, 177, 63, 76, 240, 42, 23, 211, 0]
Volume: 4.994
Cost: 17171
Route: [0, 194, 8, 61, 218, 85, 168, 0]
Volume: 4.9361
Cost: 12256
Route: [0, 50, 215, 56, 14, 35, 179, 12, 31, 200, 161, 111, 0]
Volume: 4.98
Cost: 18921
Route: [0, 43, 64, 100, 0]
Volume: 4.8719
Cost: 560
Route: [0, 241, 132, 223, 37, 245, 52, 238, 146, 142, 0]
Volume: 4.924
Cost: 36820
Route: [0, 192, 176, 133, 124, 157, 226, 46, 129, 225, 25, 201, 4, 0]
Volume: 4.9561
Cost: 22418
Route: [0, 28, 18, 9, 92, 221, 145, 123, 117, 229, 102, 0]
Volume: 4.798
Cost: 15022
Route: [0, 149, 228, 69, 110, 125, 234, 6, 74, 206, 239, 242, 209, 0]
Volume: 4.752
Cost: 24347
Route: [0, 32, 72, 104, 58, 80, 210, 7, 150, 0]
Volume: 4.946
Cost: 18463
Route: [0, 79, 148, 44, 249, 2, 184, 208, 96, 41, 180, 101, 0]
Volume: 4.7822
Cost: 24058
Route: [0, 143, 212, 122, 94, 134, 113, 130, 90, 188, 196, 246, 199, 30, 0]
Volume: 4.942
Cost: 33994
Route: [0, 232, 141, 172, 166, 109, 167, 187, 120, 231, 77, 155, 0]
Volume: 4.892
Cost: 34855
Route: [0, 156, 165, 53, 202, 99, 186, 81, 66, 0]
Volume: 4.58
Cost: 3914
Route: [0, 135, 57, 115, 105, 153, 183, 178, 128, 185, 0]
Volume: 4.81
Cost: 17052
