OFV: 180621.0

Route: [0, 239, 161, 1, 23, 229, 112, 199, 244, 150, 154, 205, 144, 4, 167, 210, 45, 225, 30, 97, 103, 184, 201, 187, 116, 215, 60, 79, 208, 213, 166, 0]
Volume: 3.4891
Cost: 21095
Route: [0, 189, 238, 168, 230, 156, 153, 206, 36, 66, 67, 122, 65, 80, 24, 194, 110, 63, 69, 196, 197, 6, 139, 202, 109, 46, 243, 125, 102, 147, 158, 240, 105, 14, 15, 7, 38, 0]
Volume: 4.783
Cost: 27273
Route: [0, 35, 203, 70, 218, 22, 170, 87, 56, 5, 93, 232, 100, 131, 186, 28, 98, 50, 151, 146, 82, 0]
Volume: 3.4531
Cost: 29992
Route: [0, 114, 192, 174, 142, 138, 190, 235, 77, 119, 33, 137, 133, 130, 241, 107, 78, 34, 171, 117, 148, 165, 164, 18, 86, 104, 217, 140, 101, 92, 85, 176, 48, 157, 200, 163, 0]
Volume: 4.1806
Cost: 20395
Route: [0, 19, 195, 95, 74, 42, 120, 88, 57, 29, 132, 55, 81, 31, 39, 159, 172, 123, 135, 127, 2, 62, 83, 94, 44, 242, 71, 41, 179, 72, 99, 145, 185, 211, 106, 47, 8, 248, 17, 236, 220, 0]
Volume: 4.9666
Cost: 23745
Route: [0, 182, 25, 9, 209, 13, 162, 32, 73, 27, 52, 64, 204, 84, 68, 216, 11, 221, 249, 51, 40, 108, 96, 143, 188, 26, 219, 134, 160, 233, 234, 3, 247, 129, 183, 90, 237, 136, 43, 20, 155, 59, 245, 111, 113, 16, 224, 0]
Volume: 4.7101
Cost: 28911
Route: [0, 207, 75, 149, 89, 191, 228, 226, 214, 222, 10, 118, 246, 53, 178, 54, 193, 49, 231, 124, 61, 227, 152, 121, 198, 115, 128, 223, 175, 180, 173, 12, 91, 21, 212, 181, 169, 141, 37, 58, 126, 76, 177, 0]
Volume: 4.6898
Cost: 29210
