OFV: 506800.0

Route: [0, 328, 52, 272, 25, 341, 324, 318, 203, 210, 437, 387, 400, 133, 426, 467, 359, 463, 305, 199, 443, 192, 302, 310, 152, 369, 247, 170, 330, 103, 91, 277, 201, 428, 230, 136, 107, 164, 44, 397, 143, 181, 198, 148, 4, 92, 458, 220, 121, 87, 481, 287, 23, 186, 189, 151, 131, 149, 464, 238, 197, 185, 418, 35, 43, 61, 392, 222, 433, 212, 316, 246, 174, 114, 271, 233, 232, 424, 376, 382, 380, 451, 29, 194, 207, 340, 234, 163, 182, 237, 79, 76, 301, 169, 278, 304, 191, 251, 178, 499, 490, 122, 17, 327, 441, 6, 267, 179, 94, 346, 11, 184, 496, 216, 3, 162, 401, 0]
Volume: 12.3467
Cost: 111382
Route: [0, 205, 374, 405, 36, 449, 177, 477, 440, 28, 357, 89, 113, 240, 410, 429, 457, 236, 319, 303, 383, 482, 105, 345, 82, 453, 394, 45, 296, 97, 24, 495, 367, 408, 311, 116, 432, 14, 322, 468, 407, 180, 388, 195, 298, 215, 140, 209, 381, 138, 415, 100, 295, 321, 312, 46, 115, 135, 450, 409, 261, 479, 471, 33, 259, 332, 262, 351, 390, 123, 297, 126, 224, 108, 285, 348, 270, 414, 64, 41, 339, 50, 2, 22, 0]
Volume: 10.7513
Cost: 83176
Route: [0, 411, 313, 461, 465, 402, 196, 137, 266, 386, 167, 118, 211, 492, 74, 268, 104, 1, 368, 221, 292, 300, 446, 73, 286, 280, 71, 37, 342, 291, 62, 127, 8, 109, 27, 255, 455, 320, 372, 83, 66, 343, 88, 26, 75, 249, 486, 157, 366, 344, 111, 384, 39, 42, 412, 365, 364, 55, 337, 48, 309, 248, 329, 252, 147, 31, 331, 102, 139, 242, 334, 70, 391, 435, 264, 421, 396, 142, 404, 158, 227, 258, 34, 40, 132, 81, 160, 10, 315, 68, 141, 447, 419, 362, 214, 145, 389, 153, 226, 355, 491, 284, 427, 425, 125, 289, 353, 0]
Volume: 11.2968
Cost: 96836
Route: [0, 484, 21, 56, 225, 445, 59, 190, 130, 485, 250, 335, 325, 279, 283, 78, 363, 452, 274, 288, 459, 176, 265, 69, 171, 423, 239, 326, 430, 478, 375, 431, 299, 476, 257, 53, 442, 308, 217, 85, 77, 256, 19, 7, 398, 493, 49, 72, 172, 112, 187, 134, 385, 488, 128, 150, 420, 155, 370, 307, 306, 58, 173, 448, 12, 243, 159, 129, 119, 202, 65, 208, 336, 188, 235, 406, 378, 244, 183, 462, 193, 175, 275, 99, 444, 475, 290, 466, 101, 156, 20, 358, 223, 51, 106, 93, 352, 96, 245, 117, 146, 472, 480, 371, 360, 0]
Volume: 11.2022
Cost: 117054
Route: [0, 379, 317, 15, 260, 110, 273, 241, 60, 323, 403, 80, 494, 416, 439, 86, 281, 354, 438, 434, 32, 206, 254, 168, 333, 16, 219, 487, 63, 204, 497, 13, 498, 213, 165, 314, 460, 276, 454, 229, 47, 9, 417, 30, 338, 67, 393, 38, 349, 395, 469, 269, 422, 377, 218, 124, 18, 489, 456, 473, 356, 120, 253, 154, 231, 293, 57, 483, 470, 161, 347, 361, 228, 90, 294, 399, 282, 98, 54, 84, 5, 413, 263, 200, 95, 474, 373, 166, 350, 144, 436, 0]
Volume: 10.7327
Cost: 98352
