OFV: 269543.0

Route: [0, 128, 15, 192, 166, 188, 82, 178, 220, 38, 66, 147, 186, 242, 118, 32, 151, 155, 89, 197, 6, 112, 241, 72, 177, 149, 0]
Volume: 12.4901
Cost: 25324
Route: [0, 28, 168, 239, 51, 91, 57, 207, 175, 233, 148, 111, 94, 106, 238, 185, 74, 77, 17, 134, 75, 3, 173, 246, 187, 142, 22, 203, 63, 235, 181, 14, 145, 240, 101, 0]
Volume: 12.14
Cost: 33272
Route: [0, 78, 40, 36, 180, 81, 55, 104, 153, 54, 121, 93, 80, 146, 42, 124, 110, 47, 159, 116, 143, 199, 0]
Volume: 8.794
Cost: 24574
Route: [0, 83, 135, 13, 140, 152, 97, 208, 213, 37, 86, 244, 226, 5, 48, 109, 99, 212, 115, 164, 215, 1, 76, 100, 90, 136, 172, 0]
Volume: 11.7821
Cost: 33153
Route: [0, 96, 169, 218, 9, 200, 231, 120, 25, 127, 196, 131, 92, 133, 157, 59, 171, 0]
Volume: 11.6179
Cost: 9883
Route: [0, 221, 158, 193, 8, 49, 113, 31, 102, 195, 2, 39, 34, 98, 150, 228, 24, 84, 174, 0]
Volume: 10.776
Cost: 17441
Route: [0, 160, 87, 53, 19, 138, 68, 137, 129, 210, 139, 114, 88, 60, 141, 211, 205, 243, 79, 58, 117, 232, 26, 163, 95, 183, 182, 85, 41, 230, 161, 0]
Volume: 11.992
Cost: 29675
Route: [0, 67, 156, 103, 23, 132, 122, 125, 191, 12, 16, 21, 105, 144, 225, 222, 209, 119, 7, 126, 108, 27, 248, 123, 0]
Volume: 12.424
Cost: 33483
Route: [0, 71, 184, 190, 73, 130, 64, 35, 206, 56, 189, 65, 223, 179, 245, 234, 236, 43, 198, 229, 46, 201, 20, 227, 45, 224, 219, 165, 202, 194, 70, 204, 0]
Volume: 12.0161
Cost: 33105
Route: [0, 107, 29, 176, 167, 44, 247, 50, 30, 69, 217, 33, 10, 214, 162, 18, 11, 249, 4, 216, 154, 170, 61, 237, 52, 62, 0]
Volume: 12.4862
Cost: 29633
