OFV: 10589.0

Route: [0, 28, 81, 38, 88, 92, 31, 77, 21, 71, 9, 73, 35, 59, 94, 33, 27, 5, 99, 50, 61, 11, 91, 72, 53, 24, 56, 98, 48, 10, 43, 34, 25, 0]
Volume: 7.057
Cost: 2898
Route: [0, 80, 7, 93, 30, 58, 47, 44, 49, 6, 62, 69, 79, 26, 19, 23, 67, 17, 29, 74, 84, 14, 32, 55, 20, 1, 64, 82, 18, 70, 54, 83, 57, 85, 41, 42, 13, 45, 51, 3, 89, 75, 40, 68, 37, 87, 0]
Volume: 12.4412
Cost: 3739
Route: [0, 22, 46, 97, 36, 63, 78, 52, 15, 90, 4, 96, 16, 2, 76, 86, 65, 12, 66, 39, 60, 95, 8, 0]
Volume: 5.9109
Cost: 3952
