OFV: 1661255.0

Route: [0, 1, 277, 206, 376, 478, 216, 127, 391, 205, 179, 6, 300, 270, 211, 266, 418, 148, 396, 273, 108, 84, 377, 89, 487, 181, 332, 339, 52, 309, 0]
Volume: 12.382
Cost: 110783
Route: [0, 359, 348, 390, 183, 26, 97, 430, 345, 21, 496, 45, 447, 264, 432, 347, 56, 124, 225, 392, 415, 299, 284, 100, 208, 146, 230, 437, 0]
Volume: 12.38
Cost: 88586
Route: [0, 10, 111, 33, 412, 321, 360, 370, 115, 361, 47, 274, 82, 458, 22, 283, 310, 489, 333, 136, 473, 341, 379, 301, 329, 57, 103, 286, 381, 449, 0]
Volume: 12.2761
Cost: 86948
Route: [0, 388, 312, 456, 252, 235, 200, 150, 263, 438, 406, 35, 313, 199, 94, 39, 325, 189, 439, 424, 375, 328, 60, 66, 372, 337, 0]
Volume: 12.274
Cost: 83406
Route: [0, 92, 28, 139, 29, 378, 271, 242, 243, 90, 486, 294, 138, 349, 272, 317, 302, 96, 358, 319, 471, 451, 460, 201, 334, 0]
Volume: 12.4621
Cost: 87049
Route: [0, 210, 158, 220, 484, 95, 69, 166, 63, 265, 257, 479, 17, 41, 499, 476, 365, 254, 399, 228, 279, 0]
Volume: 12.44
Cost: 77784
Route: [0, 46, 255, 233, 145, 121, 373, 368, 161, 497, 64, 86, 336, 164, 387, 182, 119, 110, 493, 0]
Volume: 12.3781
Cost: 76776
Route: [0, 113, 18, 247, 453, 240, 457, 466, 221, 436, 34, 330, 296, 395, 444, 105, 25, 12, 239, 178, 488, 425, 49, 0]
Volume: 11.68
Cost: 67127
Route: [0, 209, 130, 495, 91, 203, 259, 250, 36, 31, 393, 125, 142, 193, 354, 81, 269, 293, 23, 163, 185, 289, 0]
Volume: 12.166
Cost: 57180
Route: [0, 104, 342, 135, 114, 75, 93, 280, 483, 175, 151, 79, 55, 297, 195, 14, 459, 54, 102, 475, 480, 99, 431, 450, 485, 20, 427, 107, 351, 303, 492, 149, 371, 5, 0]
Volume: 12.48
Cost: 81594
Route: [0, 222, 402, 307, 171, 194, 291, 187, 417, 355, 207, 70, 223, 137, 144, 276, 65, 398, 369, 422, 363, 404, 0]
Volume: 10.3962
Cost: 53128
Route: [0, 40, 315, 234, 481, 11, 184, 128, 191, 16, 244, 407, 421, 83, 112, 87, 186, 131, 177, 262, 305, 59, 434, 318, 192, 170, 472, 196, 384, 198, 366, 122, 0]
Volume: 12.262
Cost: 69946
Route: [0, 51, 232, 227, 204, 405, 491, 153, 176, 118, 238, 464, 117, 467, 326, 180, 246, 15, 433, 98, 260, 226, 24, 435, 160, 0]
Volume: 12.282
Cost: 69803
Route: [0, 304, 322, 155, 32, 443, 343, 477, 452, 74, 13, 73, 218, 53, 287, 468, 455, 143, 386, 80, 261, 126, 167, 72, 335, 7, 288, 0]
Volume: 12.496
Cost: 88755
Route: [0, 267, 101, 448, 48, 62, 440, 88, 323, 109, 410, 362, 331, 224, 292, 353, 400, 356, 156, 116, 249, 133, 463, 168, 68, 0]
Volume: 12.488
Cost: 100797
Route: [0, 159, 494, 446, 469, 2, 426, 357, 212, 413, 298, 140, 374, 202, 275, 213, 78, 77, 461, 152, 338, 27, 403, 30, 0]
Volume: 12.498
Cost: 89788
Route: [0, 58, 411, 258, 9, 237, 248, 382, 320, 44, 241, 465, 429, 43, 445, 281, 397, 380, 350, 37, 253, 0]
Volume: 10.992
Cost: 61830
Route: [0, 229, 470, 441, 172, 308, 129, 428, 256, 19, 61, 311, 50, 231, 295, 290, 147, 383, 3, 67, 8, 251, 340, 141, 0]
Volume: 12.466
Cost: 97742
Route: [0, 306, 408, 364, 414, 190, 215, 324, 389, 352, 120, 482, 490, 268, 106, 38, 154, 214, 162, 217, 132, 85, 442, 157, 394, 0]
Volume: 12.4142
Cost: 82224
Route: [0, 385, 419, 123, 346, 498, 278, 462, 174, 474, 236, 42, 285, 401, 71, 245, 316, 409, 0]
Volume: 7.33
Cost: 55726
Route: [0, 367, 282, 314, 76, 344, 420, 327, 197, 173, 454, 219, 134, 169, 423, 188, 165, 416, 4, 0]
Volume: 12.4601
Cost: 74283
