OFV: 427265.0

Route: [0, 110, 29, 162, 236, 177, 91, 109, 107, 209, 3, 49, 48, 170, 212, 235, 38, 225, 122, 165, 14, 215, 133, 2, 71, 141, 151, 144, 80, 130, 21, 184, 125, 36, 30, 226, 176, 24, 43, 174, 22, 95, 204, 157, 161, 84, 86, 97, 89, 74, 129, 69, 100, 0]
Volume: 12.4929
Cost: 105013
Route: [0, 58, 229, 140, 19, 244, 146, 45, 202, 61, 67, 54, 232, 127, 138, 155, 1, 136, 145, 90, 98, 44, 114, 137, 62, 101, 132, 231, 113, 18, 223, 158, 189, 196, 20, 241, 31, 7, 51, 142, 190, 219, 118, 194, 99, 63, 13, 0]
Volume: 12.3901
Cost: 73259
Route: [0, 166, 120, 178, 185, 126, 93, 12, 227, 73, 210, 25, 213, 221, 186, 187, 175, 5, 40, 163, 47, 180, 139, 32, 193, 123, 33, 102, 11, 238, 156, 240, 88, 181, 8, 55, 249, 149, 192, 37, 243, 87, 245, 94, 197, 0]
Volume: 10.9109
Cost: 68625
Route: [0, 70, 41, 131, 75, 183, 143, 26, 153, 60, 205, 34, 134, 167, 65, 218, 248, 217, 59, 103, 211, 72, 206, 169, 10, 195, 42, 57, 168, 121, 171, 203, 237, 224, 46, 150, 147, 79, 27, 124, 108, 188, 208, 64, 233, 0]
Volume: 11.5993
Cost: 79266
Route: [0, 82, 230, 83, 234, 242, 116, 92, 39, 17, 4, 191, 111, 15, 173, 78, 159, 172, 112, 104, 182, 201, 53, 135, 77, 207, 228, 6, 85, 216, 106, 160, 28, 105, 68, 23, 222, 239, 56, 66, 199, 154, 148, 117, 119, 115, 9, 128, 214, 200, 96, 16, 152, 52, 220, 179, 76, 50, 35, 81, 198, 247, 246, 164, 0]
Volume: 12.4483
Cost: 101102
