OFV: 18839.0

Route: [0, 17, 45, 4, 21, 77, 10, 61, 42, 55, 39, 1, 91, 70, 33, 14, 69, 51, 79, 8, 98, 81, 99, 67, 85, 3, 26, 41, 27, 7, 76, 31, 63, 78, 90, 88, 62, 93, 29, 19, 72, 71, 30, 97, 13, 0]
Volume: 12.4339
Cost: 8101
Route: [0, 64, 48, 0]
Volume: 0.74
Cost: 1283
Route: [0, 43, 94, 16, 50, 53, 37, 82, 92, 2, 44, 24, 6, 54, 25, 89, 56, 23, 75, 11, 84, 40, 68, 80, 49, 65, 95, 58, 86, 22, 83, 38, 34, 57, 20, 15, 87, 12, 28, 74, 59, 52, 35, 66, 5, 73, 46, 60, 18, 9, 96, 47, 36, 32, 0]
Volume: 11.935
Cost: 9455
