OFV: 56607.0

Route: [0, 99, 14, 60, 67, 69, 7, 94, 5, 30, 33, 61, 1, 12, 0]
Volume: 4.6921
Cost: 5660
Route: [0, 11, 31, 90, 83, 9, 0]
Volume: 4.524
Cost: 3639
Route: [0, 72, 53, 96, 3, 27, 55, 84, 42, 0]
Volume: 4.994
Cost: 4850
Route: [0, 46, 26, 62, 35, 85, 76, 80, 17, 0]
Volume: 4.942
Cost: 6093
Route: [0, 34, 25, 45, 29, 71, 36, 19, 38, 8, 74, 0]
Volume: 4.572
Cost: 4857
Route: [0, 81, 39, 63, 59, 75, 16, 77, 0]
Volume: 4.578
Cost: 4089
Route: [0, 89, 56, 68, 66, 32, 0]
Volume: 4.9459
Cost: 3855
Route: [0, 88, 92, 86, 70, 43, 97, 52, 64, 0]
Volume: 4.842
Cost: 4588
Route: [0, 98, 15, 48, 51, 49, 93, 58, 6, 95, 82, 50, 47, 0]
Volume: 4.794
Cost: 5148
Route: [0, 91, 24, 10, 20, 78, 37, 23, 18, 65, 41, 0]
Volume: 4.85
Cost: 5441
Route: [0, 2, 22, 79, 73, 57, 28, 0]
Volume: 4.8
Cost: 3887
Route: [0, 40, 54, 13, 4, 87, 44, 21, 0]
Volume: 4.95
Cost: 4500
