OFV: 66487.0

Route: [0, 55, 65, 45, 71, 86, 87, 63, 66, 22, 82, 31, 64, 19, 0]
Volume: 4.996
Cost: 6788
Route: [0, 98, 44, 84, 28, 72, 1, 48, 51, 0]
Volume: 4.8801
Cost: 7298
Route: [0, 68, 10, 59, 14, 93, 46, 95, 33, 16, 77, 88, 26, 2, 15, 0]
Volume: 4.962
Cost: 5242
Route: [0, 5, 23, 75, 61, 67, 40, 97, 92, 85, 78, 49, 0]
Volume: 4.98
Cost: 6865
Route: [0, 83, 7, 25, 94, 73, 90, 60, 34, 54, 50, 79, 99, 0]
Volume: 4.998
Cost: 6850
Route: [0, 35, 52, 41, 89, 29, 47, 32, 70, 27, 9, 0]
Volume: 4.9199
Cost: 6772
Route: [0, 80, 21, 6, 37, 91, 69, 3, 0]
Volume: 4.4321
Cost: 9245
Route: [0, 53, 13, 4, 96, 57, 30, 12, 0]
Volume: 4.7361
Cost: 8041
Route: [0, 24, 17, 11, 81, 74, 20, 43, 38, 0]
Volume: 3.68
Cost: 4462
Route: [0, 8, 62, 36, 58, 39, 56, 76, 18, 42, 0]
Volume: 4.7361
Cost: 4924
