OFV: 24634.0

Route: [0, 39, 1, 37, 35, 69, 25, 48, 16, 52, 15, 14, 11, 50, 0]
Volume: 4.7921
Cost: 1895
Route: [0, 36, 23, 57, 80, 30, 17, 28, 76, 64, 4, 43, 19, 0]
Volume: 4.506
Cost: 1755
Route: [0, 79, 10, 73, 94, 29, 9, 63, 88, 0]
Volume: 4.928
Cost: 1987
Route: [0, 34, 55, 86, 7, 58, 21, 6, 0]
Volume: 3.714
Cost: 1793
Route: [0, 42, 97, 27, 96, 54, 92, 0]
Volume: 4.412
Cost: 2278
Route: [0, 32, 75, 60, 3, 68, 49, 12, 22, 0]
Volume: 3.892
Cost: 2667
Route: [0, 5, 70, 24, 83, 62, 59, 82, 85, 8, 71, 93, 98, 0]
Volume: 4.9321
Cost: 2960
Route: [0, 84, 2, 91, 72, 87, 90, 56, 99, 0]
Volume: 4.112
Cost: 3091
Route: [0, 67, 74, 95, 38, 45, 51, 26, 0]
Volume: 4.98
Cost: 1659
Route: [0, 61, 18, 31, 81, 40, 66, 65, 89, 13, 78, 0]
Volume: 4.976
Cost: 2514
Route: [0, 47, 53, 46, 33, 41, 20, 77, 44, 0]
Volume: 4.9421
Cost: 2035
