OFV: 21200.0

Route: [0, 13, 34, 57, 20, 87, 15, 12, 74, 52, 59, 28, 35, 66, 5, 58, 49, 68, 80, 36, 48, 0]
Volume: 11.8881
Cost: 4838
Route: [0, 78, 90, 88, 63, 76, 41, 27, 7, 3, 26, 31, 85, 43, 14, 70, 1, 33, 91, 55, 39, 77, 21, 10, 61, 4, 42, 69, 94, 64, 0]
Volume: 11.9221
Cost: 4877
Route: [0, 17, 47, 45, 24, 44, 6, 25, 54, 16, 8, 79, 51, 98, 50, 81, 53, 92, 2, 82, 37, 99, 67, 32, 0]
Volume: 11.5
Cost: 5700
Route: [0, 83, 38, 46, 73, 60, 18, 9, 86, 22, 96, 65, 95, 89, 56, 23, 75, 84, 11, 62, 93, 40, 19, 29, 71, 97, 72, 30, 0]
Volume: 11.98
Cost: 5785
