OFV: 67487.0

Route: [0, 203, 132, 219, 220, 152, 151, 99, 34, 31, 172, 138, 214, 3, 123, 71, 240, 242, 64, 0]
Volume: 4.562
Cost: 5893
Route: [0, 183, 60, 226, 196, 44, 47, 238, 147, 118, 210, 186, 144, 5, 58, 0]
Volume: 4.9061
Cost: 6696
Route: [0, 175, 74, 68, 30, 167, 116, 188, 249, 95, 229, 140, 163, 187, 105, 24, 20, 142, 0]
Volume: 4.515
Cost: 5204
Route: [0, 148, 239, 133, 184, 199, 79, 29, 113, 122, 190, 131, 174, 156, 160, 86, 61, 41, 0]
Volume: 4.316
Cost: 5998
Route: [0, 179, 139, 126, 62, 35, 205, 171, 185, 217, 104, 109, 121, 117, 143, 42, 246, 2, 72, 0]
Volume: 3.8403
Cost: 3236
Route: [0, 108, 16, 137, 230, 73, 57, 180, 166, 173, 82, 200, 85, 48, 59, 153, 149, 19, 89, 0]
Volume: 4.9701
Cost: 3769
Route: [0, 208, 134, 195, 207, 232, 227, 76, 241, 194, 56, 213, 54, 204, 0]
Volume: 4.972
Cost: 3614
Route: [0, 12, 69, 100, 145, 129, 36, 115, 81, 189, 212, 37, 39, 8, 209, 75, 243, 49, 40, 159, 0]
Volume: 4.8181
Cost: 2997
Route: [0, 77, 135, 154, 15, 53, 17, 197, 43, 211, 65, 177, 222, 206, 7, 136, 0]
Volume: 4.3971
Cost: 3967
Route: [0, 165, 192, 245, 193, 91, 92, 125, 63, 46, 23, 25, 70, 9, 50, 32, 215, 87, 120, 6, 233, 4, 119, 236, 223, 0]
Volume: 4.9701
Cost: 3862
Route: [0, 114, 11, 21, 66, 14, 158, 45, 52, 168, 150, 55, 67, 94, 244, 93, 0]
Volume: 4.885
Cost: 4641
Route: [0, 157, 237, 164, 201, 225, 27, 112, 182, 51, 38, 98, 221, 83, 247, 235, 80, 102, 84, 0]
Volume: 4.6451
Cost: 5222
Route: [0, 146, 26, 110, 97, 161, 18, 198, 124, 107, 101, 0]
Volume: 4.5029
Cost: 4125
Route: [0, 127, 33, 162, 170, 155, 228, 28, 231, 96, 10, 128, 234, 202, 181, 88, 141, 90, 0]
Volume: 4.617
Cost: 2673
Route: [0, 22, 191, 13, 178, 130, 176, 169, 106, 1, 218, 248, 224, 216, 103, 111, 78, 0]
Volume: 4.178
Cost: 5590
