OFV: 42552.0

Route: [0, 169, 24, 71, 137, 110, 14, 223, 203, 123, 121, 112, 194, 156, 126, 107, 248, 148, 0]
Volume: 10.404
Cost: 2701
Route: [0, 70, 101, 124, 88, 226, 38, 149, 21, 36, 109, 181, 43, 147, 50, 102, 177, 212, 160, 127, 242, 190, 142, 132, 22, 202, 37, 201, 239, 27, 0]
Volume: 12.272
Cost: 5146
Route: [0, 188, 215, 16, 45, 13, 249, 233, 61, 62, 54, 51, 155, 20, 178, 195, 55, 74, 172, 42, 222, 146, 53, 116, 227, 245, 176, 0]
Volume: 11.6621
Cost: 5444
Route: [0, 106, 30, 18, 34, 59, 231, 23, 183, 205, 213, 241, 186, 154, 15, 10, 44, 19, 85, 63, 95, 87, 82, 64, 0]
Volume: 11.504
Cost: 4175
Route: [0, 246, 81, 77, 217, 99, 94, 234, 89, 189, 49, 232, 52, 228, 69, 151, 220, 216, 214, 104, 199, 229, 197, 80, 153, 0]
Volume: 9.124
Cost: 4081
Route: [0, 168, 130, 60, 29, 237, 135, 167, 91, 122, 119, 115, 103, 105, 35, 75, 158, 5, 207, 173, 100, 238, 209, 9, 0]
Volume: 11.04
Cost: 2897
Route: [0, 65, 200, 39, 129, 66, 128, 134, 3, 26, 166, 17, 57, 191, 46, 114, 171, 86, 79, 150, 28, 243, 164, 163, 170, 206, 175, 92, 219, 141, 0]
Volume: 11.4041
Cost: 4689
Route: [0, 138, 208, 78, 193, 118, 84, 98, 32, 152, 31, 113, 180, 47, 8, 162, 125, 143, 144, 140, 145, 0]
Volume: 12.4161
Cost: 4600
Route: [0, 244, 221, 6, 11, 131, 182, 159, 7, 40, 185, 161, 247, 120, 211, 2, 157, 174, 68, 48, 83, 240, 108, 41, 235, 76, 0]
Volume: 12.0581
Cost: 1938
Route: [0, 117, 230, 204, 218, 198, 139, 97, 192, 136, 93, 90, 225, 179, 210, 184, 196, 133, 187, 96, 165, 236, 25, 4, 12, 111, 67, 56, 72, 33, 224, 73, 1, 58, 0]
Volume: 12.4581
Cost: 6881
