OFV: 217444.0

Route: [0, 85, 69, 68, 78, 61, 96, 87, 60, 73, 71, 83, 62, 22, 36, 28, 23, 10, 63, 4, 57, 54, 32, 47, 94, 38, 65, 24, 67, 25, 2, 3, 51, 14, 91, 20, 0]
Volume: 4.975
Cost: 87916
Route: [0, 64, 52, 95, 90, 39, 30, 76, 53, 1, 84, 79, 40, 56, 27, 37, 74, 93, 6, 18, 55, 8, 16, 92, 70, 0]
Volume: 3.968
Cost: 43253
Route: [0, 42, 11, 35, 75, 88, 43, 58, 15, 29, 45, 34, 7, 26, 66, 13, 19, 59, 41, 46, 17, 98, 97, 72, 99, 49, 89, 77, 9, 80, 21, 50, 86, 44, 81, 31, 48, 12, 33, 82, 5, 0]
Volume: 4.879
Cost: 86275
