OFV: 42734.0

Route: [0, 62, 45, 92, 25, 18, 99, 42, 65, 13, 63, 32, 28, 96, 75, 77, 1, 56, 90, 6, 78, 24, 68, 73, 7, 70, 67, 27, 57, 0]
Volume: 3.1105
Cost: 11454
Route: [0, 55, 12, 53, 10, 5, 17, 69, 36, 22, 11, 83, 82, 39, 26, 95, 80, 60, 34, 91, 20, 81, 79, 72, 23, 61, 98, 19, 47, 40, 54, 37, 38, 94, 50, 31, 30, 2, 15, 52, 85, 43, 0]
Volume: 4.0808
Cost: 18632
Route: [0, 48, 44, 21, 51, 29, 84, 49, 8, 76, 89, 4, 58, 64, 66, 3, 93, 71, 41, 74, 86, 46, 35, 33, 16, 87, 9, 97, 59, 14, 88, 0]
Volume: 4.2445
Cost: 12648
