OFV: 161406.0

Route: [0, 105, 112, 75, 212, 44, 27, 52, 98, 100, 107, 122, 153, 173, 203, 158, 58, 226, 115, 78, 89, 85, 138, 145, 142, 181, 0]
Volume: 12.3162
Cost: 11553
Route: [0, 205, 216, 120, 143, 191, 125, 148, 220, 234, 246, 243, 96, 12, 42, 228, 146, 2, 131, 108, 157, 222, 149, 231, 37, 0]
Volume: 12.3423
Cost: 20072
Route: [0, 154, 237, 106, 166, 196, 213, 63, 177, 21, 71, 218, 124, 50, 43, 208, 155, 4, 248, 227, 55, 150, 77, 172, 8, 187, 182, 245, 225, 0]
Volume: 12.4141
Cost: 15218
Route: [0, 192, 195, 129, 159, 210, 36, 103, 1, 229, 130, 66, 104, 180, 113, 118, 93, 13, 186, 162, 135, 194, 48, 30, 144, 68, 0]
Volume: 12.4561
Cost: 20205
Route: [0, 137, 49, 99, 117, 244, 20, 15, 240, 39, 65, 249, 136, 163, 109, 111, 72, 202, 152, 82, 88, 241, 168, 247, 178, 17, 0]
Volume: 11.0921
Cost: 13061
Route: [0, 156, 61, 235, 69, 38, 232, 184, 80, 79, 86, 217, 147, 7, 74, 40, 70, 126, 189, 127, 199, 139, 133, 224, 0]
Volume: 12.102
Cost: 16414
Route: [0, 169, 179, 211, 11, 31, 14, 176, 73, 35, 238, 221, 132, 53, 171, 81, 47, 223, 6, 236, 26, 185, 123, 101, 92, 67, 183, 19, 83, 0]
Volume: 12.4781
Cost: 19636
Route: [0, 190, 32, 46, 56, 24, 141, 165, 90, 230, 119, 45, 102, 209, 64, 16, 140, 18, 94, 167, 0]
Volume: 11.0181
Cost: 13117
Route: [0, 121, 114, 25, 84, 3, 219, 214, 207, 206, 242, 9, 87, 91, 22, 59, 151, 29, 60, 200, 197, 62, 128, 110, 76, 174, 57, 0]
Volume: 11.536
Cost: 17643
Route: [0, 41, 33, 188, 28, 51, 170, 161, 5, 160, 54, 215, 204, 34, 193, 233, 10, 164, 95, 198, 134, 97, 175, 239, 116, 23, 201, 0]
Volume: 12.44
Cost: 14487
