OFV: 109044.0

Route: [0, 264, 126, 157, 150, 195, 94, 38, 25, 73, 227, 0]
Volume: 4.944
Cost: 2168
Route: [0, 326, 158, 151, 107, 77, 420, 360, 198, 495, 0]
Volume: 4.894
Cost: 2104
Route: [0, 37, 220, 235, 240, 252, 498, 6, 180, 348, 8, 482, 494, 441, 0]
Volume: 4.9381
Cost: 2210
Route: [0, 14, 200, 97, 229, 338, 476, 429, 485, 328, 0]
Volume: 4.788
Cost: 2283
Route: [0, 371, 168, 339, 177, 256, 186, 42, 305, 0]
Volume: 4.906
Cost: 2151
Route: [0, 68, 354, 258, 460, 65, 170, 118, 423, 87, 61, 0]
Volume: 4.8861
Cost: 1066
Route: [0, 277, 404, 306, 459, 434, 406, 106, 84, 313, 165, 300, 422, 419, 241, 0]
Volume: 4.81
Cost: 2320
Route: [0, 254, 81, 140, 307, 21, 401, 478, 407, 17, 378, 289, 160, 334, 247, 261, 424, 0]
Volume: 4.942
Cost: 3709
Route: [0, 26, 285, 127, 44, 135, 9, 0]
Volume: 4.834
Cost: 1898
Route: [0, 396, 144, 123, 470, 346, 292, 145, 178, 438, 0]
Volume: 4.902
Cost: 2089
Route: [0, 154, 259, 93, 169, 364, 488, 196, 0]
Volume: 4.576
Cost: 2289
Route: [0, 409, 440, 489, 249, 188, 286, 0]
Volume: 4.58
Cost: 1032
Route: [0, 181, 387, 486, 465, 349, 342, 207, 260, 234, 0]
Volume: 4.962
Cost: 334
Route: [0, 331, 166, 283, 185, 395, 487, 208, 243, 179, 212, 28, 217, 0]
Volume: 4.7241
Cost: 1555
Route: [0, 499, 13, 111, 437, 3, 375, 373, 343, 400, 167, 337, 191, 366, 0]
Volume: 4.868
Cost: 2033
Route: [0, 412, 202, 34, 357, 20, 36, 284, 433, 450, 194, 0]
Volume: 4.874
Cost: 2585
Route: [0, 340, 184, 23, 262, 117, 205, 295, 92, 0]
Volume: 4.974
Cost: 2379
Route: [0, 1, 293, 385, 415, 275, 31, 110, 114, 445, 0]
Volume: 4.94
Cost: 2222
Route: [0, 98, 265, 332, 359, 263, 454, 171, 311, 29, 88, 203, 0]
Volume: 4.9441
Cost: 2056
Route: [0, 428, 16, 405, 392, 386, 493, 484, 0]
Volume: 4.074
Cost: 1873
Route: [0, 361, 461, 225, 99, 452, 391, 148, 67, 121, 0]
Volume: 4.582
Cost: 2473
Route: [0, 267, 50, 226, 230, 362, 355, 15, 0]
Volume: 4.8341
Cost: 1395
Route: [0, 251, 214, 64, 197, 132, 308, 310, 120, 0]
Volume: 4.798
Cost: 2092
Route: [0, 19, 192, 57, 102, 62, 321, 63, 32, 4, 309, 417, 303, 173, 0]
Volume: 4.974
Cost: 1975
Route: [0, 444, 206, 379, 270, 389, 491, 329, 397, 273, 104, 319, 0]
Volume: 4.89
Cost: 2295
Route: [0, 27, 60, 156, 388, 216, 383, 187, 430, 377, 66, 53, 290, 0]
Volume: 4.946
Cost: 2001
Route: [0, 279, 24, 368, 296, 134, 390, 75, 298, 209, 175, 302, 115, 0]
Volume: 4.886
Cost: 2161
Route: [0, 82, 189, 427, 297, 18, 30, 403, 464, 457, 481, 0]
Volume: 4.988
Cost: 2297
Route: [0, 49, 382, 287, 490, 245, 116, 215, 402, 224, 418, 54, 269, 492, 0]
Volume: 4.822
Cost: 1943
Route: [0, 190, 45, 153, 193, 381, 255, 291, 218, 0]
Volume: 4.826
Cost: 2455
Route: [0, 367, 496, 125, 294, 108, 0]
Volume: 3.566
Cost: 2040
Route: [0, 101, 474, 149, 376, 468, 274, 394, 162, 143, 246, 0]
Volume: 4.2461
Cost: 2402
Route: [0, 314, 469, 345, 71, 446, 39, 176, 141, 480, 0]
Volume: 4.308
Cost: 1919
Route: [0, 172, 351, 85, 411, 347, 51, 128, 56, 278, 442, 0]
Volume: 4.868
Cost: 2091
Route: [0, 48, 100, 312, 455, 142, 236, 479, 462, 335, 0]
Volume: 4.892
Cost: 2117
Route: [0, 282, 299, 80, 304, 219, 268, 426, 393, 163, 356, 421, 0]
Volume: 4.688
Cost: 1945
Route: [0, 370, 380, 327, 439, 372, 242, 41, 0]
Volume: 4.932
Cost: 1943
Route: [0, 333, 96, 374, 463, 90, 222, 46, 52, 69, 2, 431, 408, 0]
Volume: 4.6761
Cost: 3448
Route: [0, 122, 239, 253, 471, 443, 248, 228, 43, 0]
Volume: 4.7601
Cost: 2013
Route: [0, 358, 453, 250, 103, 353, 113, 0]
Volume: 4.9681
Cost: 1555
Route: [0, 129, 10, 449, 124, 272, 231, 318, 0]
Volume: 4.892
Cost: 2056
Route: [0, 59, 105, 317, 350, 86, 483, 244, 0]
Volume: 4.6
Cost: 2158
Route: [0, 473, 320, 33, 11, 435, 204, 416, 210, 447, 0]
Volume: 4.826
Cost: 2223
Route: [0, 497, 301, 131, 130, 315, 0]
Volume: 4.8779
Cost: 1966
Route: [0, 136, 55, 398, 281, 199, 325, 414, 324, 271, 0]
Volume: 4.878
Cost: 2173
Route: [0, 288, 211, 83, 112, 182, 238, 137, 322, 344, 323, 341, 399, 5, 436, 76, 0]
Volume: 4.9261
Cost: 1502
Route: [0, 352, 363, 223, 152, 174, 221, 458, 161, 410, 146, 0]
Volume: 4.48
Cost: 1623
Route: [0, 232, 147, 384, 89, 280, 119, 330, 451, 369, 0]
Volume: 4.894
Cost: 2297
Route: [0, 448, 466, 79, 139, 91, 477, 266, 7, 201, 74, 109, 0]
Volume: 4.796
Cost: 1745
Route: [0, 12, 70, 213, 432, 257, 276, 336, 138, 425, 316, 0]
Volume: 4.976
Cost: 2236
Route: [0, 237, 95, 365, 164, 0]
Volume: 4.972
Cost: 2222
Route: [0, 58, 233, 475, 467, 35, 40, 413, 0]
Volume: 4.834
Cost: 1966
Route: [0, 456, 78, 72, 133, 183, 47, 22, 159, 472, 155, 0]
Volume: 4.98
Cost: 1961
