OFV: 88005.0

Route: [0, 474, 79, 437, 168, 93, 138, 113, 111, 66, 277, 244, 307, 306, 478, 430, 8, 152, 241, 472, 428, 261, 231, 333, 380, 262, 192, 156, 137, 141, 61, 423, 207, 167, 75, 239, 116, 388, 59, 233, 293, 314, 68, 217, 34, 369, 376, 238, 31, 119, 321, 149, 225, 185, 234, 499, 340, 361, 42, 153, 205, 74, 440, 191, 187, 203, 26, 12, 98, 10, 257, 0]
Volume: 8.1507
Cost: 12658
Route: [0, 91, 51, 467, 139, 375, 308, 498, 495, 161, 462, 71, 287, 269, 181, 188, 96, 64, 134, 324, 114, 442, 37, 460, 400, 147, 120, 180, 229, 354, 411, 441, 445, 222, 310, 29, 215, 311, 248, 210, 469, 46, 36, 260, 343, 271, 115, 136, 417, 211, 86, 198, 221, 252, 130, 272, 315, 144, 317, 422, 143, 350, 117, 363, 9, 110, 351, 163, 140, 420, 496, 279, 456, 418, 360, 33, 122, 489, 493, 240, 459, 245, 49, 347, 392, 182, 5, 41, 226, 67, 381, 264, 313, 0]
Volume: 11.0064
Cost: 16259
Route: [0, 11, 292, 402, 492, 454, 444, 78, 282, 179, 278, 386, 367, 126, 355, 404, 81, 254, 243, 247, 2, 250, 391, 284, 370, 466, 318, 334, 77, 332, 124, 431, 295, 294, 276, 436, 268, 162, 100, 303, 398, 6, 374, 69, 142, 419, 446, 378, 382, 429, 342, 407, 366, 28, 421, 237, 30, 25, 339, 202, 438, 209, 220, 296, 97, 409, 352, 195, 190, 449, 338, 0]
Volume: 7.2866
Cost: 13523
Route: [0, 371, 227, 224, 22, 274, 349, 288, 151, 63, 35, 327, 170, 372, 38, 165, 32, 487, 450, 286, 83, 76, 158, 88, 259, 291, 482, 129, 364, 24, 414, 476, 173, 58, 265, 72, 230, 106, 433, 27, 316, 434, 473, 154, 228, 104, 255, 258, 405, 497, 94, 330, 365, 359, 453, 346, 357, 242, 125, 297, 471, 401, 133, 267, 281, 13, 377, 171, 300, 348, 132, 118, 452, 199, 200, 56, 50, 123, 54, 312, 285, 337, 447, 362, 128, 432, 155, 425, 70, 399, 488, 4, 73, 494, 301, 55, 17, 275, 18, 426, 148, 109, 266, 0]
Volume: 11.759
Cost: 16223
Route: [0, 395, 331, 186, 87, 290, 206, 80, 484, 396, 412, 47, 481, 358, 176, 256, 345, 464, 216, 373, 189, 463, 16, 212, 458, 103, 62, 14, 235, 397, 379, 305, 23, 43, 40, 45, 169, 99, 451, 490, 486, 196, 461, 394, 184, 427, 57, 127, 326, 166, 475, 480, 270, 335, 178, 302, 101, 146, 214, 44, 385, 150, 92, 323, 336, 416, 53, 84, 105, 65, 107, 213, 15, 131, 246, 21, 406, 273, 368, 329, 160, 219, 197, 280, 204, 95, 0]
Volume: 11.3457
Cost: 14788
Route: [0, 19, 384, 435, 3, 341, 457, 249, 465, 7, 108, 408, 448, 177, 39, 383, 298, 112, 328, 325, 353, 289, 52, 175, 410, 172, 309, 48, 159, 263, 304, 387, 145, 232, 424, 344, 194, 356, 164, 485, 415, 82, 60, 1, 393, 483, 251, 183, 455, 253, 389, 20, 223, 403, 320, 468, 470, 135, 174, 89, 479, 443, 208, 121, 283, 157, 477, 413, 319, 322, 193, 390, 218, 90, 439, 201, 299, 102, 491, 236, 85, 0]
Volume: 9.8845
Cost: 14554
