OFV: 197510.0

Route: [0, 4, 57, 22, 42, 72, 99, 86, 9, 25, 55, 58, 21, 84, 19, 62, 69, 94, 12, 36, 64, 60, 45, 51, 79, 66, 39, 38, 90, 0]
Volume: 5.9441
Cost: 58577
Route: [0, 2, 43, 73, 81, 83, 26, 13, 46, 10, 97, 61, 44, 29, 49, 82, 37, 35, 41, 67, 56, 74, 92, 7, 0]
Volume: 7.6812
Cost: 76936
Route: [0, 18, 70, 48, 98, 77, 6, 80, 16, 91, 63, 95, 20, 5, 71, 85, 27, 30, 59, 65, 76, 33, 15, 32, 17, 96, 14, 93, 3, 87, 75, 53, 11, 1, 78, 68, 23, 24, 34, 52, 40, 31, 54, 89, 88, 47, 50, 28, 8, 0]
Volume: 12.028
Cost: 61997
