OFV: 52181.0

Route: [0, 249, 15, 105, 159, 245, 27, 16, 199, 177, 2, 6, 247, 43, 235, 75, 77, 194, 31, 133, 39, 206, 169, 0]
Volume: 12.242
Cost: 4653
Route: [0, 8, 233, 125, 142, 120, 90, 34, 150, 130, 236, 181, 124, 160, 123, 220, 12, 104, 128, 94, 144, 207, 20, 46, 202, 232, 175, 57, 137, 129, 136, 0]
Volume: 12.08
Cost: 7245
Route: [0, 239, 226, 154, 186, 126, 97, 174, 108, 84, 228, 21, 189, 100, 152, 143, 214, 141, 127, 18, 0]
Volume: 11.0821
Cost: 5934
Route: [0, 131, 19, 197, 10, 9, 221, 36, 237, 200, 25, 73, 158, 156, 22, 149, 53, 132, 17, 79, 11, 209, 42, 210, 224, 173, 246, 148, 66, 134, 0]
Volume: 12.1922
Cost: 5748
Route: [0, 162, 248, 99, 68, 212, 164, 168, 196, 30, 217, 147, 198, 1, 176, 193, 48, 13, 205, 98, 238, 117, 83, 0]
Volume: 11.866
Cost: 3761
Route: [0, 109, 243, 172, 218, 222, 89, 111, 33, 51, 52, 76, 102, 55, 225, 188, 244, 215, 106, 146, 63, 211, 80, 67, 190, 26, 72, 29, 61, 64, 28, 0]
Volume: 11.916
Cost: 5973
Route: [0, 70, 4, 242, 110, 40, 180, 195, 45, 179, 107, 151, 35, 60, 62, 37, 5, 116, 101, 223, 240, 138, 135, 184, 112, 219, 165, 0]
Volume: 12.344
Cost: 4544
Route: [0, 82, 92, 192, 201, 155, 114, 163, 187, 49, 145, 78, 140, 230, 229, 178, 88, 95, 204, 119, 115, 227, 86, 208, 58, 0]
Volume: 12.222
Cost: 5593
Route: [0, 167, 113, 96, 69, 139, 182, 166, 93, 85, 121, 216, 122, 41, 161, 183, 14, 32, 24, 91, 81, 71, 157, 118, 65, 0]
Volume: 12.3382
Cost: 5283
Route: [0, 213, 87, 103, 234, 170, 191, 171, 47, 50, 56, 231, 7, 241, 38, 44, 74, 54, 153, 185, 59, 3, 23, 203, 0]
Volume: 12.442
Cost: 3447
