OFV: 107390.0

Route: [0, 324, 87, 12, 264, 163, 495, 16, 398, 326, 269, 334, 340, 164, 78, 364, 476, 439, 465, 205, 175, 464, 23, 413, 390, 51, 316, 307, 460, 240, 252, 62, 333, 447, 104, 119, 235, 239, 21, 168, 153, 211, 406, 371, 425, 133, 256, 443, 432, 0]
Volume: 10.498
Cost: 11888
Route: [0, 91, 323, 271, 332, 290, 492, 74, 228, 454, 187, 329, 166, 467, 404, 80, 466, 248, 189, 417, 158, 361, 161, 374, 426, 246, 20, 445, 63, 174, 137, 376, 88, 121, 347, 210, 227, 30, 356, 103, 480, 44, 471, 0]
Volume: 12.372
Cost: 7671
Route: [0, 242, 291, 343, 306, 434, 57, 172, 196, 325, 436, 388, 380, 38, 427, 473, 251, 385, 177, 7, 493, 373, 453, 101, 71, 318, 218, 245, 396, 469, 61, 144, 457, 64, 478, 452, 142, 49, 244, 411, 109, 2, 419, 214, 182, 124, 95, 180, 176, 45, 479, 0]
Volume: 12.4532
Cost: 9841
Route: [0, 308, 200, 10, 19, 40, 209, 76, 368, 107, 77, 317, 170, 485, 423, 238, 355, 273, 54, 289, 281, 192, 407, 397, 215, 151, 262, 358, 112, 366, 222, 322, 428, 232, 250, 241, 42, 477, 321, 474, 401, 70, 224, 36, 102, 195, 56, 280, 0]
Volume: 11.6571
Cost: 7066
Route: [0, 100, 470, 351, 438, 65, 293, 226, 230, 430, 233, 266, 382, 487, 165, 375, 18, 462, 285, 82, 391, 346, 231, 379, 114, 277, 37, 162, 257, 178, 489, 312, 99, 169, 0]
Volume: 9.0201
Cost: 8415
Route: [0, 41, 73, 327, 441, 299, 265, 313, 297, 272, 207, 48, 139, 337, 11, 405, 58, 342, 152, 159, 181, 387, 458, 75, 314, 263, 394, 219, 349, 381, 400, 472, 330, 249, 204, 331, 357, 344, 33, 339, 131, 29, 409, 431, 386, 167, 298, 143, 475, 105, 302, 463, 0]
Volume: 11.5231
Cost: 10090
Route: [0, 282, 484, 284, 85, 39, 194, 352, 184, 206, 491, 15, 402, 253, 468, 225, 149, 424, 8, 341, 449, 129, 150, 377, 267, 440, 456, 146, 86, 22, 212, 24, 303, 155, 305, 414, 53, 497, 213, 304, 141, 319, 138, 288, 294, 134, 201, 116, 43, 421, 300, 0]
Volume: 12.4952
Cost: 11813
Route: [0, 217, 27, 94, 183, 315, 258, 31, 220, 123, 188, 243, 367, 420, 145, 412, 408, 247, 236, 128, 444, 35, 259, 287, 442, 186, 295, 399, 229, 173, 335, 353, 494, 283, 378, 160, 448, 336, 393, 0]
Volume: 8.1189
Cost: 10216
Route: [0, 66, 328, 191, 433, 383, 498, 429, 363, 122, 286, 384, 416, 190, 403, 202, 276, 422, 97, 106, 125, 292, 389, 216, 370, 221, 437, 89, 84, 199, 279, 28, 499, 118, 59, 13, 34, 234, 418, 354, 113, 198, 98, 461, 68, 496, 0]
Volume: 12.3359
Cost: 11684
Route: [0, 130, 369, 32, 126, 410, 147, 25, 261, 185, 135, 136, 132, 55, 50, 254, 111, 156, 108, 486, 5, 223, 255, 450, 140, 392, 96, 395, 237, 79, 488, 446, 362, 67, 365, 110, 17, 270, 301, 26, 81, 455, 415, 3, 46, 60, 311, 117, 451, 0]
Volume: 12.13
Cost: 8052
Route: [0, 309, 83, 208, 490, 120, 115, 154, 179, 197, 148, 481, 69, 275, 9, 193, 483, 278, 359, 274, 435, 47, 157, 93, 6, 372, 203, 360, 310, 482, 52, 268, 72, 171, 350, 1, 90, 338, 260, 345, 348, 92, 296, 14, 127, 320, 4, 459, 0]
Volume: 11.779
Cost: 10654
