OFV: 37644.0

Route: [0, 130, 60, 29, 174, 2, 157, 211, 5, 103, 105, 35, 75, 215, 16, 45, 233, 61, 62, 54, 249, 13, 51, 155, 178, 20, 172, 55, 195, 74, 222, 42, 53, 146, 137, 110, 123, 14, 223, 203, 116, 227, 245, 176, 0]
Volume: 11.2971
Cost: 7390
Route: [0, 244, 6, 39, 65, 200, 70, 101, 124, 226, 88, 38, 149, 109, 181, 21, 36, 43, 147, 50, 102, 177, 160, 212, 127, 242, 190, 142, 22, 132, 117, 205, 183, 10, 44, 19, 85, 231, 59, 34, 23, 18, 106, 30, 0]
Volume: 10.2542
Cost: 7530
Route: [0, 158, 129, 164, 141, 163, 170, 206, 92, 219, 175, 1, 118, 187, 96, 165, 236, 25, 4, 12, 111, 184, 196, 73, 193, 208, 78, 58, 138, 217, 99, 94, 77, 234, 246, 81, 89, 189, 49, 52, 228, 151, 220, 216, 214, 104, 197, 87, 64, 0]
Volume: 11.5341
Cost: 7459
Route: [0, 168, 9, 209, 237, 135, 167, 91, 122, 119, 115, 107, 248, 148, 169, 71, 24, 156, 121, 194, 112, 126, 120, 207, 173, 100, 238, 68, 48, 83, 240, 108, 41, 235, 76, 0]
Volume: 8.505
Cost: 3039
Route: [0, 11, 7, 185, 161, 247, 40, 131, 182, 159, 221, 201, 27, 239, 202, 37, 230, 204, 218, 139, 198, 97, 192, 136, 213, 241, 186, 154, 15, 63, 95, 229, 82, 0]
Volume: 10.9799
Cost: 4277
Route: [0, 188, 153, 199, 80, 69, 232, 93, 90, 225, 179, 210, 133, 72, 33, 224, 56, 67, 84, 98, 32, 152, 31, 113, 180, 47, 8, 140, 125, 162, 143, 144, 134, 128, 66, 3, 26, 166, 17, 57, 191, 46, 114, 171, 86, 79, 150, 28, 243, 145, 0]
Volume: 12.1169
Cost: 7949
