OFV: 23566.0

Route: [0, 17, 47, 45, 89, 56, 23, 75, 11, 84, 93, 40, 19, 29, 97, 72, 30, 71, 0]
Volume: 4.6581
Cost: 5051
Route: [0, 53, 37, 2, 82, 92, 6, 44, 24, 25, 54, 16, 8, 98, 81, 50, 99, 67, 64, 0]
Volume: 4.955
Cost: 4329
Route: [0, 94, 43, 91, 70, 33, 1, 14, 55, 39, 4, 61, 10, 77, 21, 42, 69, 51, 79, 0]
Volume: 4.341
Cost: 3740
Route: [0, 63, 76, 3, 41, 27, 7, 26, 31, 85, 78, 90, 88, 62, 68, 80, 49, 36, 32, 0]
Volume: 3.5121
Cost: 4928
Route: [0, 13, 83, 38, 34, 20, 57, 87, 15, 12, 35, 66, 74, 52, 59, 28, 46, 73, 5, 96, 22, 60, 18, 9, 86, 58, 95, 65, 48, 0]
Volume: 4.882
Cost: 5518
