OFV: 152335.0

Route: [0, 144, 425, 398, 449, 496, 221, 193, 344, 54, 469, 67, 295, 0]
Volume: 4.968
Cost: 3987
Route: [0, 38, 350, 167, 21, 114, 343, 234, 303, 147, 458, 236, 175, 68, 77, 0]
Volume: 4.86
Cost: 3557
Route: [0, 481, 0]
Volume: 0.254
Cost: 4
Route: [0, 248, 96, 100, 218, 156, 214, 260, 246, 123, 288, 455, 225, 0]
Volume: 4.932
Cost: 3929
Route: [0, 284, 136, 143, 78, 472, 392, 10, 355, 315, 0]
Volume: 4.7742
Cost: 1391
Route: [0, 327, 336, 309, 142, 7, 266, 495, 126, 50, 0]
Volume: 4.982
Cost: 3330
Route: [0, 15, 420, 153, 474, 432, 160, 494, 186, 89, 140, 0]
Volume: 4.956
Cost: 3050
Route: [0, 452, 376, 97, 28, 36, 132, 0]
Volume: 4.6461
Cost: 2495
Route: [0, 485, 200, 285, 273, 206, 480, 370, 384, 419, 0]
Volume: 4.958
Cost: 2846
Route: [0, 178, 161, 435, 385, 400, 79, 471, 387, 82, 1, 129, 306, 219, 359, 111, 0]
Volume: 4.95
Cost: 763
Route: [0, 74, 57, 465, 184, 47, 45, 335, 375, 110, 238, 14, 484, 0]
Volume: 4.946
Cost: 4096
Route: [0, 446, 276, 411, 286, 26, 37, 48, 24, 139, 171, 0]
Volume: 4.998
Cost: 3441
Route: [0, 277, 138, 249, 64, 407, 223, 333, 19, 66, 470, 0]
Volume: 4.926
Cost: 4096
Route: [0, 280, 163, 404, 330, 43, 279, 310, 0]
Volume: 4.9721
Cost: 2559
Route: [0, 345, 263, 311, 16, 112, 146, 463, 239, 491, 173, 8, 0]
Volume: 4.998
Cost: 4564
Route: [0, 357, 46, 292, 468, 431, 41, 476, 258, 229, 172, 148, 243, 128, 291, 483, 342, 267, 198, 84, 0]
Volume: 4.9821
Cost: 3857
Route: [0, 422, 55, 371, 135, 217, 257, 366, 373, 127, 11, 205, 3, 415, 0]
Volume: 4.936
Cost: 3395
Route: [0, 99, 322, 213, 334, 150, 255, 130, 439, 58, 194, 296, 408, 493, 87, 0]
Volume: 4.968
Cost: 4009
Route: [0, 69, 120, 52, 154, 242, 88, 290, 459, 358, 0]
Volume: 4.918
Cost: 5389
Route: [0, 413, 235, 250, 259, 352, 320, 168, 293, 389, 75, 433, 0]
Volume: 4.998
Cost: 2694
Route: [0, 448, 462, 117, 321, 189, 377, 382, 98, 231, 71, 278, 0]
Volume: 4.958
Cost: 2195
Route: [0, 395, 116, 210, 103, 338, 51, 441, 341, 226, 109, 80, 188, 447, 165, 360, 0]
Volume: 4.982
Cost: 4078
Route: [0, 326, 302, 438, 423, 166, 314, 369, 477, 349, 5, 0]
Volume: 4.9199
Cost: 3795
Route: [0, 364, 297, 157, 39, 261, 199, 316, 301, 394, 282, 70, 192, 104, 0]
Volume: 4.6501
Cost: 2650
Route: [0, 430, 152, 450, 106, 187, 331, 181, 390, 437, 124, 380, 490, 23, 475, 275, 185, 0]
Volume: 4.9301
Cost: 3886
Route: [0, 442, 464, 174, 256, 155, 272, 289, 230, 487, 329, 190, 91, 393, 0]
Volume: 4.972
Cost: 3599
Route: [0, 351, 211, 216, 42, 125, 304, 409, 281, 340, 0]
Volume: 4.8221
Cost: 2619
Route: [0, 299, 414, 264, 499, 65, 121, 196, 32, 401, 252, 0]
Volume: 4.946
Cost: 3839
Route: [0, 40, 53, 386, 497, 4, 361, 141, 27, 426, 269, 0]
Volume: 4.9739
Cost: 3880
Route: [0, 149, 224, 388, 232, 354, 197, 488, 482, 62, 307, 0]
Volume: 4.972
Cost: 3094
Route: [0, 271, 158, 498, 182, 115, 60, 372, 6, 254, 0]
Volume: 4.888
Cost: 2801
Route: [0, 367, 383, 20, 137, 102, 319, 63, 151, 131, 101, 0]
Volume: 4.94
Cost: 4432
Route: [0, 2, 9, 113, 233, 207, 228, 179, 399, 374, 195, 245, 268, 444, 0]
Volume: 4.888
Cost: 3168
Route: [0, 265, 410, 105, 379, 162, 164, 108, 33, 76, 427, 356, 0]
Volume: 4.976
Cost: 3569
Route: [0, 436, 443, 209, 368, 402, 428, 180, 305, 227, 492, 0]
Volume: 4.7361
Cost: 4334
Route: [0, 176, 365, 86, 312, 328, 347, 253, 323, 391, 0]
Volume: 4.9561
Cost: 3474
Route: [0, 324, 353, 191, 445, 12, 94, 85, 25, 0]
Volume: 4.924
Cost: 2945
Route: [0, 486, 461, 44, 405, 222, 93, 122, 0]
Volume: 4.962
Cost: 4749
Route: [0, 456, 348, 434, 270, 362, 17, 421, 59, 30, 208, 346, 0]
Volume: 4.974
Cost: 3807
Route: [0, 466, 406, 203, 417, 241, 22, 119, 412, 467, 0]
Volume: 4.894
Cost: 3244
Route: [0, 429, 440, 212, 339, 397, 92, 0]
Volume: 4.9441
Cost: 2152
Route: [0, 424, 159, 318, 145, 478, 34, 56, 220, 35, 332, 73, 403, 95, 283, 0]
Volume: 4.9641
Cost: 2686
Route: [0, 244, 294, 325, 81, 61, 298, 237, 31, 0]
Volume: 4.952
Cost: 2972
Route: [0, 453, 378, 381, 183, 247, 479, 300, 313, 274, 204, 18, 13, 454, 83, 90, 0]
Volume: 5.0
Cost: 4465
Route: [0, 169, 240, 418, 170, 460, 287, 337, 489, 308, 0]
Volume: 4.652
Cost: 906
Route: [0, 451, 363, 396, 133, 202, 457, 416, 107, 251, 201, 317, 0]
Volume: 4.8821
Cost: 1211
Route: [0, 215, 118, 262, 134, 177, 72, 49, 473, 29, 0]
Volume: 4.984
Cost: 4333
