OFV: 41029.0

Route: [0, 165, 248, 224, 218, 176, 169, 106, 1, 103, 216, 249, 95, 38, 167, 188, 116, 30, 182, 51, 68, 175, 74, 12, 0]
Volume: 2.6365
Cost: 2063
Route: [0, 179, 25, 70, 9, 50, 32, 215, 161, 97, 198, 18, 124, 107, 110, 101, 180, 57, 73, 230, 173, 166, 200, 82, 137, 85, 16, 54, 204, 64, 0]
Volume: 3.9436
Cost: 3732
Route: [0, 208, 87, 120, 69, 81, 212, 245, 192, 63, 193, 92, 91, 125, 62, 171, 109, 205, 217, 185, 139, 104, 126, 35, 46, 121, 117, 143, 42, 23, 246, 2, 72, 0]
Volume: 4.2271
Cost: 4803
Route: [0, 127, 60, 226, 196, 44, 159, 40, 37, 39, 209, 8, 75, 243, 49, 47, 238, 147, 5, 144, 118, 210, 186, 160, 86, 195, 232, 207, 34, 31, 172, 241, 227, 76, 194, 213, 56, 240, 71, 242, 134, 214, 138, 3, 123, 61, 41, 0]
Volume: 4.9541
Cost: 9062
Route: [0, 146, 114, 11, 183, 21, 66, 14, 10, 228, 231, 28, 155, 170, 33, 162, 128, 96, 234, 202, 158, 52, 45, 168, 150, 55, 67, 94, 244, 93, 53, 197, 206, 222, 177, 211, 43, 65, 17, 7, 136, 135, 154, 15, 48, 0]
Volume: 4.6747
Cost: 5848
Route: [0, 108, 26, 237, 157, 164, 201, 225, 27, 22, 191, 112, 13, 178, 163, 187, 140, 105, 229, 130, 98, 221, 83, 247, 235, 80, 102, 189, 115, 36, 129, 145, 100, 6, 233, 4, 119, 236, 223, 0]
Volume: 4.5866
Cost: 6711
Route: [0, 78, 111, 148, 239, 24, 20, 142, 203, 84, 133, 199, 184, 79, 29, 122, 113, 190, 131, 174, 156, 132, 219, 99, 220, 151, 152, 58, 77, 181, 88, 141, 90, 153, 59, 149, 19, 89, 0]
Volume: 4.284
Cost: 8810
