OFV: 556768.0

Route: [0, 191, 205, 344, 52, 175, 445, 144, 317, 311, 248, 210, 46, 469, 343, 271, 115, 260, 36, 136, 270, 230, 370, 466, 417, 211, 284, 364, 88, 259, 291, 482, 129, 24, 476, 173, 410, 172, 145, 232, 424, 74, 440, 292, 257, 224, 227, 0]
Volume: 12.194
Cost: 40725
Route: [0, 277, 244, 138, 66, 111, 113, 432, 128, 70, 425, 155, 399, 488, 73, 4, 494, 301, 55, 17, 275, 360, 242, 379, 404, 81, 254, 386, 486, 184, 394, 461, 170, 450, 286, 487, 38, 32, 165, 402, 19, 206, 87, 290, 331, 186, 484, 396, 80, 0]
Volume: 11.549
Cost: 51538
Route: [0, 341, 457, 7, 465, 447, 108, 245, 49, 240, 347, 489, 493, 67, 381, 16, 463, 189, 373, 154, 228, 473, 50, 123, 279, 496, 456, 140, 163, 420, 351, 110, 9, 363, 117, 143, 350, 40, 45, 23, 305, 43, 367, 196, 278, 454, 349, 288, 0]
Volume: 11.7782
Cost: 54237
Route: [0, 371, 492, 151, 327, 35, 63, 179, 355, 243, 322, 193, 300, 247, 2, 348, 250, 391, 413, 319, 261, 86, 335, 178, 221, 252, 130, 272, 315, 198, 318, 334, 77, 455, 389, 253, 183, 251, 483, 233, 293, 468, 135, 470, 441, 289, 222, 310, 29, 361, 42, 153, 10, 0]
Volume: 12.453
Cost: 63538
Route: [0, 26, 12, 98, 387, 475, 480, 39, 177, 231, 383, 333, 380, 262, 192, 156, 141, 137, 298, 112, 328, 268, 431, 460, 75, 167, 20, 217, 34, 25, 339, 209, 220, 296, 409, 352, 97, 438, 202, 214, 150, 44, 385, 53, 323, 416, 336, 92, 219, 197, 204, 280, 95, 395, 0]
Volume: 12.4551
Cost: 55346
Route: [0, 203, 304, 263, 48, 309, 159, 72, 58, 265, 127, 166, 326, 448, 353, 37, 295, 162, 436, 294, 276, 325, 116, 59, 388, 400, 147, 120, 180, 229, 354, 378, 382, 421, 28, 237, 369, 30, 146, 195, 21, 131, 246, 15, 149, 225, 185, 234, 11, 0]
Volume: 12.363
Cost: 43167
Route: [0, 384, 435, 3, 249, 312, 54, 337, 285, 418, 346, 365, 306, 478, 430, 8, 152, 241, 472, 428, 216, 464, 345, 256, 176, 481, 358, 47, 412, 199, 200, 56, 132, 118, 452, 401, 471, 133, 267, 281, 171, 377, 13, 390, 218, 90, 299, 439, 201, 297, 125, 102, 236, 491, 85, 422, 169, 99, 490, 451, 76, 158, 83, 427, 372, 0]
Volume: 12.276
Cost: 74164
Route: [0, 187, 340, 499, 406, 273, 194, 356, 215, 164, 485, 415, 60, 61, 423, 207, 477, 302, 101, 376, 64, 134, 495, 161, 71, 462, 287, 269, 181, 188, 375, 308, 498, 96, 467, 139, 51, 91, 84, 105, 65, 190, 449, 213, 107, 329, 160, 313, 264, 0]
Volume: 11.9681
Cost: 61252
Route: [0, 274, 57, 414, 106, 433, 27, 403, 314, 68, 407, 366, 429, 342, 142, 419, 446, 100, 374, 69, 303, 398, 6, 1, 324, 114, 442, 124, 239, 411, 393, 332, 223, 320, 174, 443, 121, 208, 479, 89, 283, 157, 238, 31, 119, 82, 321, 368, 338, 0]
Volume: 12.057
Cost: 63567
Route: [0, 474, 109, 266, 426, 148, 18, 168, 79, 437, 93, 307, 362, 357, 33, 408, 459, 122, 392, 182, 226, 41, 5, 212, 14, 62, 103, 458, 316, 434, 104, 255, 258, 405, 497, 94, 330, 453, 359, 235, 397, 126, 282, 78, 444, 22, 0]
Volume: 12.3731
Cost: 49234
