OFV: 107320.0

Route: [0, 47, 45, 54, 25, 24, 44, 6, 82, 92, 2, 37, 53, 94, 43, 14, 91, 1, 33, 70, 39, 55, 42, 4, 61, 21, 77, 10, 69, 48, 0]
Volume: 12.136
Cost: 32992
Route: [0, 78, 88, 90, 67, 99, 50, 81, 98, 8, 16, 79, 51, 85, 63, 41, 3, 27, 7, 76, 26, 31, 13, 0]
Volume: 10.9441
Cost: 21874
Route: [0, 17, 68, 80, 49, 65, 95, 58, 5, 46, 73, 89, 56, 23, 75, 11, 84, 62, 93, 40, 19, 29, 71, 30, 72, 97, 0]
Volume: 12.106
Cost: 26526
Route: [0, 32, 34, 57, 20, 87, 15, 12, 35, 66, 28, 52, 59, 74, 83, 38, 96, 86, 22, 60, 18, 9, 36, 64, 0]
Volume: 12.1041
Cost: 25928
