OFV: 245746.0

Route: [0, 55, 10, 5, 12, 53, 28, 32, 63, 13, 45, 92, 25, 18, 42, 65, 99, 50, 30, 31, 66, 3, 2, 15, 54, 76, 89, 4, 64, 58, 97, 59, 14, 88, 27, 57, 62, 0]
Volume: 3.1386
Cost: 91662
Route: [0, 67, 70, 7, 24, 68, 78, 73, 6, 17, 36, 69, 22, 11, 83, 82, 60, 80, 95, 39, 26, 34, 91, 81, 20, 79, 23, 98, 61, 72, 56, 90, 19, 40, 47, 96, 75, 77, 1, 0]
Volume: 4.9627
Cost: 100405
Route: [0, 48, 44, 21, 51, 8, 84, 29, 49, 94, 37, 38, 41, 71, 9, 16, 87, 33, 35, 46, 86, 74, 93, 52, 85, 43, 0]
Volume: 3.3345
Cost: 53679
