OFV: 599672.0

Route: [0, 69, 36, 344, 428, 310, 157, 80, 485, 395, 415, 61, 178, 473, 491, 338, 145, 131, 394, 378, 398, 65, 292, 105, 0]
Volume: 4.9
Cost: 21670
Route: [0, 257, 156, 496, 280, 399, 356, 296, 151, 339, 379, 254, 314, 32, 248, 355, 75, 287, 315, 179, 295, 259, 431, 297, 211, 299, 362, 26, 253, 359, 0]
Volume: 4.9941
Cost: 32424
Route: [0, 23, 193, 102, 277, 67, 201, 479, 47, 3, 247, 91, 464, 109, 301, 469, 139, 0]
Volume: 4.9839
Cost: 14574
Route: [0, 482, 432, 21, 327, 436, 372, 89, 475, 97, 30, 85, 444, 234, 266, 442, 72, 308, 230, 7, 0]
Volume: 4.988
Cost: 22105
Route: [0, 255, 402, 240, 136, 289, 476, 227, 241, 417, 387, 256, 33, 366, 172, 203, 0]
Volume: 3.866
Cost: 8038
Route: [0, 309, 284, 463, 212, 376, 229, 84, 321, 182, 128, 322, 19, 382, 207, 46, 391, 281, 430, 0]
Volume: 4.9501
Cost: 18249
Route: [0, 183, 138, 113, 334, 4, 40, 171, 81, 414, 457, 304, 311, 122, 129, 416, 74, 99, 133, 27, 95, 170, 0]
Volume: 4.9942
Cost: 25241
Route: [0, 152, 239, 163, 495, 423, 492, 112, 371, 154, 400, 51, 134, 282, 16, 28, 9, 191, 397, 15, 77, 0]
Volume: 4.823
Cost: 28977
Route: [0, 96, 6, 329, 150, 403, 221, 456, 465, 31, 147, 452, 326, 422, 103, 443, 0]
Volume: 4.9911
Cost: 18209
Route: [0, 176, 441, 478, 319, 10, 470, 273, 393, 62, 484, 63, 291, 407, 165, 49, 12, 0]
Volume: 4.967
Cost: 12265
Route: [0, 252, 213, 110, 345, 206, 58, 188, 298, 56, 41, 396, 481, 427, 116, 223, 199, 333, 107, 0]
Volume: 4.859
Cost: 21885
Route: [0, 264, 169, 300, 445, 369, 42, 426, 392, 494, 22, 215, 483, 375, 377, 204, 358, 2, 217, 245, 447, 251, 336, 468, 54, 141, 477, 0]
Volume: 4.999
Cost: 31456
Route: [0, 381, 175, 271, 361, 20, 412, 214, 434, 347, 486, 50, 349, 438, 115, 243, 197, 493, 446, 48, 462, 177, 0]
Volume: 4.968
Cost: 35290
Route: [0, 219, 283, 159, 1, 93, 142, 244, 425, 489, 55, 238, 117, 275, 368, 302, 389, 98, 351, 0]
Volume: 4.998
Cost: 31344
Route: [0, 263, 86, 164, 66, 187, 64, 401, 383, 260, 168, 455, 205, 318, 140, 106, 167, 0]
Volume: 4.569
Cost: 13871
Route: [0, 196, 216, 153, 124, 265, 137, 269, 246, 52, 490, 350, 225, 409, 460, 158, 306, 198, 11, 352, 354, 166, 118, 390, 0]
Volume: 4.772
Cost: 21821
Route: [0, 330, 316, 68, 380, 83, 341, 200, 307, 202, 294, 363, 274, 181, 313, 353, 312, 37, 34, 364, 0]
Volume: 4.324
Cost: 17715
Route: [0, 480, 17, 209, 73, 433, 421, 146, 325, 340, 449, 35, 39, 195, 44, 435, 454, 123, 70, 14, 337, 373, 317, 0]
Volume: 4.958
Cost: 31492
Route: [0, 208, 328, 448, 59, 144, 8, 290, 160, 92, 278, 497, 149, 148, 192, 453, 0]
Volume: 4.958
Cost: 18801
Route: [0, 365, 270, 87, 413, 161, 18, 127, 288, 268, 499, 121, 320, 45, 285, 132, 279, 367, 250, 0]
Volume: 4.982
Cost: 25005
Route: [0, 419, 472, 374, 88, 76, 79, 173, 406, 343, 60, 249, 276, 332, 467, 323, 235, 108, 437, 100, 408, 119, 405, 0]
Volume: 4.99
Cost: 35827
Route: [0, 5, 471, 303, 189, 348, 439, 233, 53, 420, 458, 335, 404, 111, 231, 155, 218, 410, 174, 120, 0]
Volume: 4.767
Cost: 26196
Route: [0, 228, 424, 114, 135, 386, 29, 210, 184, 24, 180, 384, 232, 186, 498, 440, 0]
Volume: 4.5161
Cost: 14229
Route: [0, 459, 272, 13, 185, 242, 357, 267, 101, 143, 224, 57, 125, 474, 450, 331, 324, 226, 25, 286, 261, 487, 418, 0]
Volume: 4.982
Cost: 29009
Route: [0, 236, 90, 194, 262, 411, 488, 346, 342, 305, 104, 466, 38, 222, 461, 162, 451, 0]
Volume: 4.724
Cost: 16074
Route: [0, 220, 82, 429, 190, 385, 388, 43, 258, 130, 71, 94, 237, 293, 78, 370, 126, 360, 0]
Volume: 4.861
Cost: 27905
