OFV: 86652.0

Route: [0, 68, 78, 21, 24, 6, 81, 97, 56, 88, 64, 74, 86, 87, 90, 18, 16, 58, 36, 39, 10, 33, 31, 73, 35, 34, 15, 29, 40, 61, 1, 75, 69, 53, 49, 2, 12, 0]
Volume: 4.7006
Cost: 27158
Route: [0, 52, 32, 48, 98, 38, 51, 3, 46, 63, 65, 11, 41, 94, 17, 92, 28, 30, 66, 20, 14, 42, 25, 70, 82, 89, 43, 54, 57, 19, 44, 47, 83, 80, 26, 7, 67, 96, 59, 93, 91, 0]
Volume: 4.966
Cost: 39055
Route: [0, 23, 77, 85, 5, 37, 9, 62, 76, 79, 60, 22, 27, 55, 95, 50, 8, 72, 71, 84, 99, 13, 45, 4, 0]
Volume: 3.2015
Cost: 20439
