OFV: 563121.0

Route: [0, 81, 100, 70, 50, 69, 68, 95, 41, 181, 82, 156, 72, 191, 59, 221, 15, 195, 21, 236, 83, 229, 128, 47, 179, 177, 108, 137, 109, 215, 79, 164, 115, 212, 105, 26, 0]
Volume: 12.1519
Cost: 79595
Route: [0, 97, 184, 180, 106, 224, 145, 61, 234, 151, 169, 220, 44, 110, 42, 32, 99, 62, 185, 54, 126, 148, 118, 28, 60, 57, 125, 78, 233, 174, 43, 64, 122, 93, 158, 231, 52, 107, 226, 77, 11, 29, 198, 94, 0]
Volume: 12.314
Cost: 75576
Route: [0, 193, 188, 208, 171, 142, 92, 119, 40, 67, 1, 207, 10, 248, 127, 222, 51, 170, 37, 30, 160, 230, 103, 139, 56, 173, 102, 244, 149, 163, 197, 228, 247, 31, 86, 146, 76, 217, 58, 7, 192, 0]
Volume: 12.2142
Cost: 88365
Route: [0, 187, 45, 144, 205, 194, 63, 98, 168, 20, 141, 23, 203, 245, 202, 123, 182, 154, 172, 9, 117, 34, 121, 111, 27, 18, 138, 155, 135, 36, 199, 120, 237, 101, 130, 232, 38, 213, 0]
Volume: 12.4332
Cost: 86581
Route: [0, 239, 12, 25, 176, 19, 209, 227, 225, 90, 136, 89, 17, 157, 140, 131, 13, 8, 238, 167, 129, 4, 166, 211, 74, 175, 189, 39, 190, 206, 112, 249, 22, 223, 186, 116, 91, 132, 113, 246, 183, 235, 14, 114, 0]
Volume: 12.302
Cost: 114348
Route: [0, 3, 159, 66, 33, 75, 35, 241, 6, 88, 104, 210, 73, 133, 124, 196, 218, 16, 150, 143, 200, 96, 162, 24, 53, 153, 87, 48, 178, 214, 242, 5, 80, 147, 152, 165, 85, 216, 161, 49, 201, 46, 219, 65, 2, 55, 134, 84, 240, 243, 71, 204, 0]
Volume: 12.3493
Cost: 118656
