OFV: 3580044.0

Route: [0, 209, 91, 259, 355, 36, 207, 31, 393, 70, 223, 137, 276, 0]
Volume: 4.696
Cost: 51057
Route: [0, 178, 29, 452, 396, 349, 138, 455, 6, 143, 266, 164, 57, 0]
Volume: 4.9981
Cost: 89939
Route: [0, 301, 466, 296, 330, 240, 395, 444, 457, 453, 0]
Volume: 4.968
Cost: 67077
Route: [0, 40, 71, 293, 269, 81, 354, 193, 142, 125, 419, 0]
Volume: 4.9561
Cost: 57851
Route: [0, 222, 402, 307, 171, 194, 291, 187, 417, 250, 0]
Volume: 4.74
Cost: 52493
Route: [0, 405, 235, 200, 310, 489, 458, 283, 22, 406, 35, 0]
Volume: 4.976
Cost: 76306
Route: [0, 365, 254, 152, 338, 27, 403, 30, 0]
Volume: 4.986
Cost: 74643
Route: [0, 281, 380, 43, 397, 429, 465, 241, 320, 9, 0]
Volume: 4.986
Cost: 58191
Route: [0, 46, 312, 341, 473, 324, 208, 389, 368, 387, 119, 33, 493, 0]
Volume: 4.8941
Cost: 75056
Route: [0, 123, 350, 177, 262, 170, 305, 59, 434, 318, 192, 472, 196, 384, 163, 0]
Volume: 4.932
Cost: 67374
Route: [0, 92, 25, 364, 136, 415, 392, 447, 347, 432, 124, 264, 100, 111, 0]
Volume: 4.944
Cost: 81087
Route: [0, 245, 198, 366, 237, 248, 382, 411, 0]
Volume: 4.96
Cost: 63871
Route: [0, 388, 189, 375, 328, 439, 424, 66, 372, 0]
Volume: 4.852
Cost: 72635
Route: [0, 359, 160, 24, 435, 260, 226, 394, 0]
Volume: 4.6
Cost: 56202
Route: [0, 474, 42, 401, 37, 122, 385, 289, 0]
Volume: 4.856
Cost: 49668
Route: [0, 461, 249, 277, 206, 376, 478, 216, 133, 463, 228, 279, 0]
Volume: 4.906
Cost: 98861
Route: [0, 236, 285, 20, 460, 427, 174, 0]
Volume: 4.9479
Cost: 71045
Route: [0, 132, 127, 440, 88, 109, 323, 391, 45, 430, 345, 82, 15, 246, 0]
Volume: 4.988
Cost: 94457
Route: [0, 153, 176, 118, 348, 408, 247, 437, 0]
Volume: 4.978
Cost: 66165
Route: [0, 371, 10, 5, 334, 0]
Volume: 4.58
Cost: 51777
Route: [0, 34, 497, 167, 386, 300, 270, 211, 486, 90, 243, 271, 239, 0]
Volume: 4.998
Cost: 87947
Route: [0, 159, 446, 484, 95, 69, 213, 166, 275, 374, 202, 140, 63, 265, 77, 78, 0]
Volume: 4.9741
Cost: 72887
Route: [0, 255, 252, 456, 379, 390, 251, 150, 333, 442, 85, 157, 180, 0]
Volume: 5.0
Cost: 77435
Route: [0, 425, 335, 261, 148, 418, 294, 468, 287, 53, 218, 73, 13, 272, 317, 273, 358, 52, 309, 0]
Volume: 4.99
Cost: 89407
Route: [0, 467, 494, 469, 413, 2, 426, 357, 212, 298, 0]
Volume: 4.962
Cost: 67698
Route: [0, 267, 51, 337, 232, 304, 49, 0]
Volume: 4.98
Cost: 61536
Route: [0, 445, 44, 450, 431, 99, 195, 459, 14, 54, 102, 169, 423, 165, 253, 0]
Volume: 4.974
Cost: 74443
Route: [0, 149, 451, 471, 344, 339, 76, 139, 28, 12, 0]
Volume: 4.952
Cost: 77022
Route: [0, 19, 311, 61, 256, 331, 362, 410, 179, 205, 80, 490, 60, 0]
Volume: 4.996
Cost: 99557
Route: [0, 98, 274, 47, 361, 214, 154, 162, 147, 295, 290, 62, 39, 325, 491, 0]
Volume: 4.996
Cost: 85157
Route: [0, 306, 381, 227, 204, 329, 286, 449, 0]
Volume: 4.9841
Cost: 59664
Route: [0, 278, 282, 436, 221, 105, 110, 230, 288, 0]
Volume: 4.846
Cost: 68210
Route: [0, 210, 158, 220, 257, 479, 17, 41, 499, 476, 399, 1, 68, 0]
Volume: 4.934
Cost: 74114
Route: [0, 441, 229, 470, 172, 129, 308, 428, 50, 231, 383, 0]
Volume: 4.948
Cost: 90225
Route: [0, 238, 86, 336, 378, 443, 487, 181, 332, 32, 155, 101, 4, 0]
Volume: 4.984
Cost: 78861
Route: [0, 113, 7, 182, 146, 64, 121, 190, 0]
Volume: 4.964
Cost: 75130
Route: [0, 58, 351, 303, 492, 83, 421, 407, 244, 16, 191, 346, 0]
Volume: 4.996
Cost: 68144
Route: [0, 488, 322, 89, 84, 377, 242, 126, 72, 117, 0]
Volume: 4.9981
Cost: 81869
Route: [0, 367, 314, 420, 327, 197, 454, 219, 134, 485, 18, 0]
Volume: 4.9901
Cost: 73085
Route: [0, 258, 107, 201, 188, 475, 480, 297, 55, 175, 151, 79, 75, 128, 234, 0]
Volume: 5.0
Cost: 75243
Route: [0, 433, 145, 183, 26, 97, 448, 48, 21, 496, 56, 225, 299, 103, 0]
Volume: 4.9321
Cost: 85555
Route: [0, 168, 116, 353, 156, 356, 400, 224, 292, 0]
Volume: 4.88
Cost: 83906
Route: [0, 233, 161, 120, 482, 268, 106, 38, 217, 3, 67, 0]
Volume: 4.99
Cost: 83411
Route: [0, 185, 23, 184, 481, 11, 315, 0]
Volume: 4.984
Cost: 52816
Route: [0, 462, 416, 173, 319, 96, 302, 108, 74, 477, 343, 464, 0]
Volume: 4.9681
Cost: 85241
Route: [0, 414, 373, 215, 352, 284, 321, 360, 370, 412, 115, 8, 326, 0]
Volume: 4.916
Cost: 81075
Route: [0, 104, 342, 135, 112, 186, 87, 131, 483, 280, 93, 114, 498, 0]
Volume: 4.96
Cost: 74885
Route: [0, 438, 263, 199, 313, 94, 340, 141, 0]
Volume: 4.8881
Cost: 73446
Route: [0, 404, 130, 316, 495, 203, 369, 398, 144, 65, 422, 363, 409, 0]
Volume: 4.676
Cost: 46320
