OFV: 19542.0

Route: [0, 93, 63, 55, 34, 38, 60, 80, 16, 18, 5, 13, 25, 26, 94, 83, 58, 41, 6, 20, 14, 70, 12, 30, 47, 96, 98, 90, 61, 86, 15, 19, 81, 67, 69, 0]
Volume: 4.361
Cost: 6063
Route: [0, 22, 52, 82, 65, 44, 54, 21, 3, 10, 73, 75, 57, 37, 48, 74, 32, 68, 29, 4, 56, 85, 8, 78, 89, 39, 23, 95, 84, 64, 42, 76, 92, 27, 0]
Volume: 4.081
Cost: 8576
Route: [0, 50, 72, 24, 17, 2, 51, 31, 43, 36, 53, 79, 87, 66, 88, 97, 62, 91, 33, 49, 99, 1, 11, 59, 9, 7, 40, 71, 77, 45, 28, 46, 35, 0]
Volume: 3.1805
Cost: 4903
