OFV: 45674.0

Route: [0, 12, 65, 86, 76, 36, 63, 52, 78, 15, 90, 2, 4, 96, 16, 35, 59, 94, 33, 5, 27, 99, 50, 61, 72, 91, 11, 53, 89, 48, 10, 25, 43, 34, 82, 64, 1, 18, 85, 54, 83, 57, 70, 20, 26, 0]
Volume: 12.3991
Cost: 20119
Route: [0, 46, 22, 97, 28, 81, 38, 88, 31, 92, 77, 71, 21, 9, 73, 87, 68, 37, 56, 24, 40, 75, 98, 45, 51, 3, 41, 42, 13, 55, 32, 14, 17, 29, 67, 74, 84, 19, 79, 23, 6, 62, 69, 47, 30, 58, 44, 49, 39, 95, 8, 60, 66, 0]
Volume: 12.08
Cost: 24207
Route: [0, 7, 93, 80, 0]
Volume: 0.93
Cost: 1348
