OFV: 17539.0

Route: [0, 78, 13, 34, 55, 86, 7, 58, 21, 6, 91, 89, 40, 66, 65, 2, 72, 87, 90, 56, 99, 0]
Volume: 9.43
Cost: 2998
Route: [0, 67, 59, 24, 83, 62, 74, 95, 38, 45, 51, 85, 8, 71, 93, 98, 0]
Volume: 10.5163
Cost: 2609
Route: [0, 50, 11, 5, 70, 82, 33, 41, 46, 47, 53, 20, 77, 44, 42, 97, 26, 27, 96, 94, 29, 9, 92, 54, 63, 88, 0]
Volume: 9.854
Cost: 4953
Route: [0, 61, 18, 31, 81, 32, 75, 60, 3, 84, 68, 49, 12, 22, 0]
Volume: 9.486
Cost: 4052
Route: [0, 36, 23, 57, 80, 30, 17, 79, 10, 28, 76, 64, 73, 4, 43, 19, 69, 1, 39, 37, 35, 25, 48, 16, 52, 15, 14, 0]
Volume: 10.918
Cost: 2927
