OFV: 191964.0

Route: [0, 184, 105, 329, 60, 344, 246, 94, 12, 0]
Volume: 4.9261
Cost: 3366
Route: [0, 386, 339, 397, 142, 469, 259, 453, 211, 473, 422, 153, 101, 108, 63, 0]
Volume: 4.966
Cost: 4971
Route: [0, 273, 347, 203, 219, 126, 446, 26, 0]
Volume: 4.9081
Cost: 3188
Route: [0, 488, 402, 173, 156, 48, 3, 68, 51, 100, 387, 0]
Volume: 4.9939
Cost: 2569
Route: [0, 487, 25, 238, 345, 137, 373, 0]
Volume: 4.92
Cost: 2056
Route: [0, 365, 15, 57, 40, 158, 56, 30, 20, 147, 407, 167, 315, 50, 0]
Volume: 4.8619
Cost: 4499
Route: [0, 493, 410, 245, 252, 174, 169, 343, 336, 401, 403, 155, 0]
Volume: 4.95
Cost: 2978
Route: [0, 355, 400, 447, 4, 143, 283, 28, 459, 214, 0]
Volume: 4.946
Cost: 2543
Route: [0, 43, 82, 239, 59, 419, 27, 478, 171, 439, 0]
Volume: 3.9841
Cost: 2362
Route: [0, 6, 440, 154, 216, 265, 444, 164, 332, 159, 109, 16, 24, 0]
Volume: 4.9381
Cost: 4599
Route: [0, 356, 85, 62, 235, 73, 309, 206, 75, 118, 463, 84, 88, 279, 418, 499, 262, 0]
Volume: 4.7601
Cost: 3523
Route: [0, 457, 433, 289, 427, 301, 91, 303, 328, 188, 8, 0]
Volume: 4.694
Cost: 4371
Route: [0, 226, 163, 497, 160, 256, 218, 294, 268, 434, 1, 86, 0]
Volume: 4.97
Cost: 3802
Route: [0, 231, 361, 87, 491, 276, 425, 138, 0]
Volume: 4.886
Cost: 2461
Route: [0, 352, 442, 467, 368, 476, 210, 448, 382, 2, 157, 0]
Volume: 4.826
Cost: 4068
Route: [0, 202, 145, 498, 496, 205, 19, 258, 0]
Volume: 4.9881
Cost: 2967
Route: [0, 248, 217, 37, 14, 474, 331, 136, 0]
Volume: 4.96
Cost: 5470
Route: [0, 127, 42, 416, 200, 77, 443, 243, 236, 251, 326, 432, 0]
Volume: 4.946
Cost: 4205
Route: [0, 481, 485, 316, 207, 41, 69, 0]
Volume: 4.9281
Cost: 3585
Route: [0, 249, 350, 149, 264, 64, 247, 18, 178, 0]
Volume: 4.582
Cost: 2088
Route: [0, 358, 441, 271, 471, 49, 78, 0]
Volume: 4.932
Cost: 2432
Route: [0, 111, 121, 412, 340, 179, 234, 404, 391, 304, 477, 134, 23, 46, 272, 266, 292, 168, 96, 0]
Volume: 4.982
Cost: 4449
Route: [0, 128, 411, 208, 420, 224, 390, 199, 307, 176, 415, 323, 378, 166, 324, 0]
Volume: 4.382
Cost: 4979
Route: [0, 375, 449, 351, 10, 58, 162, 55, 90, 79, 380, 99, 298, 0]
Volume: 4.85
Cost: 3467
Route: [0, 54, 479, 269, 287, 424, 335, 257, 83, 320, 374, 0]
Volume: 4.7901
Cost: 6382
Route: [0, 104, 112, 193, 260, 319, 33, 98, 187, 0]
Volume: 4.9861
Cost: 3955
Route: [0, 215, 122, 482, 139, 237, 389, 311, 92, 0]
Volume: 4.726
Cost: 4156
Route: [0, 429, 366, 230, 409, 177, 334, 451, 370, 185, 0]
Volume: 4.6661
Cost: 3220
Route: [0, 223, 465, 417, 362, 484, 113, 129, 300, 228, 0]
Volume: 4.368
Cost: 2348
Route: [0, 302, 270, 114, 296, 186, 367, 460, 468, 490, 0]
Volume: 4.982
Cost: 2896
Route: [0, 254, 244, 232, 405, 285, 284, 342, 52, 181, 0]
Volume: 4.924
Cost: 2625
Route: [0, 381, 398, 306, 430, 175, 281, 241, 0]
Volume: 4.572
Cost: 2954
Route: [0, 17, 282, 267, 107, 492, 385, 290, 35, 363, 392, 0]
Volume: 4.864
Cost: 5848
Route: [0, 201, 229, 341, 212, 455, 377, 131, 31, 445, 0]
Volume: 4.726
Cost: 6911
Route: [0, 93, 359, 288, 325, 413, 132, 396, 274, 22, 438, 426, 182, 117, 0]
Volume: 4.1
Cost: 3063
Route: [0, 423, 133, 348, 198, 240, 458, 5, 170, 110, 0]
Volume: 4.934
Cost: 3336
Route: [0, 353, 346, 242, 384, 221, 227, 144, 0]
Volume: 4.706
Cost: 2527
Route: [0, 466, 263, 293, 44, 146, 125, 115, 197, 97, 80, 0]
Volume: 4.63
Cost: 2716
Route: [0, 399, 364, 189, 222, 470, 119, 233, 0]
Volume: 2.678
Cost: 2758
Route: [0, 261, 394, 29, 102, 278, 151, 462, 489, 194, 464, 172, 148, 452, 53, 130, 0]
Volume: 4.906
Cost: 3516
Route: [0, 317, 437, 327, 280, 371, 67, 486, 349, 32, 0]
Volume: 4.828
Cost: 3925
Route: [0, 161, 213, 338, 408, 450, 495, 95, 11, 61, 66, 150, 475, 180, 0]
Volume: 4.706
Cost: 4828
Route: [0, 428, 120, 314, 190, 483, 456, 310, 0]
Volume: 4.8361
Cost: 2887
Route: [0, 204, 34, 299, 45, 65, 89, 275, 369, 322, 135, 0]
Volume: 4.996
Cost: 5988
Route: [0, 295, 195, 183, 286, 312, 21, 406, 225, 72, 106, 0]
Volume: 4.032
Cost: 4861
Route: [0, 308, 414, 436, 360, 39, 354, 305, 395, 379, 318, 330, 472, 313, 0]
Volume: 4.4321
Cost: 2158
Route: [0, 454, 277, 480, 253, 13, 0]
Volume: 4.776
Cost: 3618
Route: [0, 71, 297, 70, 81, 7, 141, 36, 0]
Volume: 4.4621
Cost: 3277
Route: [0, 494, 124, 393, 9, 250, 165, 291, 461, 0]
Volume: 4.464
Cost: 3059
Route: [0, 220, 74, 357, 388, 38, 196, 421, 255, 0]
Volume: 4.796
Cost: 4109
Route: [0, 376, 123, 152, 140, 191, 321, 435, 76, 103, 0]
Volume: 4.97
Cost: 4961
Route: [0, 337, 47, 372, 431, 383, 333, 116, 209, 192, 0]
Volume: 4.978
Cost: 4084
