OFV: 41639.0

Route: [0, 243, 71, 124, 55, 134, 84, 181, 235, 14, 114, 240, 35, 239, 88, 7, 0]
Volume: 8.4042
Cost: 4086
Route: [0, 97, 32, 37, 170, 128, 153, 87, 53, 6, 218, 196, 133, 200, 143, 15, 8, 156, 76, 191, 192, 3, 159, 66, 0]
Volume: 9.642
Cost: 3402
Route: [0, 45, 210, 129, 123, 116, 12, 25, 176, 227, 225, 209, 189, 19, 175, 74, 211, 4, 166, 136, 90, 39, 190, 206, 112, 249, 22, 223, 186, 23, 99, 232, 0]
Volume: 12.0761
Cost: 8110
Route: [0, 81, 100, 217, 47, 30, 103, 230, 160, 197, 163, 149, 244, 102, 173, 56, 139, 229, 117, 34, 28, 158, 64, 93, 122, 0]
Volume: 12.2021
Cost: 3624
Route: [0, 105, 148, 237, 220, 169, 241, 132, 91, 104, 48, 214, 178, 242, 147, 80, 165, 152, 5, 85, 179, 2, 42, 224, 0]
Volume: 11.202
Cost: 3402
Route: [0, 187, 41, 167, 73, 89, 17, 157, 238, 140, 13, 131, 95, 246, 183, 113, 59, 86, 31, 228, 247, 83, 202, 203, 245, 78, 26, 0]
Volume: 11.71
Cost: 4058
Route: [0, 38, 199, 154, 172, 182, 126, 75, 57, 101, 151, 234, 61, 145, 108, 49, 216, 161, 201, 46, 195, 96, 162, 24, 177, 144, 146, 204, 0]
Volume: 11.322
Cost: 3697
Route: [0, 180, 125, 194, 205, 118, 52, 107, 226, 77, 233, 174, 44, 188, 193, 110, 40, 92, 67, 119, 142, 207, 1, 10, 248, 127, 222, 51, 54, 184, 0]
Volume: 10.92
Cost: 3743
Route: [0, 33, 137, 65, 219, 72, 58, 221, 16, 21, 150, 236, 121, 18, 111, 27, 138, 69, 68, 50, 70, 155, 135, 36, 106, 0]
Volume: 10.4721
Cost: 3479
Route: [0, 130, 62, 43, 231, 60, 9, 185, 63, 98, 168, 171, 208, 141, 20, 82, 109, 215, 164, 79, 115, 212, 120, 11, 213, 94, 29, 198, 0]
Volume: 11.384
Cost: 4038
