OFV: 175111.0

Route: [0, 127, 76, 198, 55, 116, 30, 135, 38, 100, 128, 247, 63, 33, 53, 131, 104, 56, 75, 17, 228, 242, 23, 162, 15, 146, 11, 220, 235, 156, 105, 187, 22, 124, 219, 101, 244, 190, 152, 19, 153, 97, 142, 240, 46, 132, 74, 64, 54, 14, 10, 0]
Volume: 12.492
Cost: 39601
Route: [0, 145, 237, 180, 189, 80, 125, 83, 229, 206, 211, 6, 3, 174, 95, 175, 61, 122, 34, 214, 160, 140, 16, 110, 238, 81, 173, 13, 62, 120, 239, 204, 92, 202, 67, 28, 218, 155, 111, 66, 41, 0]
Volume: 12.391
Cost: 24318
Route: [0, 88, 119, 130, 47, 143, 191, 205, 1, 20, 144, 225, 194, 246, 12, 59, 137, 199, 24, 94, 149, 48, 158, 5, 185, 203, 207, 212, 159, 4, 52, 57, 39, 226, 183, 201, 103, 77, 249, 248, 40, 44, 148, 126, 147, 86, 113, 45, 42, 65, 0]
Volume: 12.2842
Cost: 37082
Route: [0, 163, 227, 170, 68, 32, 109, 106, 102, 90, 37, 184, 115, 232, 25, 138, 188, 98, 123, 157, 171, 87, 117, 234, 182, 167, 96, 2, 172, 85, 224, 179, 72, 36, 84, 69, 73, 26, 215, 177, 223, 241, 0]
Volume: 11.639
Cost: 31350
Route: [0, 154, 7, 8, 236, 21, 166, 43, 243, 9, 134, 78, 51, 71, 192, 91, 178, 79, 82, 196, 133, 168, 231, 18, 114, 222, 0]
Volume: 6.3529
Cost: 15709
Route: [0, 50, 129, 245, 99, 164, 151, 29, 217, 27, 121, 186, 197, 118, 161, 136, 139, 108, 200, 49, 169, 150, 209, 181, 141, 60, 58, 112, 31, 213, 70, 193, 230, 210, 35, 208, 221, 233, 89, 176, 216, 93, 195, 165, 107, 0]
Volume: 9.6381
Cost: 27051
