OFV: 8717.0

Route: [0, 80, 91, 21, 6, 37, 35, 11, 81, 74, 9, 17, 52, 41, 89, 27, 26, 61, 67, 70, 43, 0]
Volume: 7.594
Cost: 2222
Route: [0, 29, 47, 97, 32, 40, 88, 59, 46, 95, 93, 33, 77, 14, 16, 10, 42, 18, 36, 62, 8, 39, 2, 5, 69, 3, 0]
Volume: 12.062
Cost: 1552
Route: [0, 12, 30, 57, 96, 4, 53, 13, 55, 64, 19, 49, 78, 82, 63, 66, 84, 98, 44, 28, 72, 1, 48, 51, 99, 38, 0]
Volume: 12.09
Cost: 3093
Route: [0, 20, 24, 23, 75, 15, 58, 56, 76, 68, 45, 71, 86, 87, 22, 31, 85, 92, 65, 25, 73, 90, 94, 60, 34, 54, 50, 7, 83, 79, 0]
Volume: 12.2902
Cost: 1850
