OFV: 273073.0

Route: [0, 196, 30, 7, 241, 35, 151, 38, 107, 44, 150, 153, 46, 20, 202, 185, 59, 175, 232, 57, 137, 129, 8, 136, 0]
Volume: 4.9621
Cost: 24134
Route: [0, 9, 19, 197, 10, 237, 200, 25, 73, 158, 156, 41, 161, 183, 122, 216, 24, 32, 14, 91, 81, 71, 157, 118, 65, 0]
Volume: 4.634
Cost: 23305
Route: [0, 117, 83, 39, 238, 98, 69, 43, 16, 2, 177, 199, 148, 173, 246, 66, 249, 162, 0]
Volume: 4.833
Cost: 17362
Route: [0, 52, 76, 102, 106, 215, 188, 244, 51, 63, 146, 78, 187, 163, 0]
Volume: 3.669
Cost: 14530
Route: [0, 213, 87, 103, 170, 234, 191, 171, 47, 50, 23, 203, 68, 99, 212, 164, 0]
Volume: 4.5421
Cost: 11233
Route: [0, 201, 155, 114, 145, 49, 227, 86, 204, 88, 119, 95, 178, 115, 140, 230, 229, 190, 67, 211, 80, 55, 225, 126, 208, 58, 0]
Volume: 4.669
Cost: 34371
Route: [0, 144, 94, 143, 214, 141, 127, 18, 207, 123, 181, 124, 160, 220, 228, 104, 12, 189, 21, 128, 0]
Volume: 4.477
Cost: 32307
Route: [0, 56, 231, 15, 245, 159, 105, 224, 209, 42, 17, 210, 149, 132, 53, 79, 27, 6, 247, 77, 194, 31, 169, 0]
Volume: 4.963
Cost: 20445
Route: [0, 70, 4, 242, 110, 180, 40, 195, 45, 100, 152, 179, 236, 54, 130, 34, 74, 90, 120, 135, 184, 219, 165, 0]
Volume: 4.665
Cost: 28457
Route: [0, 248, 168, 3, 233, 125, 142, 37, 116, 5, 62, 101, 60, 223, 240, 138, 112, 134, 0]
Volume: 4.836
Cost: 17757
Route: [0, 192, 92, 82, 72, 26, 29, 61, 64, 28, 193, 48, 13, 205, 133, 206, 0]
Volume: 4.248
Cost: 15242
Route: [0, 109, 243, 172, 218, 222, 89, 33, 111, 186, 226, 154, 239, 97, 174, 108, 84, 0]
Volume: 4.663
Cost: 15854
Route: [0, 131, 221, 36, 139, 182, 166, 11, 22, 93, 85, 121, 235, 75, 147, 198, 217, 113, 96, 1, 167, 176, 0]
Volume: 4.955
Cost: 18076
