OFV: 43992.0

Route: [0, 149, 166, 213, 79, 37, 165, 164, 18, 10, 118, 136, 159, 31, 39, 172, 123, 135, 2, 62, 83, 127, 94, 44, 221, 11, 145, 185, 211, 217, 92, 85, 48, 157, 200, 163, 0]
Volume: 8.964
Cost: 5463
Route: [0, 75, 209, 162, 13, 15, 73, 52, 27, 64, 204, 84, 69, 22, 56, 170, 87, 218, 168, 36, 206, 230, 156, 153, 5, 232, 93, 131, 100, 186, 28, 98, 238, 66, 67, 122, 70, 105, 14, 32, 239, 0]
Volume: 12.395
Cost: 10704
Route: [0, 207, 7, 38, 176, 140, 101, 53, 178, 201, 184, 54, 103, 193, 49, 231, 124, 227, 219, 121, 152, 26, 198, 115, 128, 160, 90, 132, 55, 29, 120, 42, 74, 143, 188, 108, 96, 88, 81, 57, 104, 86, 20, 228, 43, 187, 116, 215, 60, 208, 0]
Volume: 12.139
Cost: 6566
Route: [0, 182, 9, 25, 114, 192, 235, 190, 142, 174, 138, 151, 146, 50, 82, 161, 1, 137, 119, 77, 33, 133, 78, 241, 107, 130, 205, 144, 4, 167, 210, 45, 91, 21, 212, 181, 141, 169, 148, 224, 0]
Volume: 9.0741
Cost: 6817
Route: [0, 35, 189, 203, 65, 110, 80, 240, 24, 194, 63, 196, 197, 6, 139, 202, 46, 109, 147, 243, 125, 102, 158, 68, 216, 99, 72, 249, 51, 242, 40, 71, 41, 179, 106, 95, 195, 19, 47, 248, 17, 8, 236, 220, 0]
Volume: 12.3751
Cost: 6483
Route: [0, 89, 58, 126, 76, 177, 117, 34, 171, 23, 229, 112, 199, 244, 150, 154, 12, 225, 173, 180, 97, 30, 61, 223, 175, 134, 233, 234, 3, 183, 247, 129, 237, 246, 155, 245, 191, 226, 222, 214, 59, 111, 113, 16, 0]
Volume: 11.639
Cost: 7959
