OFV: 44932.0

Route: [0, 163, 149, 185, 203, 207, 5, 159, 4, 37, 184, 115, 232, 25, 138, 0]
Volume: 4.9701
Cost: 3390
Route: [0, 50, 151, 29, 212, 227, 170, 226, 6, 3, 174, 87, 171, 98, 44, 148, 126, 0]
Volume: 4.9221
Cost: 3727
Route: [0, 127, 217, 27, 165, 107, 26, 73, 69, 108, 181, 169, 150, 209, 200, 49, 131, 0]
Volume: 4.909
Cost: 3011
Route: [0, 51, 91, 192, 178, 79, 82, 114, 231, 168, 18, 133, 196, 71, 9, 134, 78, 243, 43, 166, 21, 236, 8, 88, 0]
Volume: 4.951
Cost: 2375
Route: [0, 53, 104, 56, 28, 162, 15, 220, 11, 146, 17, 235, 105, 187, 101, 152, 19, 153, 0]
Volume: 4.991
Cost: 3454
Route: [0, 22, 124, 219, 156, 228, 242, 23, 230, 210, 35, 110, 238, 81, 173, 31, 213, 193, 70, 75, 244, 190, 218, 66, 155, 111, 41, 0]
Volume: 4.9831
Cost: 4955
Route: [0, 248, 40, 123, 157, 117, 234, 182, 167, 216, 89, 176, 93, 95, 61, 34, 175, 122, 233, 221, 208, 214, 160, 140, 16, 0]
Volume: 4.787
Cost: 5377
Route: [0, 30, 76, 198, 55, 116, 135, 100, 128, 38, 247, 33, 63, 241, 177, 223, 215, 86, 113, 45, 42, 65, 0]
Volume: 4.388
Cost: 2819
Route: [0, 222, 119, 99, 164, 129, 245, 94, 106, 102, 90, 52, 32, 68, 109, 57, 39, 103, 188, 183, 77, 201, 249, 0]
Volume: 4.913
Cost: 4668
Route: [0, 154, 64, 46, 74, 132, 240, 54, 97, 142, 14, 10, 7, 0]
Volume: 1.763
Cost: 1410
Route: [0, 36, 84, 121, 186, 197, 118, 161, 136, 139, 141, 60, 13, 62, 58, 112, 120, 202, 67, 92, 239, 204, 0]
Volume: 4.8641
Cost: 3365
Route: [0, 48, 158, 24, 246, 12, 59, 137, 199, 130, 194, 144, 20, 1, 205, 191, 225, 47, 143, 0]
Volume: 4.138
Cost: 2871
Route: [0, 145, 147, 237, 180, 189, 80, 83, 125, 229, 206, 211, 72, 2, 172, 224, 179, 85, 96, 195, 0]
Volume: 4.965
Cost: 3510
