OFV: 106745.0

Route: [0, 377, 129, 196, 428, 230, 368, 352, 194, 367, 346, 484, 363, 173, 385, 259, 139, 30, 83, 26, 3, 151, 299, 436, 188, 48, 103, 277, 16, 286, 332, 10, 116, 372, 338, 445, 96, 420, 310, 421, 374, 336, 170, 18, 410, 34, 394, 482, 323, 423, 192, 287, 362, 38, 99, 317, 303, 278, 148, 424, 457, 485, 128, 114, 124, 366, 130, 276, 290, 115, 0]
Volume: 10.2305
Cost: 15197
Route: [0, 444, 438, 55, 24, 269, 282, 239, 177, 73, 427, 67, 209, 2, 243, 493, 163, 140, 186, 137, 274, 79, 340, 459, 85, 293, 453, 450, 294, 171, 396, 449, 121, 253, 470, 451, 75, 494, 111, 22, 460, 391, 7, 118, 344, 233, 37, 161, 407, 222, 69, 416, 446, 314, 357, 414, 376, 265, 189, 343, 27, 361, 252, 191, 382, 152, 384, 316, 41, 205, 110, 480, 0]
Volume: 8.8581
Cost: 15206
Route: [0, 165, 122, 474, 309, 158, 245, 271, 143, 321, 401, 413, 490, 465, 345, 341, 298, 227, 455, 388, 334, 347, 325, 184, 147, 5, 31, 443, 59, 127, 206, 254, 21, 405, 105, 337, 169, 496, 355, 145, 6, 36, 261, 308, 335, 54, 40, 462, 452, 339, 160, 0]
Volume: 6.8376
Cost: 10942
Route: [0, 295, 167, 93, 468, 9, 292, 285, 422, 296, 58, 134, 28, 87, 29, 106, 8, 172, 195, 125, 126, 467, 393, 250, 89, 39, 386, 370, 123, 477, 66, 267, 297, 174, 98, 351, 411, 14, 371, 488, 241, 498, 113, 301, 13, 247, 84, 74, 45, 469, 53, 0]
Volume: 6.7581
Cost: 11852
Route: [0, 25, 234, 324, 132, 306, 479, 193, 187, 431, 117, 260, 86, 499, 426, 487, 273, 284, 185, 471, 419, 434, 216, 378, 364, 226, 387, 262, 91, 136, 318, 304, 429, 168, 64, 240, 183, 62, 264, 57, 356, 400, 46, 389, 43, 399, 330, 221, 255, 63, 390, 397, 329, 100, 154, 437, 180, 88, 483, 112, 201, 104, 142, 50, 461, 383, 107, 491, 94, 157, 35, 179, 102, 466, 198, 81, 257, 135, 199, 109, 97, 219, 305, 315, 478, 408, 0]
Volume: 10.2285
Cost: 16491
Route: [0, 283, 203, 23, 489, 307, 156, 33, 281, 237, 291, 398, 251, 256, 200, 458, 224, 442, 454, 211, 32, 138, 190, 235, 463, 322, 133, 439, 92, 56, 218, 379, 20, 418, 44, 435, 155, 350, 146, 342, 77, 61, 497, 244, 353, 415, 448, 425, 12, 51, 268, 263, 229, 354, 279, 131, 412, 214, 272, 19, 492, 164, 207, 275, 481, 120, 430, 311, 395, 440, 360, 270, 1, 153, 403, 220, 409, 464, 15, 328, 300, 349, 42, 149, 65, 68, 72, 242, 0]
Volume: 12.3685
Cost: 18009
Route: [0, 228, 333, 70, 302, 71, 327, 215, 375, 365, 178, 204, 319, 159, 312, 266, 213, 359, 380, 175, 17, 197, 280, 313, 202, 80, 320, 232, 231, 101, 404, 476, 217, 456, 495, 11, 210, 249, 358, 248, 119, 236, 417, 381, 47, 392, 246, 475, 4, 52, 182, 432, 225, 473, 162, 82, 141, 402, 76, 447, 212, 288, 181, 406, 176, 150, 258, 331, 49, 144, 95, 373, 108, 348, 289, 472, 60, 369, 90, 326, 486, 433, 441, 78, 208, 223, 166, 238, 0]
Volume: 11.4624
Cost: 19048
