OFV: 604670.0

Route: [0, 130, 223, 246, 67, 44, 117, 102, 124, 217, 214, 151, 54, 3, 135, 35, 112, 159, 106, 204, 0]
Volume: 4.6751
Cost: 48526
Route: [0, 27, 137, 118, 109, 208, 185, 138, 201, 22, 128, 220, 212, 131, 144, 249, 73, 9, 197, 150, 108, 0]
Volume: 4.883
Cost: 49482
Route: [0, 19, 105, 207, 175, 55, 228, 5, 53, 24, 163, 33, 184, 42, 94, 23, 46, 116, 0]
Volume: 4.7
Cost: 43149
Route: [0, 41, 183, 96, 188, 1, 51, 63, 62, 61, 134, 81, 233, 239, 247, 26, 236, 0]
Volume: 4.066
Cost: 36323
Route: [0, 186, 198, 93, 38, 68, 10, 100, 79, 161, 86, 174, 243, 83, 123, 98, 209, 52, 28, 0]
Volume: 4.994
Cost: 77064
Route: [0, 39, 158, 200, 215, 50, 8, 199, 245, 92, 89, 229, 107, 211, 85, 168, 0]
Volume: 4.907
Cost: 27829
Route: [0, 49, 88, 152, 218, 180, 155, 70, 149, 90, 227, 95, 164, 141, 191, 125, 224, 232, 30, 47, 170, 84, 0]
Volume: 4.9139
Cost: 40424
Route: [0, 56, 20, 14, 146, 74, 60, 12, 178, 230, 36, 69, 43, 101, 77, 80, 240, 195, 0]
Volume: 4.933
Cost: 35947
Route: [0, 45, 226, 140, 76, 48, 119, 31, 216, 231, 110, 91, 171, 147, 115, 29, 189, 37, 157, 114, 0]
Volume: 4.989
Cost: 52650
Route: [0, 25, 142, 213, 13, 72, 129, 210, 165, 182, 241, 248, 156, 4, 139, 219, 206, 15, 104, 7, 87, 169, 145, 176, 148, 242, 0]
Volume: 4.962
Cost: 56973
Route: [0, 103, 111, 127, 172, 190, 66, 32, 203, 238, 65, 244, 181, 17, 136, 2, 154, 0]
Volume: 4.8881
Cost: 39965
Route: [0, 133, 205, 57, 64, 192, 162, 99, 18, 173, 177, 222, 234, 202, 179, 59, 196, 16, 0]
Volume: 4.9491
Cost: 43388
Route: [0, 58, 193, 97, 82, 237, 194, 120, 225, 143, 167, 153, 187, 221, 166, 126, 40, 132, 34, 160, 113, 71, 122, 235, 11, 6, 78, 121, 75, 21, 0]
Volume: 4.745
Cost: 52950
