OFV: 82611.0

Route: [0, 44, 54, 63, 88, 92, 96, 94, 9, 29, 38, 85, 8, 71, 47, 53, 46, 33, 41, 20, 77, 93, 98, 0]
Volume: 10.6462
Cost: 18553
Route: [0, 78, 13, 34, 55, 86, 7, 58, 21, 87, 72, 91, 89, 65, 2, 90, 56, 99, 6, 0]
Volume: 8.53
Cost: 11518
Route: [0, 66, 40, 61, 18, 31, 81, 75, 32, 60, 3, 84, 68, 49, 12, 22, 0]
Volume: 10.386
Cost: 20390
Route: [0, 43, 19, 39, 1, 37, 35, 69, 25, 48, 16, 52, 15, 14, 50, 11, 5, 74, 95, 45, 51, 26, 42, 97, 27, 0]
Volume: 10.6381
Cost: 15181
Route: [0, 67, 70, 59, 24, 83, 62, 82, 10, 79, 73, 4, 28, 76, 64, 57, 80, 30, 23, 17, 36, 0]
Volume: 10.004
Cost: 16969
