OFV: 90512.0

Route: [0, 45, 14, 40, 6, 53, 99, 59, 79, 64, 66, 54, 0]
Volume: 4.74
Cost: 8705
Route: [0, 55, 18, 58, 71, 86, 96, 51, 75, 35, 0]
Volume: 4.992
Cost: 9484
Route: [0, 26, 31, 13, 24, 56, 94, 38, 32, 9, 0]
Volume: 4.966
Cost: 10895
Route: [0, 76, 97, 98, 41, 67, 37, 25, 61, 72, 91, 0]
Volume: 4.976
Cost: 9044
Route: [0, 11, 20, 33, 29, 19, 42, 22, 46, 85, 82, 0]
Volume: 4.878
Cost: 7924
Route: [0, 47, 16, 70, 74, 15, 21, 62, 77, 90, 0]
Volume: 3.37
Cost: 8613
Route: [0, 57, 27, 43, 34, 93, 5, 68, 23, 69, 92, 30, 73, 0]
Volume: 4.306
Cost: 12187
Route: [0, 63, 88, 83, 36, 65, 81, 17, 44, 1, 4, 0]
Volume: 4.8081
Cost: 10396
Route: [0, 12, 39, 28, 0]
Volume: 3.692
Cost: 3003
Route: [0, 95, 78, 49, 2, 52, 80, 10, 3, 50, 0]
Volume: 4.988
Cost: 6577
Route: [0, 60, 7, 87, 48, 84, 89, 8, 0]
Volume: 3.698
Cost: 3684
