OFV: 22765.0

Route: [0, 88, 19, 44, 38, 83, 95, 33, 81, 8, 41, 98, 35, 26, 61, 14, 65, 9, 22, 51, 97, 28, 89, 0]
Volume: 4.812
Cost: 6332
Route: [0, 12, 72, 82, 85, 90, 16, 52, 60, 13, 67, 93, 27, 37, 43, 87, 4, 92, 94, 17, 11, 24, 0]
Volume: 4.96
Cost: 3264
Route: [0, 73, 56, 47, 5, 29, 80, 15, 39, 53, 36, 49, 62, 55, 57, 76, 69, 32, 2, 48, 64, 96, 77, 0]
Volume: 4.2751
Cost: 4697
Route: [0, 30, 42, 91, 46, 21, 31, 99, 75, 66, 1, 18, 40, 54, 34, 20, 3, 58, 45, 0]
Volume: 4.6881
Cost: 4315
Route: [0, 7, 59, 84, 68, 10, 23, 78, 70, 50, 71, 79, 6, 86, 63, 25, 74, 0]
Volume: 4.777
Cost: 4157
