OFV: 112932.0

Route: [0, 444, 193, 187, 479, 324, 132, 306, 431, 362, 319, 378, 364, 226, 499, 419, 426, 487, 273, 185, 284, 471, 86, 262, 117, 260, 387, 434, 216, 317, 38, 99, 303, 159, 312, 197, 280, 266, 213, 359, 380, 175, 17, 305, 315, 0]
Volume: 9.7822
Cost: 11342
Route: [0, 228, 333, 70, 24, 269, 282, 239, 177, 73, 427, 67, 209, 2, 0]
Volume: 3.563
Cost: 3833
Route: [0, 181, 475, 47, 392, 246, 217, 476, 404, 456, 4, 52, 188, 48, 288, 277, 16, 484, 346, 367, 232, 231, 332, 286, 352, 230, 368, 194, 80, 320, 363, 173, 385, 259, 101, 0]
Volume: 9.3509
Cost: 8301
Route: [0, 331, 49, 166, 223, 441, 78, 208, 449, 253, 121, 470, 451, 75, 111, 494, 69, 222, 407, 161, 37, 233, 344, 118, 189, 88, 36, 15, 300, 328, 104, 142, 201, 349, 261, 308, 335, 54, 40, 462, 452, 339, 160, 245, 33, 156, 0]
Volume: 12.328
Cost: 8156
Route: [0, 438, 55, 304, 124, 114, 457, 485, 128, 424, 148, 278, 313, 202, 439, 92, 56, 218, 20, 418, 44, 435, 155, 350, 10, 34, 394, 116, 372, 338, 445, 420, 310, 96, 421, 61, 299, 436, 182, 432, 473, 225, 162, 267, 123, 477, 66, 297, 174, 94, 157, 41, 81, 199, 109, 97, 219, 0]
Volume: 12.357
Cost: 14306
Route: [0, 25, 234, 235, 463, 133, 322, 77, 342, 146, 190, 138, 379, 374, 336, 170, 18, 410, 139, 119, 236, 417, 381, 425, 12, 51, 268, 263, 229, 354, 32, 454, 442, 458, 224, 211, 200, 256, 498, 113, 301, 13, 247, 84, 74, 45, 469, 53, 0]
Volume: 10.4791
Cost: 12061
Route: [0, 480, 50, 461, 383, 107, 491, 35, 179, 102, 466, 198, 98, 351, 411, 272, 214, 131, 412, 279, 19, 82, 141, 244, 353, 497, 415, 448, 76, 402, 447, 212, 495, 358, 248, 11, 249, 210, 83, 30, 26, 3, 151, 103, 406, 176, 150, 258, 0]
Volume: 11.4992
Cost: 9237
Route: [0, 482, 323, 423, 192, 287, 91, 136, 318, 178, 204, 365, 375, 276, 130, 366, 290, 115, 167, 93, 243, 468, 9, 292, 87, 28, 29, 285, 422, 296, 58, 134, 106, 195, 172, 8, 125, 393, 467, 126, 274, 493, 163, 137, 140, 186, 0]
Volume: 11.016
Cost: 10363
Route: [0, 295, 215, 327, 71, 302, 250, 89, 370, 386, 39, 79, 459, 340, 85, 293, 453, 171, 396, 294, 450, 391, 7, 416, 446, 314, 357, 414, 373, 108, 348, 289, 472, 60, 369, 90, 326, 486, 433, 238, 478, 408, 0]
Volume: 12.2752
Cost: 9270
Route: [0, 165, 122, 474, 203, 283, 23, 489, 307, 281, 237, 291, 398, 251, 241, 488, 14, 371, 257, 135, 271, 143, 321, 401, 490, 413, 345, 465, 341, 298, 227, 455, 388, 334, 347, 325, 184, 147, 153, 1, 254, 21, 127, 59, 206, 405, 105, 169, 337, 496, 355, 145, 65, 149, 0]
Volume: 10.799
Cost: 11270
Route: [0, 377, 129, 196, 428, 460, 22, 429, 168, 64, 400, 356, 46, 389, 43, 399, 330, 221, 255, 63, 57, 264, 62, 390, 240, 183, 397, 329, 100, 154, 437, 180, 6, 42, 68, 72, 242, 0]
Volume: 9.115
Cost: 7080
Route: [0, 144, 95, 112, 483, 464, 409, 220, 403, 5, 31, 443, 481, 275, 207, 164, 492, 120, 430, 311, 395, 360, 440, 270, 376, 265, 343, 27, 361, 252, 191, 382, 152, 384, 316, 205, 110, 309, 158, 0]
Volume: 10.8741
Cost: 7713
