OFV: 1284595.0

Route: [0, 276, 290, 289, 52, 145, 196, 494, 197, 338, 93, 348, 177, 48, 97, 320, 245, 256, 454, 100, 324, 492, 121, 82, 389, 216, 219, 0]
Volume: 12.466
Cost: 105221
Route: [0, 131, 218, 137, 373, 204, 275, 115, 51, 260, 410, 285, 244, 214, 493, 416, 16, 413, 99, 465, 26, 315, 120, 161, 171, 92, 281, 395, 0]
Volume: 12.246
Cost: 60795
Route: [0, 129, 359, 136, 262, 408, 397, 248, 53, 381, 455, 237, 123, 193, 443, 104, 287, 13, 143, 88, 125, 102, 489, 384, 258, 67, 0]
Volume: 12.1683
Cost: 52610
Route: [0, 427, 268, 74, 401, 299, 466, 360, 116, 59, 217, 89, 431, 140, 41, 205, 312, 301, 96, 227, 376, 278, 0]
Volume: 12.1482
Cost: 48543
Route: [0, 178, 266, 269, 8, 252, 417, 133, 12, 122, 109, 32, 54, 225, 313, 327, 424, 437, 367, 209, 387, 166, 112, 482, 393, 167, 221, 326, 294, 322, 366, 208, 471, 0]
Volume: 12.446
Cost: 71302
Route: [0, 460, 440, 336, 27, 198, 284, 495, 61, 232, 134, 144, 396, 478, 192, 491, 310, 253, 403, 291, 223, 480, 226, 6, 446, 368, 7, 0]
Volume: 12.374
Cost: 70476
Route: [0, 68, 188, 307, 173, 75, 201, 331, 163, 4, 435, 187, 176, 332, 95, 370, 488, 311, 147, 498, 215, 333, 425, 58, 238, 430, 174, 183, 0]
Volume: 11.8081
Cost: 61273
Route: [0, 206, 212, 457, 80, 79, 279, 272, 42, 181, 57, 29, 280, 487, 434, 486, 249, 328, 273, 241, 364, 303, 347, 25, 106, 98, 0]
Volume: 12.37
Cost: 67795
Route: [0, 470, 5, 114, 149, 40, 250, 43, 349, 124, 321, 239, 330, 398, 71, 459, 481, 117, 484, 240, 467, 354, 433, 108, 46, 0]
Volume: 11.704
Cost: 44751
Route: [0, 202, 83, 110, 111, 24, 406, 314, 490, 405, 352, 292, 343, 382, 126, 132, 288, 242, 340, 175, 390, 448, 429, 101, 399, 264, 305, 86, 0]
Volume: 12.4061
Cost: 69615
Route: [0, 184, 350, 60, 309, 428, 191, 449, 203, 342, 11, 452, 39, 283, 228, 157, 357, 414, 28, 168, 31, 0]
Volume: 12.196
Cost: 61494
Route: [0, 362, 479, 246, 64, 436, 179, 377, 473, 316, 255, 44, 17, 270, 172, 300, 444, 233, 419, 141, 421, 334, 475, 439, 0]
Volume: 12.416
Cost: 103146
Route: [0, 159, 317, 36, 483, 323, 35, 73, 497, 277, 420, 355, 186, 257, 66, 231, 23, 94, 297, 296, 234, 423, 485, 464, 0]
Volume: 12.388
Cost: 58996
Route: [0, 18, 224, 392, 91, 351, 293, 47, 407, 235, 148, 319, 127, 130, 302, 261, 463, 190, 298, 358, 169, 158, 107, 385, 180, 468, 22, 265, 153, 339, 318, 474, 380, 476, 152, 0]
Volume: 12.386
Cost: 80952
Route: [0, 263, 282, 229, 411, 156, 222, 87, 432, 3, 386, 84, 160, 442, 447, 165, 426, 10, 211, 195, 243, 220, 72, 0]
Volume: 12.246
Cost: 54165
Route: [0, 105, 383, 142, 155, 306, 402, 374, 14, 207, 38, 139, 329, 162, 62, 353, 135, 213, 56, 2, 472, 254, 182, 345, 34, 346, 199, 0]
Volume: 12.2382
Cost: 55813
Route: [0, 361, 295, 119, 415, 200, 404, 274, 20, 400, 69, 189, 170, 113, 21, 499, 150, 304, 308, 185, 271, 341, 375, 344, 438, 37, 0]
Volume: 12.35
Cost: 66619
Route: [0, 409, 128, 194, 422, 412, 251, 49, 70, 379, 477, 458, 496, 164, 371, 154, 76, 230, 151, 90, 456, 247, 146, 378, 210, 85, 462, 0]
Volume: 11.9722
Cost: 41296
Route: [0, 259, 45, 33, 9, 236, 418, 55, 451, 65, 63, 356, 118, 445, 286, 461, 394, 388, 30, 0]
Volume: 12.2061
Cost: 46238
Route: [0, 78, 335, 441, 267, 453, 365, 363, 325, 1, 50, 372, 77, 15, 391, 469, 369, 81, 138, 19, 337, 103, 450, 0]
Volume: 12.4941
Cost: 63495
