OFV: 123386.0

Route: [0, 112, 61, 235, 69, 76, 38, 184, 80, 232, 79, 110, 86, 128, 62, 197, 60, 200, 29, 151, 147, 217, 7, 74, 40, 70, 126, 9, 242, 206, 207, 214, 219, 3, 59, 131, 146, 2, 143, 125, 120, 191, 148, 205, 216, 220, 234, 246, 243, 96, 12, 108, 42, 228, 157, 222, 149, 37, 231, 174, 57, 0]
Volume: 12.2071
Cost: 29182
Route: [0, 239, 116, 23, 105, 137, 49, 99, 117, 15, 240, 114, 145, 138, 85, 89, 44, 52, 27, 25, 100, 107, 122, 153, 173, 203, 158, 58, 187, 77, 172, 8, 182, 245, 98, 84, 22, 87, 91, 189, 127, 199, 139, 133, 224, 0]
Volume: 12.458
Cost: 21928
Route: [0, 175, 97, 169, 179, 83, 211, 68, 39, 65, 152, 193, 73, 35, 81, 47, 162, 238, 221, 132, 53, 171, 186, 13, 93, 118, 236, 113, 180, 66, 104, 130, 229, 103, 1, 92, 101, 123, 185, 210, 36, 159, 165, 90, 129, 94, 195, 0]
Volume: 12.488
Cost: 25482
Route: [0, 17, 178, 247, 241, 168, 88, 82, 134, 198, 95, 10, 233, 164, 34, 202, 237, 166, 106, 196, 213, 63, 177, 218, 21, 71, 124, 50, 43, 208, 4, 155, 227, 248, 55, 150, 226, 115, 78, 225, 212, 75, 156, 201, 0]
Volume: 11.351
Cost: 19059
Route: [0, 121, 142, 181, 20, 244, 41, 154, 249, 163, 136, 109, 111, 72, 33, 188, 28, 51, 215, 204, 5, 160, 54, 170, 161, 11, 31, 14, 176, 223, 135, 194, 48, 30, 144, 6, 26, 67, 183, 19, 119, 102, 45, 209, 64, 16, 140, 230, 18, 24, 141, 192, 167, 0]
Volume: 12.1061
Cost: 26234
Route: [0, 32, 46, 190, 56, 0]
Volume: 2.029
Cost: 1501
