OFV: 11543.0

Route: [0, 70, 92, 85, 16, 31, 75, 35, 88, 96, 4, 5, 62, 69, 84, 64, 52, 38, 95, 44, 0]
Volume: 12.336
Cost: 2711
Route: [0, 14, 91, 20, 30, 40, 76, 53, 1, 94, 82, 33, 63, 89, 77, 50, 21, 9, 80, 49, 23, 59, 41, 46, 17, 54, 8, 67, 0]
Volume: 12.338
Cost: 4905
Route: [0, 12, 11, 48, 7, 45, 34, 29, 26, 28, 78, 57, 18, 6, 55, 93, 24, 37, 27, 74, 65, 56, 90, 2, 25, 3, 51, 68, 0]
Volume: 12.38
Cost: 890
Route: [0, 81, 42, 15, 43, 58, 71, 60, 73, 22, 66, 13, 19, 36, 87, 32, 61, 72, 98, 97, 99, 10, 83, 47, 39, 79, 86, 0]
Volume: 12.3941
Cost: 3037
