OFV: 270829.0

Route: [0, 6, 58, 13, 57, 79, 38, 96, 37, 21, 71, 17, 0]
Volume: 4.758
Cost: 28252
Route: [0, 47, 61, 9, 41, 95, 75, 25, 36, 0]
Volume: 4.984
Cost: 22122
Route: [0, 48, 7, 5, 43, 94, 91, 60, 74, 70, 11, 80, 45, 0]
Volume: 4.622
Cost: 36242
Route: [0, 51, 65, 77, 42, 87, 16, 0]
Volume: 4.94
Cost: 11239
Route: [0, 44, 24, 89, 29, 19, 90, 73, 49, 28, 0]
Volume: 4.838
Cost: 31196
Route: [0, 56, 99, 33, 32, 46, 10, 15, 69, 72, 0]
Volume: 4.882
Cost: 14115
Route: [0, 59, 18, 53, 26, 12, 54, 98, 76, 55, 14, 4, 52, 68, 88, 0]
Volume: 4.942
Cost: 37491
Route: [0, 39, 92, 27, 64, 93, 86, 66, 3, 20, 97, 84, 2, 0]
Volume: 4.968
Cost: 32704
Route: [0, 1, 34, 8, 50, 35, 62, 31, 81, 0]
Volume: 4.552
Cost: 16594
Route: [0, 30, 22, 83, 63, 23, 82, 78, 67, 40, 85, 0]
Volume: 4.9921
Cost: 40874
