OFV: 62644.0

Route: [0, 60, 48, 84, 7, 87, 55, 89, 11, 8, 50, 78, 49, 20, 18, 71, 58, 86, 96, 51, 75, 35, 66, 54, 1, 4, 0]
Volume: 3.8085
Cost: 14236
Route: [0, 47, 30, 73, 63, 88, 83, 74, 15, 21, 77, 62, 16, 70, 90, 36, 65, 81, 17, 44, 45, 14, 40, 6, 53, 99, 59, 79, 64, 33, 29, 19, 42, 2, 52, 80, 10, 22, 3, 46, 85, 82, 72, 91, 0]
Volume: 4.6835
Cost: 24374
Route: [0, 12, 57, 26, 31, 98, 97, 13, 27, 69, 92, 23, 43, 34, 93, 5, 68, 94, 32, 38, 56, 24, 41, 67, 37, 25, 61, 9, 95, 76, 39, 28, 0]
Volume: 4.182
Cost: 24034
