OFV: 11130.0

Route: [0, 97, 81, 38, 88, 73, 35, 59, 94, 33, 91, 72, 11, 61, 50, 27, 5, 99, 4, 96, 16, 90, 2, 76, 86, 65, 12, 0]
Volume: 12.21
Cost: 3491
Route: [0, 46, 22, 36, 63, 92, 31, 77, 71, 21, 9, 15, 52, 78, 8, 95, 39, 60, 66, 0]
Volume: 10.276
Cost: 2584
Route: [0, 28, 68, 37, 53, 45, 51, 13, 42, 41, 43, 34, 25, 57, 54, 83, 70, 85, 26, 19, 23, 79, 17, 29, 62, 69, 0]
Volume: 10.54
Cost: 2740
Route: [0, 80, 7, 93, 30, 58, 47, 44, 49, 6, 67, 74, 84, 14, 32, 55, 20, 1, 64, 82, 18, 10, 3, 89, 98, 48, 75, 24, 56, 40, 87, 0]
Volume: 12.456
Cost: 2315
