OFV: 89721.0

Route: [0, 465, 151, 149, 131, 374, 185, 418, 35, 43, 392, 61, 440, 28, 357, 71, 283, 279, 78, 410, 430, 478, 375, 157, 138, 381, 415, 209, 140, 180, 388, 195, 298, 215, 407, 372, 83, 66, 343, 88, 396, 265, 404, 160, 10, 315, 7, 68, 163, 370, 307, 306, 58, 173, 420, 234, 340, 207, 72, 194, 49, 493, 172, 112, 187, 356, 473, 393, 38, 349, 422, 269, 469, 395, 462, 183, 378, 406, 244, 193, 275, 175, 196, 386, 137, 266, 402, 167, 287, 0]
Volume: 9.4979
Cost: 17393
Route: [0, 96, 371, 480, 472, 146, 360, 117, 245, 352, 93, 106, 51, 358, 223, 20, 156, 101, 466, 444, 475, 290, 99, 417, 30, 338, 67, 124, 18, 489, 456, 141, 403, 80, 494, 416, 439, 86, 281, 438, 354, 434, 32, 206, 168, 254, 333, 9, 16, 219, 229, 454, 276, 47, 487, 63, 204, 497, 498, 213, 13, 165, 314, 460, 313, 411, 205, 464, 56, 197, 255, 455, 320, 486, 344, 366, 111, 55, 364, 365, 412, 100, 42, 39, 384, 496, 288, 109, 113, 363, 452, 429, 457, 190, 459, 171, 414, 461, 189, 186, 25, 0]
Volume: 11.4212
Cost: 19029
Route: [0, 379, 317, 260, 15, 353, 425, 427, 491, 284, 355, 226, 289, 125, 110, 273, 241, 60, 323, 447, 419, 362, 214, 145, 389, 153, 218, 377, 65, 208, 336, 188, 235, 202, 119, 243, 159, 129, 12, 448, 150, 385, 128, 488, 134, 120, 451, 29, 380, 253, 278, 126, 301, 169, 304, 191, 251, 178, 228, 90, 294, 312, 295, 321, 115, 409, 261, 479, 471, 33, 259, 6, 267, 54, 84, 450, 135, 11, 184, 257, 476, 53, 442, 308, 217, 142, 69, 423, 239, 329, 252, 147, 31, 331, 102, 334, 139, 242, 70, 413, 5, 263, 85, 77, 200, 95, 132, 81, 227, 270, 158, 474, 222, 212, 433, 64, 41, 339, 50, 2, 22, 436, 0]
Volume: 12.0731
Cost: 20728
Route: [0, 328, 52, 272, 118, 211, 492, 74, 302, 192, 443, 310, 152, 369, 330, 247, 170, 103, 91, 277, 201, 428, 230, 136, 44, 107, 164, 397, 143, 181, 198, 148, 4, 92, 458, 481, 87, 121, 220, 0]
Volume: 4.408
Cost: 7825
Route: [0, 144, 350, 166, 373, 174, 316, 246, 19, 391, 435, 264, 421, 326, 274, 240, 216, 3, 27, 236, 319, 303, 482, 383, 105, 345, 82, 453, 300, 446, 221, 292, 318, 324, 203, 210, 437, 387, 400, 133, 426, 104, 268, 368, 1, 199, 463, 305, 467, 359, 394, 45, 296, 97, 24, 495, 367, 37, 127, 62, 291, 342, 250, 335, 325, 8, 89, 280, 477, 36, 177, 449, 405, 286, 238, 73, 225, 401, 0]
Volume: 9.7328
Cost: 11713
Route: [0, 21, 484, 445, 59, 130, 485, 408, 311, 116, 432, 14, 322, 468, 26, 75, 249, 162, 176, 431, 299, 337, 309, 48, 248, 346, 179, 94, 46, 441, 399, 327, 282, 262, 332, 98, 17, 122, 490, 499, 351, 390, 123, 297, 108, 285, 348, 258, 40, 34, 256, 114, 271, 233, 232, 424, 376, 382, 398, 155, 182, 237, 79, 76, 224, 154, 231, 293, 57, 347, 161, 483, 470, 361, 23, 341, 0]
Volume: 9.1967
Cost: 13033
