OFV: 271881.0

Route: [0, 95, 80, 60, 82, 11, 83, 39, 26, 34, 91, 81, 20, 79, 23, 72, 61, 98, 19, 90, 1, 0]
Volume: 4.79
Cost: 53874
Route: [0, 12, 5, 17, 36, 22, 69, 78, 24, 68, 7, 70, 73, 6, 67, 27, 57, 62, 0]
Volume: 4.58
Cost: 48698
Route: [0, 85, 52, 93, 74, 86, 46, 33, 35, 87, 16, 9, 71, 41, 37, 38, 94, 51, 8, 49, 84, 29, 54, 0]
Volume: 4.9511
Cost: 50990
Route: [0, 48, 44, 21, 76, 89, 4, 64, 58, 97, 59, 14, 88, 0]
Volume: 2.586
Cost: 36123
Route: [0, 50, 13, 45, 92, 25, 18, 65, 42, 99, 30, 31, 15, 2, 3, 66, 43, 0]
Volume: 4.766
Cost: 47474
Route: [0, 55, 10, 53, 56, 77, 75, 47, 40, 96, 32, 63, 28, 0]
Volume: 4.717
Cost: 34722
