OFV: 591712.0

Route: [0, 108, 374, 361, 426, 423, 238, 54, 289, 281, 157, 93, 359, 274, 435, 47, 372, 6, 192, 407, 397, 215, 360, 203, 310, 1, 90, 338, 345, 105, 19, 0]
Volume: 12.468
Cost: 29372
Route: [0, 34, 198, 354, 113, 234, 418, 118, 499, 28, 216, 370, 221, 437, 89, 199, 84, 279, 138, 288, 59, 13, 0]
Volume: 12.1899
Cost: 31004
Route: [0, 309, 339, 33, 63, 158, 268, 72, 171, 350, 5, 52, 482, 223, 255, 140, 450, 392, 355, 273, 20, 445, 96, 395, 107, 298, 143, 475, 227, 30, 103, 356, 0]
Volume: 12.4921
Cost: 21348
Route: [0, 131, 29, 210, 347, 386, 167, 121, 431, 376, 368, 88, 317, 170, 174, 137, 485, 246, 417, 161, 486, 260, 348, 136, 127, 117, 451, 0]
Volume: 12.388
Cost: 23786
Route: [0, 311, 49, 3, 415, 455, 81, 26, 301, 433, 383, 498, 363, 429, 122, 202, 276, 403, 190, 416, 303, 177, 0]
Volume: 12.478
Cost: 30448
Route: [0, 130, 308, 200, 10, 410, 147, 25, 261, 254, 156, 50, 111, 132, 55, 296, 92, 14, 320, 4, 32, 0]
Volume: 12.28
Cost: 19585
Route: [0, 68, 461, 98, 134, 294, 495, 16, 430, 233, 269, 326, 398, 164, 340, 334, 78, 375, 18, 462, 364, 476, 439, 465, 257, 162, 421, 0]
Volume: 12.002
Cost: 36186
Route: [0, 201, 324, 87, 163, 12, 264, 226, 266, 382, 230, 285, 165, 487, 82, 379, 114, 391, 346, 231, 205, 175, 277, 37, 116, 300, 0]
Volume: 12.4621
Cost: 32109
Route: [0, 307, 447, 104, 119, 235, 239, 21, 168, 153, 211, 371, 406, 425, 133, 256, 443, 432, 97, 422, 106, 125, 292, 389, 305, 155, 414, 53, 497, 390, 38, 0]
Volume: 12.4441
Cost: 36964
Route: [0, 369, 217, 27, 94, 126, 44, 471, 344, 331, 357, 330, 249, 400, 204, 349, 381, 472, 394, 219, 263, 494, 135, 185, 378, 393, 0]
Volume: 12.024
Cost: 30780
Route: [0, 64, 377, 341, 286, 384, 449, 129, 150, 149, 424, 8, 468, 225, 402, 253, 15, 491, 71, 460, 0]
Volume: 12.3161
Cost: 26787
Route: [0, 73, 327, 441, 2, 419, 46, 60, 182, 124, 95, 45, 176, 180, 160, 448, 242, 0]
Volume: 11.9781
Cost: 14417
Route: [0, 496, 328, 259, 287, 442, 35, 236, 247, 412, 145, 243, 367, 420, 188, 123, 220, 31, 258, 315, 128, 408, 444, 186, 191, 0]
Volume: 12.3382
Cost: 32163
Route: [0, 99, 312, 489, 178, 194, 352, 184, 61, 144, 469, 457, 142, 478, 452, 244, 411, 109, 214, 265, 299, 41, 39, 0]
Volume: 11.882
Cost: 28080
Route: [0, 318, 218, 245, 206, 396, 267, 440, 146, 456, 86, 22, 212, 333, 24, 240, 252, 62, 101, 7, 493, 453, 373, 85, 169, 66, 0]
Volume: 10.0781
Cost: 25342
Route: [0, 282, 91, 313, 297, 272, 48, 207, 139, 337, 11, 270, 17, 110, 365, 405, 342, 58, 152, 159, 387, 75, 458, 314, 181, 229, 295, 399, 173, 335, 353, 283, 459, 183, 336, 280, 0]
Volume: 12.4361
Cost: 42502
Route: [0, 83, 208, 490, 115, 154, 179, 197, 148, 69, 481, 275, 332, 323, 271, 290, 492, 74, 401, 193, 222, 366, 358, 112, 480, 479, 0]
Volume: 12.428
Cost: 38198
Route: [0, 100, 302, 409, 209, 76, 77, 237, 189, 151, 262, 248, 466, 80, 278, 404, 483, 467, 166, 329, 187, 228, 454, 9, 0]
Volume: 12.4779
Cost: 31410
Route: [0, 284, 484, 43, 251, 388, 380, 464, 23, 436, 325, 306, 434, 343, 291, 57, 172, 196, 319, 141, 304, 213, 413, 51, 316, 473, 427, 385, 0]
Volume: 10.818
Cost: 34686
Route: [0, 470, 351, 438, 65, 293, 463, 40, 362, 79, 488, 446, 67, 232, 322, 428, 250, 241, 42, 477, 321, 474, 70, 224, 120, 36, 102, 195, 56, 0]
Volume: 12.2881
Cost: 26545
