OFV: 727588.0

Route: [0, 148, 426, 109, 266, 290, 87, 206, 331, 484, 80, 396, 186, 219, 197, 204, 280, 95, 395, 0]
Volume: 5.654
Cost: 19192
Route: [0, 12, 248, 39, 177, 298, 112, 328, 383, 333, 417, 284, 364, 414, 24, 476, 173, 427, 487, 38, 32, 165, 402, 0]
Volume: 12.282
Cost: 31792
Route: [0, 474, 79, 168, 437, 93, 362, 488, 4, 73, 360, 242, 379, 305, 23, 43, 169, 99, 490, 486, 184, 170, 372, 0]
Volume: 12.016
Cost: 33758
Route: [0, 66, 111, 138, 113, 432, 128, 399, 155, 425, 70, 357, 33, 245, 49, 240, 381, 16, 463, 189, 373, 258, 405, 235, 397, 355, 0]
Volume: 12.272
Cost: 41610
Route: [0, 91, 84, 105, 65, 190, 195, 21, 131, 246, 15, 149, 185, 234, 11, 0]
Volume: 10.944
Cost: 20985
Route: [0, 191, 440, 356, 194, 164, 415, 485, 82, 423, 332, 442, 124, 431, 295, 268, 162, 436, 294, 276, 325, 353, 469, 46, 210, 115, 343, 271, 260, 36, 136, 270, 410, 10, 0]
Volume: 12.484
Cost: 35948
Route: [0, 384, 435, 327, 286, 263, 48, 309, 159, 172, 145, 310, 29, 361, 42, 74, 205, 257, 0]
Volume: 12.356
Cost: 20494
Route: [0, 98, 52, 198, 318, 334, 77, 167, 400, 147, 120, 180, 229, 354, 419, 142, 446, 100, 374, 69, 303, 6, 398, 61, 329, 0]
Volume: 12.406
Cost: 33858
Route: [0, 340, 499, 89, 443, 283, 157, 411, 20, 403, 314, 68, 407, 366, 429, 342, 378, 382, 28, 421, 237, 25, 449, 213, 107, 368, 0]
Volume: 12.422
Cost: 35054
Route: [0, 292, 225, 321, 208, 479, 121, 302, 101, 376, 209, 296, 220, 409, 97, 352, 438, 202, 146, 214, 150, 44, 385, 416, 336, 323, 92, 53, 0]
Volume: 12.4781
Cost: 34801
Route: [0, 3, 404, 102, 236, 491, 85, 125, 201, 299, 439, 297, 471, 401, 133, 267, 281, 390, 218, 90, 193, 171, 348, 250, 391, 422, 40, 45, 386, 196, 461, 394, 0]
Volume: 12.3223
Cost: 45926
Route: [0, 274, 335, 370, 178, 211, 27, 217, 34, 369, 30, 339, 238, 31, 119, 406, 273, 338, 0]
Volume: 12.386
Cost: 31280
Route: [0, 203, 304, 387, 475, 480, 231, 380, 262, 137, 156, 192, 141, 393, 207, 324, 114, 223, 320, 135, 470, 441, 289, 26, 0]
Volume: 12.3963
Cost: 40007
Route: [0, 450, 83, 76, 158, 451, 322, 13, 377, 300, 247, 132, 118, 452, 2, 143, 350, 126, 282, 444, 22, 0]
Volume: 12.302
Cost: 33670
Route: [0, 110, 9, 363, 117, 123, 50, 256, 176, 345, 464, 216, 481, 358, 412, 47, 199, 200, 56, 81, 254, 367, 278, 454, 349, 288, 0]
Volume: 12.206
Cost: 33504
Route: [0, 187, 215, 60, 183, 455, 253, 389, 251, 483, 1, 116, 388, 59, 477, 153, 0]
Volume: 12.4261
Cost: 28109
Route: [0, 371, 492, 151, 35, 63, 179, 243, 140, 163, 312, 54, 285, 337, 447, 465, 7, 457, 249, 341, 19, 0]
Volume: 11.8222
Cost: 25637
Route: [0, 375, 308, 498, 495, 161, 71, 462, 287, 269, 181, 188, 134, 64, 96, 467, 51, 139, 0]
Volume: 12.0861
Cost: 28447
Route: [0, 224, 424, 344, 232, 222, 445, 175, 127, 166, 326, 448, 37, 460, 75, 239, 233, 293, 468, 174, 160, 264, 313, 0]
Volume: 11.266
Cost: 35831
Route: [0, 277, 244, 307, 108, 122, 489, 392, 182, 226, 5, 41, 428, 212, 458, 103, 62, 14, 434, 316, 104, 255, 228, 154, 473, 496, 279, 456, 420, 351, 78, 0]
Volume: 12.4621
Cost: 45455
Route: [0, 227, 57, 72, 58, 265, 88, 259, 291, 482, 129, 466, 86, 230, 106, 433, 319, 413, 261, 221, 315, 252, 130, 272, 144, 317, 311, 0]
Volume: 12.444
Cost: 40898
Route: [0, 418, 346, 365, 359, 453, 330, 94, 497, 306, 478, 430, 8, 152, 241, 472, 67, 347, 493, 459, 408, 494, 301, 55, 17, 275, 18, 0]
Volume: 11.8921
Cost: 31332
