OFV: 283576.0

Route: [0, 19, 2, 26, 80, 18, 60, 72, 17, 68, 78, 27, 7, 38, 93, 94, 0]
Volume: 4.814
Cost: 43810
Route: [0, 44, 31, 77, 11, 20, 79, 16, 22, 67, 3, 53, 15, 49, 58, 97, 90, 5, 29, 6, 57, 96, 54, 0]
Volume: 4.992
Cost: 48030
Route: [0, 63, 8, 40, 45, 86, 52, 91, 89, 70, 73, 0]
Volume: 2.9171
Cost: 53094
Route: [0, 34, 4, 56, 25, 21, 39, 98, 75, 99, 1, 59, 12, 95, 36, 50, 74, 51, 24, 55, 61, 92, 85, 0]
Volume: 4.782
Cost: 43824
Route: [0, 30, 81, 32, 9, 87, 23, 43, 65, 13, 41, 42, 47, 10, 33, 0]
Volume: 4.679
Cost: 40876
Route: [0, 14, 84, 64, 62, 48, 71, 76, 66, 83, 69, 82, 37, 28, 46, 35, 88, 0]
Volume: 3.948
Cost: 53942
