OFV: 1018577.0

Route: [0, 3, 159, 75, 44, 110, 42, 137, 32, 99, 54, 62, 185, 126, 148, 118, 60, 28, 57, 125, 78, 43, 64, 158, 0]
Volume: 4.8042
Cost: 72632
Route: [0, 187, 196, 218, 16, 87, 153, 96, 162, 24, 53, 143, 200, 150, 244, 149, 102, 173, 56, 139, 235, 14, 114, 0]
Volume: 4.99
Cost: 99259
Route: [0, 214, 178, 242, 48, 80, 147, 165, 5, 152, 85, 84, 134, 55, 204, 0]
Volume: 4.9949
Cost: 77837
Route: [0, 81, 100, 27, 111, 18, 121, 138, 69, 68, 50, 155, 70, 135, 199, 120, 237, 101, 232, 0]
Volume: 4.812
Cost: 60254
Route: [0, 33, 177, 108, 47, 179, 128, 229, 83, 236, 21, 195, 221, 15, 181, 41, 95, 76, 58, 7, 0]
Volume: 4.996
Cost: 77719
Route: [0, 130, 106, 224, 151, 234, 145, 61, 169, 220, 52, 226, 107, 77, 11, 29, 94, 198, 0]
Volume: 4.5092
Cost: 54998
Route: [0, 105, 212, 215, 79, 164, 115, 109, 36, 233, 174, 231, 122, 93, 0]
Volume: 4.996
Cost: 56216
Route: [0, 245, 202, 1, 207, 10, 51, 222, 127, 248, 65, 219, 103, 230, 160, 30, 37, 170, 123, 194, 205, 217, 192, 0]
Volume: 4.973
Cost: 74851
Route: [0, 193, 188, 63, 98, 168, 20, 141, 142, 40, 119, 92, 67, 23, 203, 0]
Volume: 4.784
Cost: 70775
Route: [0, 243, 71, 240, 116, 25, 176, 90, 136, 129, 89, 17, 140, 131, 13, 8, 238, 157, 167, 132, 91, 113, 246, 183, 0]
Volume: 4.998
Cost: 82784
Route: [0, 45, 146, 88, 6, 59, 191, 72, 156, 82, 154, 182, 172, 9, 117, 34, 0]
Volume: 4.9061
Cost: 73066
Route: [0, 97, 26, 180, 184, 38, 213, 0]
Volume: 1.926
Cost: 48339
Route: [0, 144, 208, 171, 2, 161, 216, 201, 49, 46, 163, 197, 228, 247, 86, 31, 124, 133, 73, 210, 104, 241, 35, 66, 0]
Volume: 4.9581
Cost: 81686
Route: [0, 239, 12, 19, 227, 225, 209, 189, 74, 175, 211, 166, 4, 39, 190, 206, 112, 249, 223, 186, 22, 0]
Volume: 4.9101
Cost: 88161
