OFV: 30646.0

Route: [0, 181, 155, 413, 104, 61, 306, 290, 189, 459, 434, 106, 84, 313, 406, 191, 487, 208, 302, 132, 197, 100, 195, 150, 157, 94, 25, 38, 228, 214, 396, 43, 251, 173, 0]
Volume: 4.7595
Cost: 1409
Route: [0, 409, 401, 478, 261, 424, 247, 334, 135, 440, 41, 17, 378, 289, 407, 279, 211, 83, 222, 323, 341, 344, 399, 5, 436, 69, 52, 46, 2, 322, 137, 238, 112, 182, 431, 408, 0]
Volume: 4.329
Cost: 4091
Route: [0, 358, 253, 175, 134, 75, 298, 296, 390, 209, 139, 347, 252, 42, 177, 305, 256, 186, 339, 143, 319, 15, 282, 229, 237, 365, 95, 164, 316, 425, 276, 257, 138, 336, 376, 24, 368, 131, 165, 315, 340, 492, 146, 421, 0]
Volume: 4.7835
Cost: 1894
Route: [0, 172, 308, 57, 303, 366, 265, 286, 249, 188, 412, 351, 468, 274, 394, 45, 110, 21, 50, 152, 446, 70, 287, 89, 206, 444, 51, 99, 452, 391, 148, 454, 244, 0]
Volume: 4.03
Cost: 2123
Route: [0, 331, 30, 403, 379, 389, 491, 270, 329, 397, 273, 453, 338, 476, 410, 245, 418, 116, 54, 224, 402, 215, 324, 223, 71, 59, 105, 101, 474, 149, 53, 176, 141, 480, 0]
Volume: 4.1475
Cost: 1591
Route: [0, 367, 108, 294, 496, 125, 235, 240, 442, 254, 81, 140, 307, 363, 465, 486, 387, 349, 342, 260, 207, 87, 429, 60, 471, 192, 405, 392, 386, 64, 218, 267, 0]
Volume: 3.8575
Cost: 1597
Route: [0, 288, 160, 26, 226, 230, 362, 411, 263, 67, 213, 493, 151, 107, 462, 350, 86, 395, 183, 22, 47, 159, 72, 78, 133, 346, 470, 123, 284, 227, 0]
Volume: 3.8701
Cost: 1249
Route: [0, 58, 48, 438, 98, 428, 497, 335, 326, 19, 49, 27, 328, 435, 204, 433, 416, 120, 320, 194, 467, 248, 382, 300, 422, 419, 241, 481, 457, 482, 202, 34, 36, 144, 37, 220, 0]
Volume: 4.0347
Cost: 2925
Route: [0, 370, 200, 109, 74, 12, 130, 190, 494, 441, 129, 124, 10, 449, 231, 318, 14, 272, 271, 314, 355, 92, 295, 205, 117, 23, 262, 490, 445, 40, 384, 147, 232, 269, 404, 277, 364, 285, 127, 44, 68, 0]
Volume: 4.5183
Cost: 1774
Route: [0, 371, 31, 343, 375, 400, 167, 437, 373, 111, 3, 337, 16, 310, 473, 178, 332, 472, 427, 18, 297, 483, 311, 171, 29, 325, 136, 199, 414, 55, 281, 398, 154, 9, 0]
Volume: 4.4846
Cost: 1911
Route: [0, 264, 115, 198, 488, 196, 158, 460, 65, 170, 118, 423, 327, 439, 372, 242, 168, 153, 193, 381, 255, 299, 97, 13, 121, 489, 88, 203, 39, 246, 0]
Volume: 3.9575
Cost: 2492
Route: [0, 499, 122, 239, 495, 114, 280, 119, 77, 450, 210, 447, 33, 102, 292, 145, 466, 7, 91, 477, 266, 66, 430, 388, 377, 156, 187, 216, 383, 309, 250, 103, 76, 0]
Volume: 4.072
Cost: 1307
Route: [0, 82, 291, 345, 225, 458, 161, 278, 56, 169, 93, 259, 128, 258, 1, 184, 354, 353, 32, 63, 62, 321, 4, 443, 312, 455, 236, 142, 479, 73, 451, 369, 330, 448, 0]
Volume: 3.952
Cost: 2346
Route: [0, 352, 456, 162, 469, 166, 283, 185, 415, 85, 317, 275, 380, 417, 11, 475, 233, 357, 20, 420, 360, 485, 217, 301, 243, 179, 212, 464, 385, 126, 484, 0]
Volume: 4.2031
Cost: 1572
Route: [0, 234, 174, 221, 359, 361, 461, 432, 80, 304, 393, 163, 268, 426, 219, 498, 6, 356, 348, 8, 180, 293, 79, 28, 35, 201, 113, 463, 90, 374, 333, 96, 0]
Volume: 4.9707
Cost: 2365
