OFV: 594420.0

Route: [0, 384, 435, 3, 249, 307, 108, 245, 49, 240, 459, 122, 489, 493, 428, 212, 458, 316, 373, 189, 16, 463, 434, 103, 62, 14, 405, 497, 330, 235, 397, 170, 372, 165, 19, 0]
Volume: 4.9902
Cost: 49063
Route: [0, 341, 7, 457, 312, 54, 285, 337, 447, 465, 362, 488, 73, 4, 360, 242, 110, 9, 363, 117, 143, 350, 379, 305, 23, 43, 386, 486, 99, 169, 490, 451, 76, 158, 83, 427, 487, 38, 32, 349, 288, 0]
Volume: 4.9779
Cost: 43062
Route: [0, 340, 361, 344, 424, 232, 52, 144, 317, 311, 248, 480, 36, 27, 320, 135, 470, 441, 223, 314, 68, 407, 429, 342, 354, 180, 229, 411, 324, 114, 270, 159, 402, 0]
Volume: 4.9716
Cost: 51449
Route: [0, 227, 224, 257, 191, 440, 356, 194, 208, 479, 121, 283, 157, 438, 202, 409, 352, 97, 220, 296, 209, 376, 96, 375, 308, 498, 64, 134, 495, 287, 161, 71, 462, 269, 181, 188, 467, 139, 51, 219, 197, 204, 280, 95, 395, 0]
Volume: 4.9704
Cost: 46550
Route: [0, 371, 57, 230, 106, 433, 319, 322, 193, 390, 218, 90, 13, 377, 247, 132, 2, 452, 118, 256, 345, 464, 176, 216, 481, 358, 47, 412, 199, 200, 56, 81, 254, 422, 40, 45, 367, 196, 461, 278, 454, 22, 0]
Volume: 4.195
Cost: 54704
Route: [0, 444, 78, 282, 126, 404, 140, 163, 351, 420, 456, 279, 496, 123, 50, 473, 228, 154, 104, 255, 258, 306, 478, 430, 8, 152, 241, 472, 67, 347, 392, 182, 226, 5, 41, 381, 290, 87, 206, 331, 80, 396, 484, 186, 0]
Volume: 4.616
Cost: 51261
Route: [0, 35, 63, 179, 355, 243, 102, 236, 491, 85, 125, 201, 299, 439, 297, 471, 401, 133, 267, 281, 171, 300, 348, 250, 391, 413, 261, 86, 364, 414, 24, 476, 173, 410, 172, 310, 29, 406, 273, 338, 0]
Volume: 4.9687
Cost: 50757
Route: [0, 474, 168, 437, 79, 93, 277, 138, 244, 113, 66, 111, 128, 432, 399, 155, 425, 70, 346, 453, 359, 365, 94, 418, 357, 33, 408, 301, 494, 55, 275, 17, 18, 148, 109, 266, 426, 0]
Volume: 3.906
Cost: 38618
Route: [0, 187, 499, 215, 164, 485, 415, 60, 61, 423, 332, 442, 37, 294, 276, 325, 353, 210, 469, 46, 260, 343, 271, 115, 136, 417, 211, 284, 335, 370, 178, 289, 42, 74, 205, 10, 0]
Volume: 4.8281
Cost: 39255
Route: [0, 203, 475, 124, 431, 295, 268, 162, 303, 398, 6, 100, 374, 69, 419, 142, 446, 378, 382, 366, 421, 28, 237, 25, 30, 339, 195, 21, 131, 246, 15, 149, 368, 0]
Volume: 4.8941
Cost: 37705
Route: [0, 292, 304, 387, 145, 222, 175, 445, 221, 130, 272, 252, 315, 198, 318, 334, 77, 207, 393, 167, 233, 217, 34, 369, 146, 214, 150, 44, 385, 53, 323, 336, 416, 92, 91, 84, 105, 65, 190, 449, 213, 107, 329, 160, 264, 313, 0]
Volume: 4.9476
Cost: 44869
Route: [0, 274, 492, 151, 327, 450, 286, 394, 184, 259, 88, 291, 482, 129, 466, 333, 298, 112, 328, 436, 460, 75, 239, 116, 400, 147, 120, 388, 59, 20, 403, 293, 468, 174, 443, 89, 302, 101, 238, 31, 119, 82, 321, 225, 185, 234, 11, 0]
Volume: 4.9951
Cost: 51687
Route: [0, 26, 12, 98, 263, 48, 309, 72, 58, 265, 127, 166, 326, 448, 39, 177, 231, 383, 380, 262, 192, 156, 137, 141, 483, 251, 455, 389, 253, 183, 1, 477, 153, 0]
Volume: 4.8511
Cost: 35440
