OFV: 99064.0

Route: [0, 144, 83, 456, 446, 411, 19, 395, 176, 365, 51, 86, 312, 441, 341, 165, 447, 194, 493, 408, 296, 87, 5, 0]
Volume: 12.0441
Cost: 4775
Route: [0, 326, 192, 104, 186, 89, 425, 294, 325, 81, 31, 339, 397, 212, 84, 481, 0]
Volume: 11.802
Cost: 4447
Route: [0, 459, 290, 154, 52, 88, 242, 93, 305, 227, 180, 428, 402, 368, 209, 222, 443, 44, 405, 131, 269, 367, 383, 307, 310, 424, 484, 0]
Volume: 11.286
Cost: 8272
Route: [0, 38, 122, 377, 417, 203, 46, 357, 243, 291, 483, 342, 421, 30, 267, 59, 208, 346, 241, 467, 22, 412, 119, 245, 239, 491, 492, 308, 0]
Volume: 12.136
Cost: 5477
Route: [0, 358, 482, 62, 40, 53, 20, 137, 319, 4, 361, 141, 27, 272, 289, 230, 155, 174, 256, 464, 94, 190, 91, 487, 442, 415, 3, 205, 320, 75, 433, 168, 293, 389, 0]
Volume: 11.762
Cost: 6281
Route: [0, 351, 211, 67, 295, 216, 42, 449, 193, 344, 496, 221, 398, 54, 348, 434, 270, 362, 17, 61, 298, 237, 128, 158, 498, 182, 198, 60, 372, 78, 472, 254, 0]
Volume: 11.8221
Cost: 4879
Route: [0, 169, 384, 336, 309, 438, 423, 390, 437, 124, 314, 166, 369, 477, 450, 106, 187, 331, 181, 262, 118, 134, 177, 72, 49, 380, 50, 0]
Volume: 12.272
Cost: 5538
Route: [0, 74, 202, 457, 317, 201, 251, 416, 107, 470, 264, 499, 65, 121, 32, 196, 114, 343, 234, 167, 350, 21, 401, 252, 111, 0]
Volume: 12.2041
Cost: 4403
Route: [0, 388, 232, 354, 197, 488, 69, 120, 378, 381, 183, 247, 479, 64, 300, 138, 249, 277, 280, 316, 301, 394, 282, 70, 0]
Volume: 11.976
Cost: 4858
Route: [0, 340, 418, 471, 387, 82, 385, 79, 400, 284, 136, 143, 6, 392, 159, 68, 77, 35, 332, 56, 220, 73, 403, 95, 283, 10, 355, 315, 0]
Volume: 12.328
Cost: 3178
Route: [0, 452, 200, 485, 285, 273, 206, 480, 370, 265, 410, 9, 113, 207, 374, 179, 233, 399, 228, 162, 164, 108, 33, 76, 195, 427, 356, 419, 0]
Volume: 11.9322
Cost: 4782
Route: [0, 240, 489, 287, 337, 460, 133, 171, 302, 396, 173, 8, 463, 268, 2, 105, 379, 142, 7, 349, 126, 266, 495, 215, 490, 23, 475, 275, 185, 0]
Volume: 12.448
Cost: 5446
Route: [0, 13, 18, 313, 407, 223, 333, 204, 274, 110, 375, 238, 184, 47, 45, 57, 465, 335, 414, 444, 0]
Volume: 12.24
Cost: 4300
Route: [0, 178, 359, 161, 435, 170, 129, 1, 219, 306, 448, 321, 462, 117, 189, 98, 382, 406, 466, 231, 71, 429, 278, 0]
Volume: 11.914
Cost: 2577
Route: [0, 422, 25, 393, 461, 85, 329, 12, 135, 217, 257, 366, 371, 55, 445, 191, 353, 324, 352, 259, 250, 235, 413, 451, 0]
Volume: 11.8021
Cost: 3855
Route: [0, 248, 96, 100, 218, 156, 214, 476, 260, 246, 431, 468, 123, 41, 288, 455, 225, 172, 229, 292, 258, 148, 115, 271, 440, 92, 0]
Volume: 12.334
Cost: 4956
Route: [0, 213, 322, 99, 150, 334, 255, 391, 360, 323, 130, 439, 58, 347, 253, 328, 226, 109, 80, 188, 103, 210, 338, 116, 473, 29, 0]
Volume: 9.8281
Cost: 5448
Route: [0, 304, 125, 15, 409, 281, 420, 153, 474, 432, 160, 494, 469, 140, 345, 263, 311, 16, 112, 146, 0]
Volume: 10.2221
Cost: 4768
Route: [0, 244, 327, 363, 299, 139, 276, 66, 286, 26, 37, 48, 24, 454, 297, 157, 39, 261, 199, 149, 224, 453, 163, 404, 364, 330, 43, 279, 90, 0]
Volume: 11.7181
Cost: 4948
Route: [0, 430, 152, 303, 147, 458, 236, 318, 145, 175, 478, 34, 97, 28, 376, 36, 132, 102, 151, 63, 497, 386, 436, 426, 14, 373, 11, 486, 127, 101, 0]
Volume: 11.5823
Cost: 5876
