OFV: 243741.0

Route: [0, 230, 160, 22, 154, 1, 199, 30, 135, 194, 8, 61, 218, 59, 86, 204, 57, 115, 105, 71, 153, 187, 103, 171, 174, 227, 231, 120, 167, 77, 109, 166, 172, 141, 46, 129, 157, 226, 124, 225, 25, 232, 201, 4, 127, 89, 73, 33, 144, 0]
Volume: 12.43
Cost: 59558
Route: [0, 229, 117, 44, 148, 249, 2, 142, 146, 245, 37, 52, 238, 90, 132, 223, 196, 188, 246, 241, 143, 130, 212, 122, 113, 134, 94, 116, 10, 29, 112, 224, 60, 12, 31, 200, 161, 111, 179, 107, 35, 131, 56, 14, 220, 183, 155, 178, 128, 185, 85, 168, 215, 50, 0]
Volume: 12.4511
Cost: 72842
Route: [0, 101, 65, 93, 147, 19, 126, 118, 16, 217, 58, 45, 84, 55, 24, 138, 20, 207, 15, 17, 49, 47, 98, 149, 228, 69, 125, 110, 234, 6, 74, 206, 239, 242, 106, 177, 63, 190, 209, 108, 51, 3, 152, 119, 97, 137, 121, 102, 64, 100, 0]
Volume: 12.2131
Cost: 46251
Route: [0, 13, 43, 165, 233, 40, 203, 67, 54, 195, 34, 192, 62, 162, 133, 176, 150, 216, 36, 164, 7, 80, 210, 213, 222, 197, 236, 151, 181, 95, 78, 136, 159, 189, 244, 38, 243, 158, 87, 91, 82, 198, 39, 248, 11, 182, 75, 72, 104, 32, 88, 170, 26, 5, 48, 0]
Volume: 11.2201
Cost: 38680
Route: [0, 156, 237, 173, 219, 140, 70, 175, 28, 18, 9, 145, 221, 92, 123, 163, 169, 68, 139, 214, 235, 83, 21, 76, 240, 42, 27, 23, 191, 211, 79, 184, 208, 96, 180, 41, 247, 114, 205, 193, 202, 99, 53, 186, 81, 66, 0]
Volume: 11.871
Cost: 26410
