OFV: 394646.0

Route: [0, 81, 38, 180, 184, 130, 232, 106, 224, 169, 220, 237, 101, 151, 234, 61, 145, 35, 241, 146, 218, 196, 16, 153, 87, 53, 150, 30, 103, 230, 160, 170, 37, 51, 222, 127, 134, 84, 55, 8, 238, 131, 13, 140, 157, 17, 89, 167, 129, 136, 90, 4, 166, 39, 190, 211, 206, 112, 223, 249, 186, 22, 19, 74, 175, 189, 209, 227, 225, 176, 12, 25, 116, 132, 91, 113, 246, 183, 235, 14, 114, 240, 239, 243, 71, 204, 45, 187, 0]
Volume: 12.4344
Cost: 171745
Route: [0, 3, 159, 66, 33, 75, 205, 194, 208, 63, 98, 168, 20, 171, 141, 23, 245, 203, 202, 142, 207, 1, 10, 248, 65, 219, 139, 56, 173, 102, 149, 244, 163, 197, 228, 247, 86, 31, 124, 73, 133, 195, 21, 236, 83, 229, 128, 179, 47, 221, 15, 59, 156, 72, 191, 108, 177, 137, 42, 32, 99, 62, 185, 54, 126, 148, 118, 28, 60, 57, 125, 110, 44, 199, 36, 78, 233, 174, 64, 93, 122, 158, 43, 231, 52, 107, 226, 77, 11, 29, 94, 198, 213, 0]
Volume: 9.2411
Cost: 114583
Route: [0, 97, 26, 105, 109, 115, 79, 164, 215, 212, 120, 100, 135, 68, 50, 155, 70, 69, 138, 121, 18, 27, 111, 34, 117, 9, 172, 154, 182, 95, 41, 82, 181, 6, 88, 104, 210, 200, 143, 96, 162, 24, 48, 214, 178, 242, 5, 152, 80, 165, 147, 85, 161, 216, 201, 49, 46, 2, 40, 92, 119, 67, 123, 76, 188, 193, 58, 144, 217, 7, 192, 0]
Volume: 8.6774
Cost: 108318
