OFV: 2806932.0

Route: [0, 206, 131, 30, 360, 307, 0]
Volume: 4.78
Cost: 36009
Route: [0, 184, 489, 60, 96, 227, 384, 258, 0]
Volume: 5.0
Cost: 40111
Route: [0, 173, 401, 427, 74, 268, 299, 466, 68, 423, 464, 0]
Volume: 4.932
Cost: 31085
Route: [0, 198, 12, 122, 109, 133, 32, 232, 0]
Volume: 4.9941
Cost: 69321
Route: [0, 55, 65, 459, 481, 240, 354, 433, 33, 431, 124, 0]
Volume: 4.954
Cost: 47134
Route: [0, 104, 252, 407, 417, 326, 294, 221, 144, 396, 476, 0]
Volume: 5.0
Cost: 61439
Route: [0, 92, 171, 410, 200, 304, 404, 161, 120, 16, 413, 315, 271, 341, 290, 305, 0]
Volume: 4.994
Cost: 59473
Route: [0, 488, 498, 147, 311, 275, 115, 332, 176, 0]
Volume: 4.908
Cost: 57856
Route: [0, 61, 302, 261, 463, 190, 298, 358, 169, 158, 166, 387, 209, 112, 293, 0]
Volume: 4.986
Cost: 79349
Route: [0, 477, 351, 482, 393, 167, 130, 319, 127, 148, 208, 0]
Volume: 5.0
Cost: 69078
Route: [0, 83, 6, 292, 382, 126, 132, 242, 340, 175, 390, 448, 499, 150, 429, 0]
Volume: 4.998
Cost: 65373
Route: [0, 263, 282, 5, 114, 118, 108, 46, 0]
Volume: 4.9521
Cost: 42743
Route: [0, 445, 334, 3, 386, 84, 432, 446, 160, 442, 0]
Volume: 4.986
Cost: 54405
Route: [0, 460, 440, 140, 41, 117, 484, 467, 418, 451, 0]
Volume: 4.944
Cost: 47660
Route: [0, 91, 237, 193, 443, 88, 205, 312, 0]
Volume: 4.982
Cost: 54341
Route: [0, 281, 204, 335, 441, 267, 425, 58, 0]
Volume: 4.96
Cost: 57905
Route: [0, 202, 218, 103, 394, 388, 450, 152, 0]
Volume: 4.96
Cost: 46290
Route: [0, 373, 215, 333, 453, 352, 365, 310, 491, 153, 479, 474, 339, 192, 478, 183, 0]
Volume: 4.986
Cost: 69282
Route: [0, 136, 262, 194, 422, 70, 151, 247, 155, 42, 181, 57, 383, 0]
Volume: 4.99
Cost: 38911
Route: [0, 264, 399, 101, 260, 95, 370, 0]
Volume: 4.948
Cost: 58243
Route: [0, 362, 87, 10, 368, 411, 439, 0]
Volume: 4.98
Cost: 51338
Route: [0, 105, 90, 456, 306, 142, 146, 279, 272, 280, 0]
Volume: 4.9782
Cost: 35295
Route: [0, 128, 374, 402, 213, 62, 162, 329, 353, 135, 139, 38, 182, 0]
Volume: 4.92
Cost: 57256
Route: [0, 134, 225, 64, 436, 473, 316, 377, 179, 468, 22, 318, 380, 461, 0]
Volume: 4.9861
Cost: 84124
Route: [0, 220, 137, 343, 141, 421, 419, 44, 270, 17, 172, 300, 444, 233, 255, 226, 138, 0]
Volume: 4.9821
Cost: 98898
Route: [0, 159, 66, 119, 415, 285, 244, 214, 493, 416, 289, 0]
Volume: 4.946
Cost: 58678
Route: [0, 191, 449, 47, 269, 336, 27, 495, 284, 322, 366, 428, 0]
Volume: 5.0
Cost: 59266
Route: [0, 475, 314, 490, 50, 372, 77, 15, 391, 469, 369, 81, 286, 0]
Volume: 4.9981
Cost: 61946
Route: [0, 470, 229, 330, 398, 71, 63, 9, 236, 356, 188, 0]
Volume: 4.9821
Cost: 44545
Route: [0, 234, 75, 201, 331, 295, 4, 435, 187, 375, 86, 0]
Volume: 4.956
Cost: 44601
Route: [0, 462, 85, 210, 0]
Volume: 0.92
Cost: 13014
Route: [0, 178, 249, 328, 273, 347, 241, 364, 303, 25, 106, 98, 0]
Volume: 4.854
Cost: 55822
Route: [0, 309, 123, 287, 283, 228, 157, 357, 414, 28, 278, 0]
Volume: 4.934
Cost: 59680
Route: [0, 67, 408, 397, 248, 53, 381, 455, 0]
Volume: 4.94
Cost: 43275
Route: [0, 238, 78, 211, 195, 243, 7, 0]
Volume: 4.986
Cost: 47838
Route: [0, 497, 73, 277, 420, 355, 186, 257, 36, 323, 483, 35, 163, 485, 0]
Volume: 4.9781
Cost: 58633
Route: [0, 129, 359, 346, 345, 34, 259, 31, 0]
Volume: 4.884
Cost: 26988
Route: [0, 18, 56, 207, 14, 164, 496, 371, 76, 154, 230, 2, 472, 254, 0]
Volume: 4.9341
Cost: 38622
Route: [0, 20, 274, 21, 69, 400, 170, 113, 185, 99, 465, 26, 395, 0]
Volume: 4.9921
Cost: 62953
Route: [0, 308, 52, 145, 189, 196, 494, 389, 82, 338, 216, 219, 0]
Volume: 4.992
Cost: 71681
Route: [0, 168, 266, 45, 224, 392, 350, 379, 458, 0]
Volume: 4.992
Cost: 46876
Route: [0, 376, 203, 342, 11, 39, 452, 13, 143, 125, 102, 301, 0]
Volume: 4.968
Cost: 53905
Route: [0, 8, 235, 54, 313, 327, 367, 424, 385, 437, 180, 107, 246, 265, 430, 0]
Volume: 4.972
Cost: 75518
Route: [0, 409, 212, 457, 79, 80, 29, 412, 251, 49, 471, 0]
Volume: 4.982
Cost: 32724
Route: [0, 19, 337, 253, 403, 291, 223, 480, 1, 363, 325, 405, 222, 0]
Volume: 4.946
Cost: 67017
Route: [0, 487, 434, 378, 486, 199, 0]
Volume: 4.8779
Cost: 30554
Route: [0, 156, 111, 24, 406, 110, 447, 165, 426, 174, 0]
Volume: 4.9001
Cost: 55309
Route: [0, 116, 59, 40, 250, 217, 89, 43, 349, 321, 239, 149, 72, 0]
Volume: 4.924
Cost: 44449
Route: [0, 197, 320, 245, 454, 256, 296, 0]
Volume: 4.9939
Cost: 97488
Route: [0, 276, 361, 231, 23, 94, 297, 317, 344, 438, 37, 0]
Volume: 4.986
Cost: 44499
Route: [0, 51, 288, 93, 324, 100, 177, 48, 97, 348, 492, 121, 0]
Volume: 4.994
Cost: 98132
