OFV: 454004.0

Route: [0, 484, 405, 202, 36, 248, 197, 132, 301, 302, 158, 178, 485, 382, 351, 464, 229, 191, 317, 291, 472, 306, 189, 293, 415, 71, 40, 376, 200, 299, 469, 201, 13, 324, 39, 165, 130, 168, 104, 114, 356, 258, 269, 379, 70, 51, 225, 143, 359, 490, 67, 483, 313, 106, 406, 84, 434, 459, 219, 426, 268, 163, 393, 304, 80, 153, 193, 381, 255, 129, 10, 124, 449, 272, 231, 271, 14, 318, 441, 494, 190, 314, 370, 215, 54, 402, 224, 418, 116, 245, 85, 460, 65, 170, 118, 423, 327, 439, 372, 242, 79, 440, 254, 0]
Volume: 12.3317
Cost: 80402
Route: [0, 349, 486, 465, 387, 342, 207, 260, 407, 378, 17, 289, 103, 250, 160, 211, 83, 285, 44, 127, 436, 5, 341, 323, 112, 171, 311, 263, 99, 452, 148, 391, 29, 199, 398, 414, 55, 136, 101, 474, 149, 348, 8, 180, 498, 6, 232, 147, 384, 445, 110, 461, 92, 205, 295, 117, 262, 23, 361, 256, 305, 177, 186, 42, 339, 88, 203, 354, 492, 146, 315, 421, 340, 155, 413, 480, 176, 141, 223, 97, 24, 209, 296, 409, 332, 350, 86, 213, 429, 217, 0]
Volume: 11.1253
Cost: 102967
Route: [0, 227, 451, 369, 366, 218, 35, 488, 280, 119, 68, 26, 234, 279, 363, 380, 482, 309, 154, 198, 139, 493, 28, 16, 284, 443, 395, 462, 60, 11, 100, 73, 192, 233, 102, 126, 253, 477, 7, 91, 266, 66, 377, 430, 383, 388, 216, 156, 187, 456, 22, 78, 159, 183, 72, 47, 133, 346, 145, 292, 470, 123, 48, 58, 438, 98, 335, 326, 497, 428, 19, 49, 27, 328, 435, 204, 433, 450, 416, 447, 194, 228, 64, 144, 235, 367, 125, 294, 108, 496, 37, 220, 396, 214, 173, 251, 43, 0]
Volume: 12.4027
Cost: 80580
Route: [0, 264, 115, 249, 286, 188, 412, 386, 392, 34, 357, 20, 420, 360, 455, 236, 142, 479, 312, 471, 243, 179, 417, 212, 208, 487, 475, 195, 150, 157, 25, 38, 94, 57, 172, 303, 310, 120, 210, 473, 320, 33, 467, 330, 466, 308, 265, 77, 32, 321, 63, 4, 62, 151, 107, 288, 331, 181, 442, 41, 489, 152, 453, 87, 252, 53, 353, 45, 31, 89, 355, 410, 432, 411, 184, 325, 281, 105, 59, 113, 1, 244, 371, 345, 347, 385, 368, 390, 75, 298, 134, 175, 76, 196, 338, 476, 240, 448, 352, 0]
Volume: 12.3573
Cost: 84125
Route: [0, 81, 140, 307, 401, 478, 261, 424, 334, 50, 230, 362, 226, 399, 344, 69, 52, 46, 2, 431, 408, 137, 322, 238, 182, 463, 90, 96, 333, 374, 222, 174, 221, 458, 161, 278, 56, 259, 128, 93, 169, 397, 329, 270, 389, 491, 273, 287, 468, 274, 394, 162, 131, 427, 275, 297, 18, 30, 403, 446, 239, 122, 495, 499, 246, 9, 82, 319, 282, 15, 121, 290, 61, 404, 277, 444, 206, 237, 365, 95, 164, 316, 138, 425, 257, 336, 276, 454, 74, 109, 12, 21, 135, 364, 247, 267, 337, 343, 111, 167, 400, 437, 3, 373, 375, 166, 283, 185, 300, 422, 419, 241, 481, 457, 358, 0]
Volume: 12.4157
Cost: 105930
