OFV: 45101.0

Route: [0, 182, 25, 9, 19, 195, 95, 71, 179, 41, 249, 51, 242, 40, 108, 96, 143, 188, 26, 198, 134, 115, 128, 160, 233, 234, 3, 183, 90, 247, 129, 237, 246, 187, 116, 215, 60, 213, 111, 113, 16, 0]
Volume: 4.9456
Cost: 5377
Route: [0, 89, 166, 208, 79, 37, 58, 126, 76, 177, 117, 34, 171, 137, 119, 77, 33, 78, 133, 130, 241, 107, 205, 144, 4, 167, 210, 45, 91, 21, 212, 181, 141, 169, 165, 148, 0]
Volume: 4.0126
Cost: 5677
Route: [0, 75, 209, 162, 13, 32, 73, 27, 52, 64, 240, 80, 24, 194, 110, 63, 196, 197, 6, 139, 202, 46, 109, 158, 125, 243, 147, 102, 204, 84, 68, 216, 72, 99, 145, 185, 106, 248, 47, 17, 8, 236, 220, 0]
Volume: 4.5245
Cost: 7508
Route: [0, 189, 238, 230, 156, 153, 5, 93, 232, 131, 186, 100, 206, 36, 66, 67, 122, 70, 105, 14, 15, 7, 38, 0]
Volume: 3.269
Cost: 5569
Route: [0, 149, 164, 18, 53, 178, 201, 184, 54, 10, 118, 136, 29, 55, 132, 74, 120, 42, 88, 81, 39, 31, 159, 172, 123, 135, 44, 221, 11, 211, 217, 140, 101, 92, 85, 176, 48, 157, 200, 163, 0]
Volume: 4.7021
Cost: 5599
Route: [0, 207, 161, 1, 23, 229, 112, 199, 244, 154, 150, 12, 225, 173, 180, 30, 97, 61, 223, 175, 103, 193, 49, 231, 124, 227, 219, 152, 121, 127, 94, 83, 2, 62, 57, 104, 86, 43, 20, 228, 155, 245, 191, 226, 222, 214, 59, 224, 0]
Volume: 4.8818
Cost: 8535
Route: [0, 35, 203, 65, 69, 22, 56, 170, 87, 218, 168, 28, 98, 151, 146, 50, 82, 174, 142, 138, 190, 235, 114, 192, 239, 0]
Volume: 3.9367
Cost: 6836
