OFV: 1539527.0

Route: [0, 197, 330, 308, 265, 77, 63, 4, 0]
Volume: 4.926
Cost: 26123
Route: [0, 58, 326, 335, 204, 416, 447, 194, 417, 212, 208, 475, 0]
Volume: 4.998
Cost: 34679
Route: [0, 412, 357, 20, 420, 360, 487, 243, 471, 312, 455, 236, 142, 479, 0]
Volume: 4.986
Cost: 27084
Route: [0, 499, 495, 425, 257, 138, 237, 246, 162, 0]
Volume: 4.9601
Cost: 33380
Route: [0, 387, 24, 385, 427, 18, 297, 30, 403, 0]
Volume: 4.98
Cost: 26248
Route: [0, 477, 430, 377, 156, 187, 388, 216, 66, 7, 91, 266, 0]
Volume: 4.822
Cost: 22079
Route: [0, 264, 115, 249, 286, 188, 386, 392, 34, 405, 0]
Volume: 4.96
Cost: 15983
Route: [0, 14, 271, 231, 190, 494, 441, 314, 340, 421, 0]
Volume: 4.926
Cost: 30506
Route: [0, 101, 474, 348, 180, 8, 106, 406, 313, 434, 459, 84, 6, 1, 244, 0]
Volume: 4.844
Cost: 38887
Route: [0, 465, 342, 275, 9, 345, 370, 146, 315, 492, 176, 141, 480, 0]
Volume: 4.962
Cost: 32164
Route: [0, 48, 98, 19, 497, 428, 438, 0]
Volume: 4.96
Cost: 28334
Route: [0, 267, 365, 164, 95, 316, 347, 280, 0]
Volume: 4.936
Cost: 29792
Route: [0, 371, 163, 304, 80, 153, 193, 381, 110, 255, 0]
Volume: 4.986
Cost: 42309
Route: [0, 117, 262, 23, 361, 461, 203, 88, 354, 85, 0]
Volume: 4.9281
Cost: 45512
Route: [0, 42, 177, 305, 186, 256, 339, 205, 295, 92, 0]
Volume: 4.96
Cost: 39385
Route: [0, 234, 355, 379, 70, 490, 359, 143, 225, 184, 111, 437, 0]
Volume: 4.996
Cost: 30682
Route: [0, 460, 65, 170, 423, 327, 439, 372, 242, 0]
Volume: 4.9461
Cost: 19131
Route: [0, 254, 440, 207, 260, 0]
Volume: 4.612
Cost: 17562
Route: [0, 68, 136, 398, 414, 199, 29, 483, 67, 51, 411, 488, 0]
Volume: 4.946
Cost: 33370
Route: [0, 76, 446, 336, 276, 454, 325, 55, 281, 105, 59, 445, 0]
Volume: 4.96
Cost: 34832
Route: [0, 338, 476, 429, 213, 350, 86, 332, 107, 151, 62, 0]
Volume: 4.94
Cost: 26747
Route: [0, 352, 247, 135, 364, 373, 0]
Volume: 4.78
Cost: 24235
Route: [0, 486, 149, 219, 426, 268, 393, 498, 74, 109, 12, 448, 0]
Volume: 4.982
Cost: 39469
Route: [0, 401, 407, 17, 378, 289, 103, 250, 81, 307, 140, 0]
Volume: 4.88
Cost: 20432
Route: [0, 323, 344, 5, 399, 171, 311, 263, 452, 391, 148, 99, 0]
Volume: 4.948
Cost: 42262
Route: [0, 333, 463, 90, 96, 374, 222, 341, 112, 182, 261, 0]
Volume: 4.978
Cost: 38180
Route: [0, 202, 36, 228, 310, 120, 210, 473, 320, 33, 467, 248, 0]
Volume: 4.964
Cost: 32953
Route: [0, 2, 431, 408, 137, 238, 322, 46, 52, 69, 436, 226, 44, 0]
Volume: 4.8622
Cost: 29672
Route: [0, 358, 26, 489, 152, 453, 279, 41, 400, 0]
Volume: 4.9481
Cost: 23821
Route: [0, 49, 27, 328, 435, 433, 450, 64, 144, 303, 235, 173, 251, 214, 0]
Volume: 4.9821
Cost: 37705
Route: [0, 82, 282, 15, 319, 121, 290, 61, 404, 277, 155, 413, 0]
Volume: 4.906
Cost: 34272
Route: [0, 132, 466, 145, 292, 78, 47, 470, 179, 0]
Volume: 4.6441
Cost: 30565
Route: [0, 245, 54, 402, 418, 116, 224, 215, 118, 0]
Volume: 4.732
Cost: 24084
Route: [0, 334, 161, 56, 128, 259, 169, 93, 329, 273, 424, 0]
Volume: 4.856
Cost: 24103
Route: [0, 383, 382, 11, 60, 462, 493, 139, 351, 240, 0]
Volume: 4.976
Cost: 32801
Route: [0, 367, 294, 125, 108, 496, 37, 220, 396, 43, 0]
Volume: 4.962
Cost: 36855
Route: [0, 35, 166, 283, 185, 375, 3, 79, 0]
Volume: 4.35
Cost: 17702
Route: [0, 288, 309, 472, 306, 415, 189, 293, 71, 40, 376, 353, 252, 87, 167, 0]
Volume: 4.85
Cost: 31339
Route: [0, 157, 57, 172, 123, 346, 183, 159, 133, 72, 22, 456, 32, 0]
Volume: 4.974
Cost: 30814
Route: [0, 366, 464, 198, 28, 16, 284, 395, 443, 100, 73, 192, 321, 0]
Volume: 4.996
Cost: 34327
Route: [0, 478, 287, 97, 223, 449, 129, 124, 10, 272, 318, 0]
Volume: 4.996
Cost: 30983
Route: [0, 181, 154, 191, 229, 317, 291, 482, 380, 442, 343, 0]
Volume: 4.996
Cost: 27641
Route: [0, 119, 45, 31, 168, 104, 114, 356, 269, 258, 89, 410, 432, 21, 196, 0]
Volume: 4.8681
Cost: 32933
Route: [0, 409, 296, 175, 75, 134, 209, 298, 390, 0]
Volume: 4.742
Cost: 20836
Route: [0, 349, 131, 394, 468, 274, 0]
Volume: 4.7859
Cost: 25591
Route: [0, 331, 363, 53, 200, 469, 299, 201, 13, 39, 324, 165, 130, 337, 0]
Volume: 4.98
Cost: 29857
Route: [0, 227, 253, 126, 102, 233, 485, 178, 158, 302, 301, 218, 0]
Volume: 4.9619
Cost: 29795
Route: [0, 484, 451, 369, 300, 422, 419, 241, 457, 481, 217, 0]
Volume: 4.548
Cost: 17711
Route: [0, 232, 147, 384, 113, 206, 444, 122, 239, 368, 0]
Volume: 4.9901
Cost: 35318
Route: [0, 211, 83, 362, 230, 50, 285, 0]
Volume: 4.7141
Cost: 21210
Route: [0, 150, 195, 25, 38, 94, 0]
Volume: 4.06
Cost: 22780
Route: [0, 160, 397, 491, 389, 270, 278, 221, 174, 458, 127, 0]
Volume: 4.996
Cost: 24492
