OFV: 360778.0

Route: [0, 443, 424, 114, 135, 386, 232, 384, 29, 210, 184, 24, 180, 252, 213, 175, 198, 158, 306, 460, 490, 52, 350, 225, 269, 246, 265, 137, 124, 30, 97, 475, 89, 419, 472, 237, 293, 258, 130, 71, 94, 385, 388, 43, 190, 429, 82, 220, 432, 21, 327, 436, 126, 360, 196, 216, 153, 85, 305, 104, 466, 266, 90, 118, 0]
Volume: 12.3832
Cost: 49135
Route: [0, 480, 17, 209, 73, 433, 421, 146, 325, 340, 449, 35, 39, 28, 15, 77, 423, 495, 163, 279, 132, 183, 367, 288, 268, 499, 45, 285, 121, 320, 413, 87, 18, 127, 161, 283, 159, 211, 362, 299, 19, 382, 300, 169, 219, 264, 365, 270, 46, 207, 170, 476, 289, 105, 136, 240, 0]
Volume: 12.4573
Cost: 46043
Route: [0, 228, 23, 12, 49, 193, 5, 66, 263, 164, 86, 102, 459, 272, 277, 67, 201, 326, 31, 428, 310, 395, 415, 145, 338, 491, 394, 378, 131, 473, 178, 61, 485, 157, 80, 336, 468, 54, 141, 307, 200, 202, 294, 363, 274, 181, 313, 353, 312, 37, 34, 364, 256, 33, 366, 172, 477, 0]
Volume: 12.2493
Cost: 28765
Route: [0, 176, 441, 478, 319, 10, 273, 393, 470, 351, 47, 479, 398, 65, 403, 150, 221, 456, 465, 147, 452, 344, 36, 98, 185, 290, 160, 257, 92, 223, 199, 401, 64, 187, 484, 62, 63, 291, 381, 407, 165, 120, 418, 0]
Volume: 12.2611
Cost: 23339
Route: [0, 482, 372, 78, 370, 374, 88, 76, 79, 173, 406, 249, 60, 343, 276, 332, 243, 349, 438, 115, 197, 434, 214, 361, 20, 267, 101, 412, 224, 125, 57, 226, 324, 25, 286, 261, 420, 458, 335, 53, 233, 242, 487, 333, 103, 192, 453, 167, 0]
Volume: 12.1661
Cost: 45986
Route: [0, 152, 96, 292, 6, 69, 329, 208, 328, 448, 339, 151, 59, 144, 8, 471, 303, 189, 348, 439, 357, 111, 404, 231, 155, 218, 410, 174, 271, 143, 331, 450, 474, 347, 486, 50, 323, 467, 493, 446, 48, 462, 108, 235, 409, 444, 234, 342, 488, 411, 346, 262, 194, 442, 72, 7, 308, 230, 390, 0]
Volume: 12.4713
Cost: 45600
Route: [0, 309, 284, 359, 253, 463, 212, 229, 376, 84, 1, 392, 251, 447, 297, 431, 204, 358, 2, 217, 245, 414, 457, 4, 40, 334, 81, 113, 138, 171, 95, 27, 416, 129, 311, 122, 304, 99, 74, 133, 492, 112, 371, 154, 400, 51, 134, 282, 16, 9, 191, 397, 195, 44, 435, 123, 70, 454, 14, 373, 337, 317, 250, 239, 391, 281, 430, 402, 255, 0]
Volume: 11.8321
Cost: 49484
Route: [0, 236, 405, 440, 498, 119, 408, 222, 461, 451, 162, 186, 38, 166, 11, 352, 354, 437, 100, 177, 345, 206, 58, 110, 188, 298, 56, 41, 396, 481, 427, 497, 149, 148, 278, 116, 260, 383, 168, 455, 140, 318, 205, 106, 107, 0]
Volume: 11.8741
Cost: 26667
Route: [0, 330, 316, 68, 227, 241, 417, 387, 380, 83, 341, 26, 445, 369, 42, 426, 321, 322, 182, 128, 22, 494, 93, 215, 483, 375, 377, 315, 179, 295, 259, 287, 75, 355, 142, 244, 489, 425, 314, 32, 248, 55, 238, 117, 302, 368, 275, 389, 379, 254, 356, 296, 280, 496, 156, 399, 422, 13, 3, 247, 91, 464, 109, 301, 469, 139, 203, 0]
Volume: 12.38
Cost: 45759
