OFV: 622392.0

Route: [0, 219, 220, 144, 160, 86, 214, 3, 123, 240, 71, 242, 134, 34, 0]
Volume: 4.996
Cost: 30020
Route: [0, 197, 43, 222, 206, 65, 177, 211, 0]
Volume: 4.834
Cost: 15594
Route: [0, 77, 244, 55, 150, 168, 45, 52, 158, 135, 154, 0]
Volume: 4.876
Cost: 24058
Route: [0, 66, 14, 96, 234, 28, 231, 162, 33, 155, 170, 228, 128, 202, 10, 141, 0]
Volume: 4.886
Cost: 24617
Route: [0, 133, 131, 212, 126, 205, 109, 104, 62, 35, 165, 67, 94, 93, 0]
Volume: 4.91
Cost: 29238
Route: [0, 132, 152, 151, 210, 186, 118, 5, 58, 174, 0]
Volume: 4.9419
Cost: 22361
Route: [0, 47, 40, 39, 37, 8, 209, 49, 238, 147, 190, 0]
Volume: 4.984
Cost: 24342
Route: [0, 117, 143, 42, 246, 2, 72, 9, 41, 0]
Volume: 5.0
Cost: 32138
Route: [0, 46, 121, 23, 25, 70, 50, 32, 81, 189, 119, 0]
Volume: 4.984
Cost: 27953
Route: [0, 215, 161, 18, 198, 110, 124, 97, 101, 107, 57, 48, 0]
Volume: 4.978
Cost: 26802
Route: [0, 148, 239, 24, 20, 142, 84, 0]
Volume: 4.846
Cost: 15364
Route: [0, 13, 178, 163, 187, 140, 105, 38, 116, 167, 30, 0]
Volume: 4.9621
Cost: 26850
Route: [0, 157, 164, 225, 27, 22, 0]
Volume: 4.9459
Cost: 19445
Route: [0, 181, 88, 226, 179, 12, 185, 217, 171, 139, 127, 108, 0]
Volume: 4.918
Cost: 25371
Route: [0, 111, 78, 122, 113, 29, 184, 79, 199, 0]
Volume: 4.9281
Cost: 18729
Route: [0, 90, 120, 69, 100, 129, 233, 180, 0]
Volume: 4.986
Cost: 18491
Route: [0, 87, 6, 145, 115, 36, 4, 73, 166, 173, 230, 82, 0]
Volume: 4.976
Cost: 21517
Route: [0, 16, 137, 200, 85, 54, 204, 64, 0]
Volume: 4.984
Cost: 14536
Route: [0, 26, 237, 201, 191, 112, 182, 51, 68, 80, 74, 175, 0]
Volume: 4.786
Cost: 28382
Route: [0, 15, 7, 17, 53, 136, 153, 59, 149, 19, 89, 0]
Volume: 4.9501
Cost: 19371
Route: [0, 245, 192, 63, 193, 125, 92, 91, 208, 0]
Volume: 4.8861
Cost: 19996
Route: [0, 146, 114, 11, 21, 183, 60, 236, 223, 0]
Volume: 4.912
Cost: 15589
Route: [0, 31, 172, 227, 76, 241, 138, 194, 56, 213, 61, 195, 207, 232, 203, 0]
Volume: 4.9961
Cost: 33605
Route: [0, 229, 249, 130, 98, 221, 83, 247, 235, 102, 0]
Volume: 4.944
Cost: 29714
Route: [0, 188, 1, 169, 106, 248, 224, 218, 176, 103, 216, 95, 0]
Volume: 4.992
Cost: 34173
Route: [0, 99, 75, 243, 159, 44, 196, 156, 0]
Volume: 4.992
Cost: 24136
