OFV: 190075.0

Route: [0, 14, 64, 84, 62, 48, 95, 36, 50, 74, 51, 24, 55, 61, 92, 66, 83, 35, 46, 82, 37, 28, 69, 88, 0]
Volume: 2.6495
Cost: 54809
Route: [0, 30, 33, 2, 22, 67, 3, 53, 15, 49, 90, 58, 97, 5, 29, 6, 57, 96, 4, 56, 25, 21, 39, 98, 75, 99, 1, 59, 12, 71, 76, 85, 0]
Volume: 4.8253
Cost: 53027
Route: [0, 40, 8, 63, 45, 52, 86, 91, 89, 73, 70, 44, 31, 77, 11, 20, 81, 9, 87, 32, 23, 65, 43, 79, 42, 41, 13, 47, 10, 19, 34, 54, 16, 26, 80, 72, 17, 68, 60, 18, 78, 7, 27, 38, 93, 94, 0]
Volume: 4.8546
Cost: 82239
