OFV: 336523.0

Route: [0, 86, 9, 25, 85, 27, 32, 33, 59, 76, 65, 30, 15, 17, 66, 51, 79, 39, 0]
Volume: 4.8591
Cost: 55215
Route: [0, 37, 35, 41, 67, 56, 74, 92, 99, 72, 42, 22, 4, 57, 0]
Volume: 4.133
Cost: 58434
Route: [0, 2, 43, 81, 73, 26, 83, 13, 46, 10, 97, 61, 44, 29, 49, 82, 0]
Volume: 3.611
Cost: 68218
Route: [0, 23, 68, 78, 89, 54, 31, 40, 88, 50, 28, 8, 0]
Volume: 4.471
Cost: 48862
Route: [0, 18, 70, 48, 55, 20, 5, 71, 94, 12, 84, 58, 21, 19, 62, 63, 69, 95, 91, 6, 16, 77, 80, 98, 7, 0]
Volume: 4.9801
Cost: 51404
Route: [0, 45, 60, 36, 64, 14, 96, 93, 3, 87, 53, 75, 11, 1, 24, 34, 52, 47, 38, 90, 0]
Volume: 4.385
Cost: 54390
