OFV: 425106.0

Route: [0, 239, 51, 238, 185, 0]
Volume: 4.938
Cost: 10849
Route: [0, 114, 205, 60, 141, 211, 166, 183, 99, 115, 164, 136, 0]
Volume: 4.988
Cost: 19513
Route: [0, 160, 87, 53, 19, 68, 194, 202, 70, 158, 0]
Volume: 4.244
Cost: 7444
Route: [0, 15, 42, 146, 124, 241, 72, 47, 0]
Volume: 4.978
Cost: 15894
Route: [0, 71, 184, 190, 119, 7, 126, 108, 248, 27, 123, 196, 0]
Volume: 4.8481
Cost: 31237
Route: [0, 28, 77, 57, 91, 207, 175, 233, 148, 111, 94, 106, 0]
Volume: 4.874
Cost: 14291
Route: [0, 103, 156, 67, 107, 25, 127, 131, 0]
Volume: 4.964
Cost: 5051
Route: [0, 10, 225, 222, 209, 16, 21, 105, 144, 0]
Volume: 4.642
Cost: 14957
Route: [0, 223, 179, 245, 46, 201, 20, 227, 0]
Volume: 4.74
Cost: 17538
Route: [0, 92, 133, 157, 59, 171, 0]
Volume: 2.738
Cost: 2352
Route: [0, 204, 74, 17, 14, 118, 32, 151, 155, 89, 197, 6, 168, 0]
Volume: 4.95
Cost: 21057
Route: [0, 128, 199, 159, 116, 41, 85, 230, 161, 0]
Volume: 4.876
Cost: 5900
Route: [0, 23, 132, 12, 191, 125, 122, 29, 0]
Volume: 4.244
Cost: 11478
Route: [0, 214, 162, 18, 11, 249, 0]
Volume: 4.96
Cost: 15829
Route: [0, 73, 56, 130, 64, 206, 35, 65, 189, 138, 193, 0]
Volume: 4.896
Cost: 15231
Route: [0, 96, 212, 5, 48, 109, 226, 244, 182, 62, 0]
Volume: 5.0
Cost: 19915
Route: [0, 45, 43, 198, 229, 236, 234, 224, 219, 165, 0]
Volume: 4.8401
Cost: 13955
Route: [0, 58, 117, 79, 147, 186, 242, 240, 101, 0]
Volume: 4.99
Cost: 17825
Route: [0, 176, 167, 247, 50, 44, 30, 69, 217, 33, 200, 231, 120, 0]
Volume: 4.88
Cost: 9810
Route: [0, 169, 135, 152, 97, 208, 149, 0]
Volume: 4.874
Cost: 8180
Route: [0, 40, 36, 180, 81, 55, 104, 153, 54, 0]
Volume: 4.92
Cost: 17812
Route: [0, 78, 134, 75, 3, 173, 246, 22, 187, 142, 203, 63, 235, 181, 0]
Volume: 4.934
Cost: 19987
Route: [0, 83, 140, 13, 237, 86, 95, 163, 26, 232, 188, 82, 110, 177, 0]
Volume: 4.94
Cost: 22930
Route: [0, 8, 39, 34, 98, 150, 228, 24, 84, 174, 0]
Volume: 4.918
Cost: 12120
Route: [0, 143, 192, 178, 220, 38, 66, 243, 145, 112, 0]
Volume: 4.9
Cost: 18265
Route: [0, 213, 37, 52, 215, 1, 76, 90, 100, 216, 4, 154, 61, 170, 9, 218, 172, 0]
Volume: 4.9321
Cost: 28730
Route: [0, 221, 49, 113, 31, 102, 195, 2, 0]
Volume: 4.942
Cost: 12864
Route: [0, 129, 137, 210, 139, 88, 93, 121, 80, 0]
Volume: 4.9081
Cost: 14092
