OFV: 206558.0

Route: [0, 48, 158, 159, 4, 52, 106, 102, 90, 115, 25, 232, 37, 184, 138, 24, 151, 149, 0]
Volume: 12.4141
Cost: 24462
Route: [0, 8, 50, 163, 212, 5, 203, 207, 185, 227, 170, 68, 32, 109, 57, 39, 226, 248, 40, 44, 148, 126, 0]
Volume: 12.0461
Cost: 22224
Route: [0, 53, 104, 56, 22, 124, 219, 235, 156, 105, 187, 17, 228, 242, 23, 11, 146, 220, 15, 162, 230, 210, 35, 16, 110, 173, 62, 209, 215, 177, 223, 241, 0]
Volume: 12.3901
Cost: 25529
Route: [0, 12, 137, 199, 246, 59, 164, 245, 129, 99, 94, 29, 217, 113, 45, 42, 65, 0]
Volume: 12.372
Cost: 15143
Route: [0, 145, 237, 180, 189, 80, 125, 83, 229, 206, 211, 6, 3, 174, 117, 87, 171, 157, 98, 123, 188, 183, 201, 103, 77, 249, 147, 0]
Volume: 12.27
Cost: 17127
Route: [0, 121, 186, 197, 118, 161, 136, 139, 108, 200, 202, 67, 28, 218, 66, 111, 155, 41, 63, 247, 38, 100, 128, 33, 0]
Volume: 10.528
Cost: 13867
Route: [0, 51, 71, 192, 91, 196, 82, 178, 79, 18, 231, 168, 114, 133, 9, 78, 134, 243, 43, 236, 21, 166, 88, 0]
Volume: 9.3601
Cost: 12891
Route: [0, 131, 204, 92, 239, 120, 58, 112, 31, 213, 193, 70, 75, 101, 244, 190, 152, 19, 153, 30, 135, 116, 55, 198, 76, 127, 0]
Volume: 12.4701
Cost: 25913
Route: [0, 181, 141, 60, 13, 81, 238, 214, 160, 140, 34, 175, 61, 122, 95, 234, 182, 167, 165, 107, 0]
Volume: 12.4959
Cost: 17865
Route: [0, 154, 132, 74, 142, 240, 46, 64, 54, 97, 14, 10, 7, 222, 119, 194, 144, 20, 191, 205, 1, 225, 143, 47, 130, 0]
Volume: 11.7601
Cost: 13805
Route: [0, 86, 27, 73, 69, 49, 169, 150, 208, 221, 233, 89, 176, 216, 93, 195, 96, 2, 172, 85, 224, 179, 72, 36, 84, 26, 0]
Volume: 10.9261
Cost: 17732
