OFV: 71446.0

Route: [0, 45, 93, 226, 48, 140, 76, 224, 125, 232, 10, 100, 38, 30, 47, 170, 19, 116, 84, 198, 114, 186, 240, 0]
Volume: 11.038
Cost: 5777
Route: [0, 229, 211, 107, 130, 246, 223, 133, 112, 35, 135, 3, 54, 32, 172, 66, 190, 136, 2, 154, 168, 0]
Volume: 12.494
Cost: 6908
Route: [0, 121, 75, 88, 152, 180, 155, 218, 70, 149, 157, 37, 90, 68, 164, 141, 191, 79, 161, 86, 174, 243, 163, 123, 98, 83, 209, 0]
Volume: 12.0121
Cost: 8284
Route: [0, 82, 11, 6, 78, 237, 122, 71, 194, 120, 225, 143, 167, 166, 113, 126, 132, 40, 34, 160, 187, 153, 221, 144, 249, 195, 204, 0]
Volume: 12.192
Cost: 6271
Route: [0, 235, 73, 9, 131, 212, 220, 128, 201, 22, 176, 210, 72, 129, 165, 182, 241, 248, 156, 4, 139, 219, 206, 15, 7, 104, 87, 169, 145, 18, 0]
Volume: 12.4939
Cost: 9047
Route: [0, 27, 41, 183, 137, 96, 188, 1, 51, 62, 63, 118, 185, 208, 124, 217, 13, 102, 117, 44, 67, 109, 213, 142, 0]
Volume: 11.7101
Cost: 6546
Route: [0, 197, 134, 81, 61, 150, 12, 60, 178, 146, 74, 193, 97, 230, 58, 14, 239, 247, 233, 26, 56, 108, 236, 0]
Volume: 12.4479
Cost: 3963
Route: [0, 238, 65, 203, 244, 181, 8, 17, 39, 158, 200, 215, 50, 159, 106, 199, 245, 92, 196, 89, 148, 0]
Volume: 12.3141
Cost: 4198
Route: [0, 25, 29, 189, 227, 95, 119, 115, 147, 171, 31, 216, 231, 110, 91, 77, 80, 43, 101, 69, 36, 21, 49, 20, 0]
Volume: 11.9181
Cost: 7389
Route: [0, 103, 127, 111, 138, 192, 162, 64, 99, 57, 205, 214, 151, 179, 59, 202, 234, 173, 222, 177, 242, 16, 85, 0]
Volume: 11.6
Cost: 7214
Route: [0, 55, 228, 5, 53, 24, 33, 184, 42, 94, 105, 207, 175, 23, 46, 28, 52, 0]
Volume: 8.158
Cost: 5849
