OFV: 781073.0

Route: [0, 21, 29, 53, 60, 15, 14, 94, 26, 3, 62, 67, 13, 19, 59, 0]
Volume: 4.884
Cost: 88914
Route: [0, 12, 5, 79, 31, 86, 72, 58, 82, 57, 0]
Volume: 4.9961
Cost: 76671
Route: [0, 44, 6, 35, 98, 27, 93, 49, 20, 37, 75, 23, 1, 99, 63, 0]
Volume: 4.87
Cost: 113708
Route: [0, 78, 70, 50, 71, 61, 39, 36, 66, 10, 52, 0]
Volume: 4.9301
Cost: 94359
Route: [0, 30, 76, 69, 32, 2, 64, 96, 48, 11, 73, 56, 24, 77, 0]
Volume: 4.744
Cost: 63184
Route: [0, 88, 25, 85, 68, 16, 55, 47, 97, 28, 0]
Volume: 4.982
Cost: 76342
Route: [0, 81, 41, 8, 33, 83, 0]
Volume: 3.892
Cost: 68327
Route: [0, 89, 74, 42, 91, 46, 0]
Volume: 4.96
Cost: 54690
Route: [0, 80, 54, 34, 92, 43, 4, 87, 18, 40, 38, 90, 45, 0]
Volume: 4.9101
Cost: 76616
Route: [0, 7, 95, 65, 22, 9, 51, 17, 84, 0]
Volume: 4.864
Cost: 68262
