OFV: 15527.0

Route: [0, 85, 37, 93, 80, 36, 50, 28, 16, 17, 13, 96, 39, 38, 11, 14, 92, 48, 66, 83, 0]
Volume: 4.606
Cost: 3680
Route: [0, 21, 49, 20, 23, 29, 60, 27, 56, 81, 41, 52, 44, 1, 35, 72, 9, 2, 33, 19, 0]
Volume: 4.949
Cost: 3390
Route: [0, 61, 99, 24, 55, 57, 91, 7, 62, 42, 65, 79, 12, 89, 90, 97, 76, 88, 26, 94, 0]
Volume: 4.626
Cost: 1925
Route: [0, 32, 84, 51, 15, 64, 45, 34, 75, 3, 73, 53, 47, 22, 63, 87, 31, 86, 46, 67, 58, 10, 6, 95, 59, 0]
Volume: 4.929
Cost: 4469
Route: [0, 98, 71, 30, 69, 5, 70, 82, 25, 77, 18, 4, 40, 43, 8, 68, 54, 74, 78, 0]
Volume: 4.673
Cost: 2063
