OFV: 180970.0

Route: [0, 113, 485, 82, 138, 361, 108, 62, 339, 9, 0]
Volume: 4.9381
Cost: 3566
Route: [0, 210, 158, 25, 78, 77, 33, 168, 68, 265, 0]
Volume: 4.114
Cost: 4607
Route: [0, 171, 384, 488, 54, 64, 211, 136, 7, 433, 180, 0]
Volume: 4.944
Cost: 3705
Route: [0, 51, 134, 3, 53, 295, 415, 240, 105, 457, 472, 122, 0]
Volume: 4.986
Cost: 3455
Route: [0, 306, 165, 39, 325, 335, 224, 292, 167, 489, 310, 148, 364, 170, 174, 0]
Volume: 4.738
Cost: 3204
Route: [0, 462, 114, 146, 319, 497, 373, 368, 161, 358, 333, 451, 424, 375, 75, 493, 0]
Volume: 4.978
Cost: 3182
Route: [0, 123, 112, 233, 261, 263, 410, 216, 323, 251, 86, 469, 416, 4, 0]
Volume: 4.966
Cost: 3031
Route: [0, 259, 36, 31, 393, 398, 37, 0]
Volume: 4.714
Cost: 3485
Route: [0, 402, 421, 119, 272, 252, 456, 55, 348, 244, 437, 0]
Volume: 4.992
Cost: 3206
Route: [0, 144, 44, 483, 149, 303, 434, 346, 0]
Volume: 4.854
Cost: 3288
Route: [0, 185, 247, 390, 273, 379, 300, 324, 99, 309, 0]
Volume: 4.876
Cost: 3275
Route: [0, 355, 207, 305, 34, 444, 330, 453, 243, 340, 271, 162, 427, 18, 0]
Volume: 4.9961
Cost: 3367
Route: [0, 63, 374, 140, 100, 141, 72, 428, 268, 202, 275, 166, 213, 69, 0]
Volume: 4.9961
Cost: 4938
Route: [0, 291, 250, 193, 334, 0]
Volume: 4.58
Cost: 3352
Route: [0, 286, 76, 237, 70, 409, 0]
Volume: 4.8501
Cost: 2941
Route: [0, 40, 125, 232, 227, 204, 459, 248, 0]
Volume: 4.876
Cost: 3576
Route: [0, 417, 186, 46, 487, 190, 414, 407, 307, 0]
Volume: 4.564
Cost: 3469
Route: [0, 363, 465, 29, 389, 218, 8, 270, 22, 102, 405, 153, 491, 0]
Volume: 4.762
Cost: 3713
Route: [0, 278, 262, 117, 378, 357, 212, 2, 426, 282, 253, 0]
Volume: 4.874
Cost: 3198
Route: [0, 484, 95, 110, 283, 349, 19, 311, 256, 61, 327, 445, 276, 0]
Volume: 4.854
Cost: 3906
Route: [0, 371, 460, 381, 449, 0]
Volume: 4.9479
Cost: 3558
Route: [0, 98, 201, 150, 396, 231, 287, 147, 294, 360, 370, 13, 47, 475, 128, 315, 0]
Volume: 4.682
Cost: 3667
Route: [0, 404, 137, 241, 181, 208, 418, 200, 143, 321, 20, 285, 0]
Volume: 4.674
Cost: 3379
Route: [0, 388, 28, 115, 73, 473, 74, 352, 215, 151, 342, 0]
Volume: 4.646
Cost: 3695
Route: [0, 369, 258, 173, 97, 477, 21, 197, 49, 0]
Volume: 4.9581
Cost: 3596
Route: [0, 293, 269, 431, 447, 392, 124, 264, 56, 432, 179, 383, 332, 320, 203, 0]
Volume: 4.982
Cost: 3494
Route: [0, 91, 107, 351, 297, 290, 486, 50, 205, 214, 106, 38, 155, 43, 0]
Volume: 4.992
Cost: 3688
Route: [0, 245, 198, 60, 471, 26, 302, 145, 83, 419, 0]
Volume: 4.992
Cost: 3194
Route: [0, 476, 133, 463, 228, 152, 338, 27, 403, 30, 0]
Volume: 4.724
Cost: 6093
Route: [0, 474, 350, 372, 89, 189, 195, 380, 65, 5, 0]
Volume: 4.898
Cost: 3223
Route: [0, 23, 59, 111, 454, 328, 439, 230, 289, 0]
Volume: 4.962
Cost: 3148
Route: [0, 222, 192, 436, 296, 395, 221, 318, 194, 0]
Volume: 4.74
Cost: 3358
Route: [0, 257, 479, 17, 41, 499, 365, 254, 399, 1, 461, 279, 0]
Volume: 4.914
Cost: 6049
Route: [0, 367, 135, 301, 32, 341, 96, 274, 84, 132, 408, 159, 494, 0]
Volume: 4.832
Cost: 3742
Route: [0, 92, 169, 458, 440, 478, 88, 249, 284, 329, 57, 0]
Volume: 4.984
Cost: 3806
Route: [0, 130, 429, 420, 183, 127, 116, 400, 353, 356, 156, 120, 103, 0]
Volume: 4.986
Cost: 3773
Route: [0, 71, 16, 425, 14, 85, 442, 157, 468, 362, 90, 129, 139, 15, 246, 0]
Volume: 4.998
Cost: 3574
Route: [0, 104, 188, 413, 299, 277, 206, 376, 391, 172, 482, 298, 314, 42, 0]
Volume: 4.9881
Cost: 3580
Route: [0, 401, 142, 492, 79, 354, 81, 0]
Volume: 4.4481
Cost: 3487
Route: [0, 304, 219, 182, 387, 109, 235, 266, 312, 87, 498, 0]
Volume: 4.9981
Cost: 3453
Route: [0, 187, 366, 176, 118, 443, 496, 490, 67, 80, 412, 93, 411, 0]
Volume: 4.844
Cost: 3676
Route: [0, 209, 223, 481, 11, 0]
Volume: 4.736
Cost: 2894
Route: [0, 495, 397, 281, 344, 35, 406, 438, 52, 394, 0]
Volume: 4.824
Cost: 3500
Route: [0, 359, 260, 226, 435, 24, 160, 0]
Volume: 3.86
Cost: 4049
Route: [0, 385, 191, 466, 377, 154, 317, 45, 126, 12, 239, 322, 178, 196, 288, 0]
Volume: 4.9921
Cost: 3105
Route: [0, 267, 450, 66, 343, 470, 441, 229, 101, 467, 326, 0]
Volume: 4.902
Cost: 3582
Route: [0, 422, 382, 280, 121, 455, 347, 225, 452, 464, 238, 131, 163, 0]
Volume: 4.9041
Cost: 3218
Route: [0, 10, 423, 313, 199, 94, 336, 337, 0]
Volume: 4.766
Cost: 3687
Route: [0, 236, 177, 255, 242, 430, 331, 308, 164, 446, 220, 0]
Volume: 4.976
Cost: 3766
Route: [0, 316, 58, 175, 345, 386, 217, 6, 448, 48, 480, 184, 234, 0]
Volume: 4.802
Cost: 3472
