OFV: 31292.0

Route: [0, 61, 24, 54, 89, 17, 76, 20, 8, 3, 9, 70, 82, 75, 78, 30, 91, 38, 4, 52, 77, 33, 32, 51, 31, 96, 83, 69, 1, 0]
Volume: 9.0298
Cost: 9535
Route: [0, 66, 10, 72, 45, 86, 43, 44, 14, 36, 57, 60, 42, 40, 58, 21, 98, 15, 2, 11, 23, 71, 19, 90, 87, 16, 88, 92, 53, 49, 22, 39, 94, 80, 5, 12, 68, 0]
Volume: 10.074
Cost: 10663
Route: [0, 28, 84, 50, 56, 37, 64, 93, 46, 95, 13, 26, 85, 79, 7, 97, 47, 41, 73, 59, 6, 67, 18, 65, 99, 27, 25, 74, 29, 62, 48, 34, 81, 35, 55, 63, 0]
Volume: 10.7321
Cost: 11094
