OFV: 226790.0

Route: [0, 109, 222, 89, 33, 111, 186, 126, 226, 239, 97, 154, 208, 58, 108, 84, 174, 144, 94, 143, 152, 214, 236, 54, 153, 90, 120, 37, 60, 240, 138, 112, 231, 0]
Volume: 8.575
Cost: 35614
Route: [0, 248, 168, 3, 136, 233, 125, 142, 135, 184, 62, 223, 101, 116, 5, 34, 150, 20, 46, 180, 40, 195, 110, 4, 242, 45, 100, 179, 123, 181, 124, 160, 220, 12, 21, 189, 228, 104, 128, 207, 141, 127, 18, 70, 0]
Volume: 10.2071
Cost: 49923
Route: [0, 213, 87, 103, 170, 234, 191, 47, 171, 50, 56, 165, 219, 134, 217, 96, 69, 43, 73, 158, 156, 41, 161, 183, 122, 216, 121, 85, 93, 11, 22, 149, 42, 210, 132, 53, 17, 79, 209, 27, 199, 148, 173, 246, 16, 177, 2, 6, 247, 77, 194, 31, 133, 206, 169, 65, 0]
Volume: 12.3221
Cost: 35703
Route: [0, 243, 172, 218, 52, 76, 102, 106, 215, 188, 244, 51, 146, 63, 55, 225, 80, 211, 67, 190, 230, 140, 229, 227, 86, 204, 119, 95, 88, 178, 115, 49, 145, 78, 187, 163, 114, 155, 201, 72, 26, 29, 61, 64, 28, 192, 92, 82, 0]
Volume: 10.865
Cost: 39831
Route: [0, 176, 193, 48, 13, 205, 98, 238, 131, 221, 36, 9, 19, 197, 10, 237, 200, 25, 235, 75, 147, 198, 1, 167, 113, 66, 249, 23, 203, 164, 68, 99, 212, 162, 0]
Volume: 9.939
Cost: 27078
Route: [0, 117, 83, 39, 118, 157, 81, 71, 91, 14, 24, 32, 139, 182, 166, 224, 245, 159, 105, 15, 7, 241, 35, 151, 38, 107, 44, 74, 130, 202, 185, 59, 57, 232, 175, 137, 129, 8, 196, 30, 0]
Volume: 10.9531
Cost: 38641
