OFV: 1527459.0

Route: [0, 409, 359, 486, 487, 434, 378, 345, 34, 346, 199, 0]
Volume: 3.126
Cost: 30512
Route: [0, 191, 449, 342, 351, 252, 407, 417, 198, 134, 144, 396, 476, 411, 439, 0]
Volume: 4.9491
Cost: 60412
Route: [0, 18, 440, 203, 47, 130, 127, 319, 302, 261, 463, 190, 298, 358, 169, 158, 313, 112, 393, 482, 167, 148, 235, 366, 208, 258, 0]
Volume: 4.978
Cost: 77387
Route: [0, 295, 4, 435, 187, 119, 410, 493, 16, 416, 289, 413, 315, 26, 465, 271, 341, 399, 264, 290, 375, 438, 37, 0]
Volume: 4.8091
Cost: 61604
Route: [0, 362, 211, 368, 314, 490, 405, 480, 223, 291, 403, 253, 310, 491, 153, 479, 221, 294, 326, 27, 301, 0]
Volume: 4.998
Cost: 70284
Route: [0, 470, 19, 337, 61, 232, 495, 284, 322, 8, 293, 39, 452, 287, 104, 13, 143, 102, 96, 384, 376, 278, 0]
Volume: 4.9723
Cost: 58833
Route: [0, 460, 266, 237, 123, 193, 443, 88, 125, 11, 283, 228, 357, 157, 414, 28, 168, 31, 0]
Volume: 4.8271
Cost: 58254
Route: [0, 129, 408, 248, 53, 381, 455, 41, 117, 467, 240, 484, 481, 459, 354, 433, 55, 418, 451, 65, 0]
Volume: 4.8831
Cost: 46457
Route: [0, 156, 222, 87, 24, 406, 138, 432, 475, 84, 446, 160, 442, 447, 165, 426, 174, 183, 0]
Volume: 4.9551
Cost: 56260
Route: [0, 397, 336, 225, 107, 64, 436, 179, 377, 473, 316, 255, 233, 444, 44, 17, 270, 172, 300, 419, 421, 141, 226, 10, 195, 0]
Volume: 4.9811
Cost: 103198
Route: [0, 281, 285, 244, 145, 189, 400, 170, 113, 20, 274, 21, 69, 196, 494, 216, 186, 257, 36, 323, 483, 35, 0]
Volume: 4.948
Cost: 69283
Route: [0, 105, 136, 262, 194, 422, 70, 379, 477, 458, 496, 164, 371, 76, 154, 2, 151, 456, 306, 254, 80, 79, 383, 280, 0]
Volume: 4.898
Cost: 40066
Route: [0, 259, 212, 457, 142, 90, 247, 42, 181, 57, 29, 412, 251, 49, 128, 206, 0]
Volume: 4.88
Cost: 34743
Route: [0, 220, 243, 445, 286, 330, 398, 71, 63, 33, 9, 236, 356, 30, 0]
Volume: 4.963
Cost: 47526
Route: [0, 78, 441, 267, 453, 343, 382, 126, 132, 288, 242, 340, 175, 390, 448, 499, 404, 161, 120, 185, 99, 171, 92, 395, 0]
Volume: 4.896
Cost: 69228
Route: [0, 234, 361, 231, 94, 66, 415, 200, 308, 52, 150, 304, 214, 429, 101, 260, 95, 370, 215, 333, 7, 0]
Volume: 4.9781
Cost: 61381
Route: [0, 184, 489, 227, 350, 60, 309, 428, 91, 224, 392, 205, 312, 140, 321, 5, 250, 40, 59, 116, 72, 0]
Volume: 4.767
Cost: 48765
Route: [0, 98, 106, 25, 241, 364, 303, 347, 273, 328, 249, 210, 85, 462, 0]
Volume: 3.662
Cost: 58650
Route: [0, 202, 83, 386, 3, 334, 373, 204, 335, 275, 115, 51, 332, 176, 488, 311, 498, 147, 425, 58, 238, 430, 0]
Volume: 4.961
Cost: 59596
Route: [0, 263, 282, 229, 114, 149, 217, 89, 431, 43, 349, 124, 239, 118, 461, 394, 388, 108, 46, 0]
Volume: 4.8111
Cost: 44636
Route: [0, 276, 305, 75, 201, 331, 163, 317, 23, 297, 296, 86, 0]
Volume: 4.9852
Cost: 43294
Route: [0, 344, 73, 497, 277, 355, 420, 256, 454, 245, 320, 348, 177, 48, 97, 100, 324, 93, 492, 121, 389, 82, 197, 338, 219, 0]
Volume: 4.9691
Cost: 103546
Route: [0, 178, 182, 38, 139, 329, 162, 62, 353, 135, 213, 56, 374, 402, 207, 14, 230, 472, 155, 146, 279, 272, 471, 0]
Volume: 4.8322
Cost: 55205
Route: [0, 131, 218, 137, 110, 111, 6, 292, 352, 365, 363, 325, 1, 50, 372, 15, 77, 391, 469, 369, 81, 103, 450, 0]
Volume: 4.994
Cost: 62594
Route: [0, 67, 45, 269, 133, 12, 122, 109, 32, 54, 327, 424, 385, 180, 437, 367, 209, 387, 166, 468, 246, 22, 265, 474, 318, 339, 192, 478, 380, 152, 0]
Volume: 4.9771
Cost: 74203
Route: [0, 173, 307, 401, 159, 427, 74, 268, 188, 299, 360, 466, 68, 423, 464, 485, 0]
Volume: 4.9771
Cost: 31542
