OFV: 15244.0

Route: [0, 84, 60, 48, 89, 7, 55, 87, 8, 20, 19, 42, 10, 22, 3, 46, 85, 78, 49, 52, 80, 2, 18, 1, 4, 96, 51, 81, 44, 17, 0]
Volume: 3.926
Cost: 4072
Route: [0, 12, 57, 26, 31, 41, 67, 37, 25, 61, 82, 9, 98, 97, 13, 24, 56, 38, 32, 94, 23, 68, 5, 34, 93, 43, 27, 69, 92, 47, 30, 73, 83, 28, 0]
Volume: 4.26
Cost: 6254
Route: [0, 39, 63, 88, 62, 77, 16, 70, 74, 15, 21, 90, 36, 65, 45, 14, 66, 54, 75, 35, 71, 58, 86, 29, 33, 40, 6, 53, 99, 59, 79, 64, 50, 91, 72, 95, 76, 11, 0]
Volume: 4.488
Cost: 4918
