OFV: 44350.0

Route: [0, 28, 27, 25, 74, 29, 62, 48, 34, 55, 81, 35, 0]
Volume: 4.722
Cost: 3790
Route: [0, 61, 89, 54, 24, 5, 12, 68, 45, 0]
Volume: 4.578
Cost: 4190
Route: [0, 6, 59, 67, 18, 65, 99, 0]
Volume: 4.9801
Cost: 4222
Route: [0, 3, 9, 70, 82, 38, 91, 30, 78, 0]
Volume: 4.89
Cost: 3343
Route: [0, 66, 16, 88, 92, 87, 53, 51, 31, 83, 96, 69, 1, 0]
Volume: 4.9501
Cost: 5418
Route: [0, 63, 79, 7, 97, 47, 41, 73, 64, 37, 56, 50, 84, 0]
Volume: 4.892
Cost: 5866
Route: [0, 72, 10, 86, 43, 49, 22, 39, 94, 80, 0]
Volume: 4.9262
Cost: 4112
Route: [0, 93, 46, 26, 85, 95, 13, 14, 44, 36, 57, 60, 42, 40, 0]
Volume: 4.978
Cost: 4873
Route: [0, 21, 11, 98, 15, 2, 71, 19, 90, 23, 58, 0]
Volume: 4.9341
Cost: 3109
Route: [0, 17, 76, 20, 8, 4, 52, 77, 75, 32, 33, 0]
Volume: 4.59
Cost: 5427
