OFV: 49580.0

Route: [0, 156, 237, 230, 247, 154, 22, 1, 37, 245, 52, 238, 90, 132, 188, 223, 196, 246, 241, 83, 21, 235, 63, 177, 106, 214, 240, 42, 23, 139, 163, 68, 169, 123, 145, 18, 9, 221, 92, 209, 28, 119, 5, 88, 26, 170, 140, 219, 144, 0]
Volume: 12.2921
Cost: 9701
Route: [0, 101, 89, 233, 40, 203, 67, 54, 62, 162, 192, 176, 133, 201, 232, 25, 225, 157, 124, 129, 226, 46, 141, 172, 166, 199, 30, 66, 0]
Volume: 7.0231
Cost: 7125
Route: [0, 43, 146, 142, 249, 2, 44, 148, 184, 208, 96, 41, 180, 79, 117, 229, 211, 191, 27, 190, 76, 242, 234, 6, 74, 206, 239, 69, 110, 125, 228, 149, 98, 17, 49, 15, 47, 207, 138, 20, 51, 108, 3, 152, 97, 137, 175, 70, 121, 102, 48, 0]
Volume: 12.0011
Cost: 11244
Route: [0, 100, 202, 99, 65, 93, 126, 118, 147, 19, 150, 216, 36, 16, 217, 164, 80, 210, 75, 45, 84, 55, 24, 32, 72, 104, 182, 7, 58, 213, 11, 222, 197, 236, 151, 39, 248, 198, 181, 38, 244, 87, 82, 243, 158, 91, 189, 136, 159, 95, 78, 160, 114, 205, 193, 0]
Volume: 11.192
Cost: 8986
Route: [0, 13, 73, 195, 127, 50, 215, 168, 115, 105, 71, 153, 220, 107, 179, 12, 31, 200, 161, 111, 143, 212, 130, 113, 134, 94, 122, 64, 0]
Volume: 5.912
Cost: 5595
Route: [0, 53, 186, 81, 135, 194, 8, 61, 218, 86, 59, 204, 57, 56, 14, 131, 35, 224, 112, 60, 29, 116, 10, 109, 174, 171, 103, 227, 231, 187, 120, 167, 77, 183, 155, 178, 128, 185, 85, 34, 4, 33, 165, 173, 0]
Volume: 11.765
Cost: 6929
