OFV: 44333.0

Route: [0, 128, 101, 143, 96, 169, 83, 149, 135, 13, 140, 152, 97, 208, 213, 37, 15, 192, 114, 205, 60, 141, 211, 88, 145, 240, 17, 104, 153, 54, 93, 121, 80, 42, 146, 124, 47, 116, 159, 41, 85, 221, 158, 193, 8, 2, 195, 39, 34, 98, 150, 228, 24, 84, 174, 138, 160, 87, 53, 19, 68, 194, 202, 70, 204, 0]
Volume: 9.7117
Cost: 10846
Route: [0, 171, 78, 71, 184, 190, 119, 7, 126, 123, 27, 108, 248, 73, 189, 65, 130, 56, 64, 206, 35, 223, 49, 113, 31, 102, 45, 234, 236, 43, 198, 245, 179, 229, 46, 201, 20, 227, 181, 74, 81, 55, 180, 36, 40, 168, 239, 51, 238, 185, 106, 111, 94, 91, 207, 233, 148, 175, 57, 77, 14, 197, 6, 235, 134, 75, 3, 173, 246, 142, 187, 22, 203, 63, 89, 151, 155, 32, 118, 147, 186, 242, 112, 241, 177, 86, 52, 215, 1, 76, 90, 100, 154, 170, 61, 237, 164, 62, 136, 172, 199, 0]
Volume: 11.8628
Cost: 21110
Route: [0, 28, 224, 219, 165, 210, 129, 137, 139, 110, 72, 166, 188, 82, 66, 178, 220, 38, 243, 79, 58, 117, 232, 163, 5, 48, 109, 226, 244, 212, 95, 26, 115, 99, 183, 182, 216, 4, 11, 249, 18, 214, 162, 105, 16, 21, 144, 225, 222, 209, 12, 122, 191, 125, 10, 132, 23, 33, 247, 217, 44, 30, 69, 50, 167, 176, 200, 9, 218, 231, 103, 156, 67, 107, 29, 120, 25, 127, 196, 131, 92, 133, 157, 59, 230, 161, 0]
Volume: 9.069
Cost: 12377
