OFV: 8079.0

Route: [0, 12, 30, 57, 96, 4, 13, 53, 34, 60, 94, 90, 25, 55, 19, 49, 78, 31, 85, 92, 82, 64, 65, 73, 54, 50, 83, 7, 5, 69, 3, 0]
Volume: 3.7011
Cost: 2676
Route: [0, 20, 24, 23, 75, 15, 58, 56, 76, 8, 62, 36, 39, 14, 93, 33, 59, 46, 95, 16, 77, 40, 29, 47, 97, 32, 67, 70, 38, 0]
Volume: 3.4155
Cost: 1781
Route: [0, 80, 91, 6, 21, 37, 35, 11, 81, 74, 9, 17, 52, 41, 89, 27, 2, 26, 61, 88, 10, 42, 18, 68, 45, 71, 86, 87, 22, 63, 66, 44, 98, 84, 28, 72, 1, 48, 51, 79, 99, 43, 0]
Volume: 4.421
Cost: 3622
