OFV: 83938.0

Route: [0, 87, 67, 31, 86, 46, 93, 37, 85, 50, 80, 36, 32, 0]
Volume: 3.644
Cost: 9987
Route: [0, 5, 41, 52, 44, 1, 35, 65, 79, 12, 97, 90, 89, 76, 72, 88, 26, 9, 0]
Volume: 4.873
Cost: 15827
Route: [0, 59, 58, 10, 6, 28, 16, 17, 13, 96, 69, 98, 30, 71, 39, 14, 38, 11, 92, 48, 66, 83, 0]
Volume: 4.914
Cost: 24848
Route: [0, 81, 21, 60, 27, 56, 29, 64, 34, 45, 20, 23, 84, 51, 15, 49, 75, 3, 95, 53, 47, 73, 22, 63, 0]
Volume: 3.774
Cost: 18453
Route: [0, 19, 61, 74, 8, 68, 43, 40, 25, 18, 4, 77, 82, 54, 70, 78, 0]
Volume: 3.58
Cost: 8165
Route: [0, 2, 33, 99, 42, 57, 91, 7, 62, 55, 24, 94, 0]
Volume: 2.998
Cost: 6658
