OFV: 41057.0

Route: [0, 34, 87, 4, 54, 13, 71, 78, 36, 73, 57, 37, 90, 83, 9, 11, 31, 84, 42, 8, 0]
Volume: 4.931
Cost: 7890
Route: [0, 26, 62, 35, 85, 76, 80, 17, 19, 2, 22, 79, 28, 23, 18, 65, 44, 21, 47, 41, 12, 0]
Volume: 4.97
Cost: 9600
Route: [0, 40, 46, 98, 99, 14, 67, 7, 94, 69, 5, 30, 33, 61, 1, 32, 91, 24, 38, 64, 0]
Volume: 4.939
Cost: 8238
Route: [0, 15, 48, 51, 49, 93, 58, 6, 95, 82, 50, 60, 89, 56, 68, 66, 63, 59, 75, 16, 39, 81, 52, 74, 0]
Volume: 4.989
Cost: 7518
Route: [0, 77, 88, 92, 86, 70, 43, 97, 10, 20, 29, 25, 45, 53, 96, 3, 55, 27, 72, 0]
Volume: 4.954
Cost: 7811
