OFV: 67649.0

Route: [0, 12, 27, 43, 34, 93, 5, 68, 94, 56, 24, 38, 32, 23, 69, 92, 47, 39, 28, 0]
Volume: 4.7162
Cost: 17000
Route: [0, 30, 73, 45, 14, 66, 54, 35, 75, 29, 33, 40, 6, 53, 59, 99, 79, 64, 19, 42, 22, 3, 50, 0]
Volume: 4.4
Cost: 12476
Route: [0, 57, 26, 98, 97, 13, 31, 41, 67, 37, 25, 61, 82, 72, 91, 0]
Volume: 3.766
Cost: 10781
Route: [0, 55, 95, 76, 9, 46, 85, 78, 49, 52, 80, 10, 2, 20, 18, 71, 58, 86, 96, 51, 65, 36, 81, 17, 44, 1, 4, 0]
Volume: 4.9381
Cost: 16807
Route: [0, 60, 84, 87, 48, 7, 89, 11, 8, 63, 88, 83, 74, 16, 70, 15, 21, 62, 77, 90, 0]
Volume: 4.7439
Cost: 10585
