OFV: 100316.0

Route: [0, 401, 27, 255, 236, 319, 455, 468, 372, 83, 66, 388, 195, 298, 215, 209, 140, 180, 407, 343, 88, 396, 265, 142, 69, 171, 423, 414, 461, 189, 186, 341, 0]
Volume: 4.24
Cost: 5788
Route: [0, 379, 317, 125, 289, 226, 355, 218, 377, 124, 489, 456, 18, 385, 128, 488, 134, 356, 473, 243, 159, 129, 448, 12, 370, 307, 272, 0]
Volume: 3.233
Cost: 6654
Route: [0, 273, 241, 60, 323, 447, 419, 362, 214, 145, 389, 153, 80, 403, 494, 416, 439, 86, 281, 438, 354, 434, 32, 206, 168, 254, 333, 276, 454, 229, 47, 219, 16, 9, 487, 63, 204, 497, 498, 213, 13, 165, 314, 460, 313, 411, 328, 52, 0]
Volume: 4.692
Cost: 9047
Route: [0, 464, 59, 130, 495, 311, 116, 432, 14, 322, 320, 26, 384, 496, 3, 216, 62, 127, 291, 342, 8, 162, 176, 239, 264, 404, 160, 10, 315, 7, 68, 493, 172, 112, 187, 29, 451, 120, 380, 141, 350, 0]
Volume: 4.8086
Cost: 9382
Route: [0, 166, 373, 114, 271, 233, 19, 391, 435, 70, 329, 252, 135, 115, 450, 261, 409, 479, 471, 33, 259, 6, 267, 332, 262, 282, 98, 17, 122, 490, 499, 351, 178, 228, 390, 123, 297, 108, 285, 158, 270, 348, 258, 40, 95, 256, 0]
Volume: 4.8166
Cost: 7685
Route: [0, 445, 190, 459, 334, 139, 242, 102, 331, 31, 147, 248, 309, 337, 48, 346, 179, 94, 46, 295, 321, 312, 90, 294, 399, 327, 441, 54, 84, 5, 413, 263, 77, 85, 200, 34, 132, 81, 227, 474, 0]
Volume: 4.9896
Cost: 7336
Route: [0, 225, 185, 418, 35, 43, 61, 392, 222, 64, 433, 212, 316, 174, 246, 232, 424, 376, 382, 398, 163, 420, 150, 234, 340, 207, 72, 194, 49, 210, 211, 492, 74, 192, 443, 302, 137, 266, 402, 25, 0]
Volume: 4.857
Cost: 7778
Route: [0, 110, 260, 15, 353, 425, 427, 491, 284, 393, 395, 469, 193, 175, 275, 244, 462, 183, 378, 406, 306, 58, 173, 155, 182, 237, 79, 76, 126, 278, 191, 251, 304, 301, 169, 224, 253, 154, 231, 293, 57, 347, 161, 483, 470, 361, 23, 0]
Volume: 4.7957
Cost: 12059
Route: [0, 21, 484, 56, 197, 326, 430, 478, 375, 75, 249, 486, 157, 138, 381, 415, 344, 366, 111, 100, 42, 39, 412, 365, 364, 55, 11, 299, 431, 184, 257, 476, 53, 442, 308, 217, 421, 41, 339, 22, 2, 436, 0]
Volume: 4.9977
Cost: 7591
Route: [0, 465, 118, 310, 152, 369, 330, 247, 170, 103, 91, 277, 201, 428, 230, 136, 107, 44, 164, 181, 397, 143, 198, 148, 4, 92, 458, 481, 87, 121, 220, 0]
Volume: 3.356
Cost: 6613
Route: [0, 131, 149, 205, 374, 36, 177, 449, 440, 28, 357, 71, 109, 113, 410, 429, 457, 37, 485, 408, 367, 303, 482, 383, 105, 345, 82, 453, 300, 446, 221, 292, 318, 324, 203, 151, 0]
Volume: 4.4803
Cost: 6552
Route: [0, 437, 387, 400, 133, 426, 104, 268, 368, 1, 199, 305, 463, 467, 359, 394, 45, 296, 97, 24, 250, 335, 325, 279, 283, 78, 363, 452, 274, 240, 288, 89, 280, 477, 405, 286, 238, 73, 50, 144, 0]
Volume: 4.8162
Cost: 5752
Route: [0, 146, 472, 360, 480, 117, 371, 245, 96, 352, 93, 106, 51, 358, 223, 20, 156, 101, 466, 475, 444, 290, 99, 417, 30, 338, 67, 38, 349, 422, 269, 65, 208, 336, 188, 235, 202, 119, 196, 386, 167, 287, 0]
Volume: 4.4937
Cost: 8079
