OFV: 53893.0

Route: [0, 129, 139, 88, 186, 147, 242, 118, 32, 151, 155, 89, 145, 240, 93, 121, 80, 42, 146, 124, 110, 177, 0]
Volume: 4.7681
Cost: 4289
Route: [0, 67, 156, 103, 107, 29, 120, 127, 196, 131, 92, 128, 199, 0]
Volume: 4.458
Cost: 1222
Route: [0, 137, 210, 72, 192, 114, 205, 60, 141, 211, 166, 212, 244, 5, 226, 109, 48, 95, 163, 26, 164, 0]
Volume: 4.909
Cost: 5865
Route: [0, 10, 12, 122, 125, 191, 225, 222, 209, 144, 105, 214, 162, 18, 11, 249, 4, 216, 154, 170, 61, 237, 158, 204, 0]
Volume: 5.0
Cost: 5423
Route: [0, 59, 157, 23, 132, 33, 247, 50, 30, 69, 44, 217, 167, 176, 231, 200, 9, 218, 172, 0]
Volume: 4.9301
Cost: 2237
Route: [0, 230, 221, 17, 57, 77, 104, 173, 246, 203, 63, 134, 75, 3, 187, 142, 22, 54, 0]
Volume: 4.9231
Cost: 4182
Route: [0, 193, 8, 45, 43, 198, 236, 234, 229, 245, 179, 46, 201, 20, 227, 153, 14, 197, 6, 235, 181, 74, 81, 55, 180, 36, 40, 168, 165, 0]
Volume: 4.844
Cost: 5481
Route: [0, 160, 87, 53, 19, 71, 184, 190, 16, 21, 119, 7, 126, 248, 108, 27, 123, 25, 133, 161, 0]
Volume: 4.753
Cost: 5501
Route: [0, 171, 239, 51, 238, 185, 106, 111, 94, 91, 207, 148, 233, 175, 112, 241, 47, 159, 116, 85, 41, 143, 101, 0]
Volume: 4.993
Cost: 3626
Route: [0, 96, 169, 83, 135, 13, 140, 152, 97, 208, 213, 37, 86, 52, 215, 1, 100, 90, 76, 62, 136, 149, 0]
Volume: 4.6681
Cost: 5727
Route: [0, 78, 150, 228, 73, 56, 130, 35, 64, 206, 223, 65, 189, 138, 68, 202, 194, 70, 0]
Volume: 4.4371
Cost: 3335
Route: [0, 15, 188, 82, 66, 38, 178, 220, 243, 79, 58, 117, 232, 115, 99, 183, 182, 0]
Volume: 4.685
Cost: 4351
Route: [0, 28, 224, 219, 98, 34, 39, 2, 195, 49, 113, 102, 31, 84, 24, 174, 0]
Volume: 4.978
Cost: 2654
