OFV: 43654.0

Route: [0, 5, 68, 45, 71, 92, 85, 82, 64, 55, 65, 25, 73, 94, 90, 60, 34, 54, 50, 83, 13, 53, 4, 96, 57, 30, 12, 20, 38, 43, 0]
Volume: 12.4061
Cost: 12971
Route: [0, 80, 91, 21, 6, 37, 35, 52, 41, 81, 74, 27, 75, 2, 15, 23, 24, 69, 3, 0]
Volume: 7.956
Cost: 12480
Route: [0, 8, 36, 39, 58, 56, 62, 76, 18, 42, 10, 59, 14, 46, 93, 95, 16, 33, 77, 88, 26, 61, 40, 67, 97, 47, 29, 32, 70, 89, 11, 17, 9, 0]
Volume: 12.3341
Cost: 8695
Route: [0, 19, 49, 78, 31, 87, 66, 22, 63, 86, 84, 44, 98, 28, 72, 1, 48, 51, 7, 79, 99, 0]
Volume: 11.34
Cost: 9508
