OFV: 37901.0

Route: [0, 72, 15, 69, 40, 67, 23, 29, 19, 90, 73, 49, 80, 77, 65, 42, 16, 0]
Volume: 3.623
Cost: 6301
Route: [0, 59, 18, 88, 85, 6, 8, 34, 58, 13, 30, 83, 63, 53, 26, 12, 54, 82, 78, 28, 0]
Volume: 4.231
Cost: 7690
Route: [0, 51, 44, 47, 39, 92, 25, 75, 95, 61, 9, 27, 86, 93, 64, 55, 14, 4, 52, 68, 41, 98, 76, 31, 81, 0]
Volume: 4.509
Cost: 8956
Route: [0, 48, 7, 5, 43, 94, 91, 60, 74, 66, 24, 89, 84, 97, 20, 3, 36, 2, 70, 11, 45, 0]
Volume: 4.916
Cost: 8870
Route: [0, 10, 32, 46, 99, 56, 33, 1, 50, 62, 35, 17, 79, 57, 96, 38, 37, 21, 71, 22, 87, 0]
Volume: 4.312
Cost: 6084
