OFV: 221105.0

Route: [0, 63, 40, 8, 45, 52, 86, 91, 89, 73, 70, 44, 31, 77, 11, 20, 81, 32, 87, 9, 43, 23, 65, 79, 41, 13, 42, 47, 33, 0]
Volume: 12.2241
Cost: 67415
Route: [0, 14, 84, 64, 62, 48, 95, 36, 50, 74, 51, 24, 55, 61, 92, 66, 83, 35, 69, 37, 28, 82, 46, 88, 0]
Volume: 10.874
Cost: 54810
Route: [0, 34, 53, 15, 49, 90, 97, 58, 5, 29, 6, 57, 26, 80, 18, 60, 17, 68, 72, 78, 7, 27, 38, 93, 94, 0]
Volume: 11.884
Cost: 47402
Route: [0, 30, 10, 19, 54, 16, 2, 3, 67, 22, 96, 4, 56, 25, 21, 98, 39, 75, 99, 1, 59, 12, 71, 76, 85, 0]
Volume: 12.338
Cost: 51478
