OFV: 400943.0

Route: [0, 156, 47, 40, 39, 37, 8, 209, 49, 243, 75, 159, 44, 196, 190, 0]
Volume: 4.989
Cost: 24379
Route: [0, 31, 172, 138, 214, 3, 123, 240, 71, 242, 195, 207, 232, 34, 84, 20, 24, 0]
Volume: 4.984
Cost: 29135
Route: [0, 175, 74, 102, 68, 80, 235, 247, 83, 221, 98, 38, 116, 188, 167, 30, 51, 182, 112, 191, 0]
Volume: 4.929
Cost: 31121
Route: [0, 48, 16, 200, 82, 230, 57, 73, 173, 166, 137, 85, 54, 204, 64, 0]
Volume: 4.7101
Cost: 16238
Route: [0, 215, 161, 101, 107, 18, 198, 110, 124, 97, 115, 36, 129, 233, 180, 41, 0]
Volume: 4.8849
Cost: 27446
Route: [0, 181, 88, 60, 226, 12, 179, 55, 168, 150, 67, 94, 244, 93, 53, 136, 223, 0]
Volume: 4.9141
Cost: 24653
Route: [0, 108, 208, 185, 109, 171, 62, 46, 121, 117, 143, 42, 23, 25, 70, 246, 2, 72, 9, 50, 32, 4, 119, 0]
Volume: 4.9463
Cost: 35027
Route: [0, 77, 135, 154, 15, 177, 206, 197, 7, 222, 17, 43, 236, 153, 59, 149, 19, 89, 0]
Volume: 4.4761
Cost: 21385
Route: [0, 90, 87, 120, 69, 6, 100, 145, 81, 189, 212, 245, 192, 91, 63, 92, 193, 125, 126, 217, 104, 205, 139, 35, 165, 127, 65, 211, 0]
Volume: 4.9271
Cost: 26403
Route: [0, 78, 111, 148, 239, 0]
Volume: 1.426
Cost: 16129
Route: [0, 133, 184, 199, 79, 29, 122, 113, 131, 132, 219, 152, 151, 58, 238, 147, 5, 99, 174, 142, 0]
Volume: 4.9431
Cost: 27348
Route: [0, 220, 144, 118, 210, 186, 160, 86, 194, 56, 213, 61, 134, 227, 76, 241, 203, 0]
Volume: 4.968
Cost: 37065
Route: [0, 178, 163, 187, 140, 105, 249, 130, 216, 103, 176, 218, 224, 248, 169, 1, 106, 95, 229, 13, 0]
Volume: 4.87
Cost: 35466
Route: [0, 14, 202, 231, 228, 162, 170, 33, 155, 28, 128, 234, 10, 96, 52, 45, 158, 141, 0]
Volume: 4.93
Cost: 25434
Route: [0, 183, 66, 21, 11, 114, 146, 26, 157, 237, 164, 201, 225, 27, 22, 0]
Volume: 4.1971
Cost: 23714
