OFV: 28005.0

Route: [0, 78, 34, 89, 29, 5, 9, 65, 14, 31, 55, 49, 70, 15, 75, 91, 51, 59, 2, 3, 38, 81, 24, 80, 57, 95, 6, 39, 99, 58, 69, 53, 66, 62, 40, 0]
Volume: 4.084
Cost: 8269
Route: [0, 1, 25, 18, 82, 12, 7, 22, 77, 30, 85, 61, 21, 76, 20, 90, 43, 19, 63, 42, 98, 97, 13, 41, 86, 27, 64, 72, 96, 52, 92, 87, 44, 32, 33, 47, 46, 50, 16, 35, 84, 48, 67, 88, 71, 54, 93, 0]
Volume: 4.3335
Cost: 12752
Route: [0, 37, 8, 73, 60, 28, 83, 36, 56, 94, 79, 11, 74, 68, 23, 4, 26, 45, 17, 10, 0]
Volume: 2.5425
Cost: 6984
