OFV: 1988558.0

Route: [0, 113, 288, 18, 232, 227, 204, 57, 329, 103, 301, 491, 153, 176, 118, 238, 464, 60, 66, 372, 304, 437, 0]
Volume: 4.8132
Cost: 65889
Route: [0, 222, 402, 307, 171, 194, 291, 187, 417, 355, 207, 91, 495, 316, 404, 0]
Volume: 4.789
Cost: 51720
Route: [0, 488, 322, 155, 32, 343, 300, 270, 211, 143, 294, 138, 349, 272, 396, 273, 302, 96, 358, 319, 344, 460, 416, 334, 0]
Volume: 4.9941
Cost: 87706
Route: [0, 92, 10, 425, 12, 178, 337, 51, 286, 381, 449, 0]
Volume: 4.75
Cost: 62126
Route: [0, 46, 255, 312, 379, 390, 341, 473, 136, 497, 389, 324, 352, 120, 100, 284, 132, 442, 85, 157, 340, 141, 0]
Volume: 4.971
Cost: 85440
Route: [0, 1, 461, 356, 156, 400, 353, 224, 292, 116, 249, 277, 206, 376, 478, 216, 68, 0]
Volume: 4.9291
Cost: 104282
Route: [0, 267, 309, 25, 364, 414, 190, 235, 200, 333, 489, 310, 458, 283, 22, 313, 199, 94, 39, 325, 326, 0]
Volume: 4.959
Cost: 75820
Route: [0, 98, 226, 260, 435, 160, 24, 494, 298, 426, 212, 357, 2, 413, 469, 446, 484, 95, 0]
Volume: 4.9301
Cost: 71818
Route: [0, 209, 130, 203, 259, 250, 36, 31, 393, 70, 223, 137, 65, 144, 276, 398, 369, 422, 363, 409, 0]
Volume: 4.9901
Cost: 49685
Route: [0, 34, 221, 453, 436, 28, 139, 76, 451, 420, 327, 173, 14, 459, 54, 480, 99, 431, 37, 122, 0]
Volume: 4.986
Cost: 76720
Route: [0, 367, 247, 314, 52, 412, 360, 370, 321, 115, 361, 47, 274, 82, 406, 438, 263, 35, 150, 251, 0]
Volume: 4.977
Cost: 81300
Route: [0, 388, 183, 26, 345, 430, 21, 496, 447, 56, 264, 432, 225, 347, 124, 392, 415, 299, 239, 49, 0]
Volume: 4.9921
Cost: 85502
Route: [0, 281, 380, 445, 44, 188, 169, 475, 102, 195, 297, 55, 151, 79, 175, 483, 93, 280, 131, 112, 421, 407, 135, 350, 253, 0]
Volume: 4.964
Cost: 77750
Route: [0, 441, 229, 470, 172, 129, 308, 428, 311, 256, 61, 19, 50, 231, 295, 147, 290, 62, 180, 0]
Volume: 4.987
Cost: 92618
Route: [0, 245, 142, 125, 193, 366, 397, 43, 465, 241, 429, 320, 382, 237, 248, 9, 0]
Volume: 4.7671
Cost: 63126
Route: [0, 433, 467, 159, 220, 257, 479, 17, 168, 41, 499, 476, 365, 254, 399, 152, 403, 27, 338, 30, 0]
Volume: 4.996
Cost: 81968
Route: [0, 371, 111, 339, 29, 332, 378, 443, 89, 84, 108, 377, 74, 243, 90, 148, 418, 266, 486, 386, 80, 167, 490, 164, 110, 5, 0]
Volume: 4.898
Cost: 86354
Route: [0, 58, 411, 258, 107, 351, 303, 492, 149, 282, 201, 165, 427, 485, 450, 75, 114, 498, 346, 0]
Volume: 4.581
Cost: 71216
Route: [0, 278, 462, 174, 42, 236, 401, 71, 342, 104, 234, 481, 11, 184, 128, 315, 23, 163, 185, 385, 289, 0]
Volume: 4.6241
Cost: 57177
Route: [0, 359, 252, 456, 233, 145, 121, 146, 373, 161, 64, 368, 7, 101, 230, 4, 0]
Volume: 4.9581
Cost: 74634
Route: [0, 330, 105, 240, 395, 457, 296, 444, 466, 328, 439, 424, 375, 189, 15, 246, 0]
Volume: 4.976
Cost: 73523
Route: [0, 210, 158, 69, 166, 213, 275, 202, 374, 140, 63, 265, 77, 78, 133, 463, 228, 279, 0]
Volume: 4.3541
Cost: 77784
Route: [0, 474, 285, 20, 423, 134, 219, 454, 197, 471, 181, 487, 452, 477, 271, 335, 336, 86, 408, 493, 0]
Volume: 4.9971
Cost: 79984
Route: [0, 306, 33, 182, 119, 387, 215, 208, 482, 268, 106, 214, 162, 38, 154, 217, 97, 448, 48, 3, 67, 8, 394, 0]
Volume: 4.9951
Cost: 81502
Route: [0, 40, 293, 269, 81, 354, 198, 384, 196, 472, 170, 192, 318, 434, 59, 305, 262, 177, 87, 186, 83, 244, 16, 191, 123, 419, 0]
Volume: 4.999
Cost: 68545
Route: [0, 405, 117, 348, 72, 126, 261, 242, 317, 13, 73, 218, 53, 287, 468, 455, 6, 179, 205, 391, 323, 440, 88, 109, 410, 362, 331, 127, 45, 383, 0]
Volume: 4.993
Cost: 104369
