OFV: 177194.0

Route: [0, 35, 203, 70, 65, 80, 24, 194, 110, 63, 69, 204, 84, 64, 52, 27, 68, 216, 109, 46, 147, 243, 125, 102, 158, 139, 6, 196, 197, 202, 240, 105, 14, 15, 73, 32, 7, 38, 0]
Volume: 11.0711
Cost: 29021
Route: [0, 207, 75, 89, 149, 191, 10, 118, 136, 53, 178, 49, 231, 124, 227, 121, 152, 123, 172, 135, 127, 2, 83, 62, 94, 44, 221, 249, 51, 40, 242, 71, 41, 179, 72, 99, 11, 145, 185, 211, 106, 47, 17, 236, 220, 0]
Volume: 12.026
Cost: 27825
Route: [0, 189, 238, 66, 67, 122, 218, 22, 56, 87, 170, 153, 156, 206, 36, 168, 230, 5, 93, 232, 131, 100, 186, 28, 98, 138, 190, 142, 174, 146, 151, 50, 82, 0]
Volume: 9.857
Cost: 38524
Route: [0, 182, 9, 25, 209, 13, 162, 8, 248, 19, 195, 95, 74, 42, 120, 29, 132, 55, 88, 81, 57, 39, 159, 31, 96, 143, 108, 188, 26, 198, 219, 134, 115, 128, 160, 233, 234, 3, 129, 90, 183, 247, 237, 187, 116, 215, 60, 79, 213, 208, 166, 224, 0]
Volume: 11.187
Cost: 25400
Route: [0, 114, 192, 235, 77, 78, 130, 241, 107, 133, 137, 119, 33, 117, 34, 171, 23, 229, 244, 150, 154, 199, 112, 205, 144, 4, 167, 210, 45, 225, 12, 91, 21, 212, 169, 181, 141, 164, 86, 104, 217, 92, 140, 101, 85, 176, 48, 157, 200, 163, 0]
Volume: 12.0612
Cost: 31946
Route: [0, 239, 161, 1, 76, 177, 37, 58, 126, 165, 148, 18, 184, 201, 54, 193, 30, 97, 61, 223, 175, 180, 173, 103, 246, 43, 20, 155, 228, 226, 222, 214, 245, 59, 111, 113, 16, 0]
Volume: 10.3839
Cost: 24478
