OFV: 50340.0

Route: [0, 193, 8, 236, 234, 46, 201, 20, 227, 173, 246, 134, 75, 3, 187, 22, 142, 203, 63, 89, 151, 155, 32, 118, 147, 186, 242, 112, 0]
Volume: 12.422
Cost: 5291
Route: [0, 67, 156, 103, 107, 29, 120, 23, 132, 33, 247, 50, 217, 69, 44, 30, 167, 176, 200, 231, 9, 218, 172, 128, 199, 0]
Volume: 12.1402
Cost: 2533
Route: [0, 28, 224, 45, 43, 198, 229, 245, 179, 49, 31, 102, 113, 195, 2, 39, 34, 98, 228, 138, 68, 0]
Volume: 10.7141
Cost: 3765
Route: [0, 10, 122, 191, 125, 12, 225, 222, 209, 119, 126, 248, 108, 27, 123, 25, 127, 196, 131, 92, 133, 161, 0]
Volume: 11.5839
Cost: 4539
Route: [0, 160, 87, 53, 19, 71, 184, 190, 73, 56, 130, 64, 206, 35, 223, 65, 189, 84, 24, 174, 194, 202, 70, 158, 204, 0]
Volume: 9.928
Cost: 4354
Route: [0, 96, 169, 83, 135, 13, 140, 152, 97, 208, 213, 37, 52, 1, 215, 76, 90, 100, 154, 61, 237, 164, 0]
Volume: 12.1939
Cost: 6659
Route: [0, 171, 230, 221, 129, 210, 137, 139, 93, 121, 80, 114, 205, 60, 141, 211, 88, 145, 240, 17, 57, 91, 207, 175, 233, 148, 77, 180, 36, 40, 168, 150, 219, 165, 0]
Volume: 11.806
Cost: 5098
Route: [0, 15, 192, 166, 188, 82, 38, 178, 220, 66, 79, 243, 58, 117, 232, 163, 26, 115, 212, 244, 5, 109, 48, 226, 95, 183, 99, 182, 86, 42, 146, 124, 110, 177, 0]
Volume: 12.3561
Cost: 8077
Route: [0, 78, 239, 51, 238, 185, 106, 94, 111, 14, 197, 6, 235, 181, 74, 81, 55, 104, 153, 54, 241, 72, 47, 116, 159, 85, 41, 143, 101, 0]
Volume: 12.0041
Cost: 4824
Route: [0, 59, 157, 149, 136, 62, 170, 216, 4, 11, 249, 18, 214, 162, 105, 144, 16, 21, 7, 0]
Volume: 11.3701
Cost: 5200
