OFV: 93297.0

Route: [0, 52, 30, 66, 20, 3, 46, 63, 65, 11, 17, 94, 41, 92, 28, 14, 82, 89, 51, 42, 25, 70, 38, 98, 43, 54, 48, 0]
Volume: 12.488
Cost: 29364
Route: [0, 4, 22, 27, 95, 50, 72, 8, 71, 84, 99, 13, 15, 29, 40, 61, 1, 75, 69, 53, 0]
Volume: 7.56
Cost: 18523
Route: [0, 12, 21, 85, 5, 37, 9, 62, 76, 79, 0]
Volume: 7.616
Cost: 4092
Route: [0, 49, 2, 24, 81, 97, 56, 88, 64, 74, 86, 6, 87, 90, 18, 16, 58, 36, 39, 33, 31, 73, 10, 35, 34, 0]
Volume: 11.7941
Cost: 24055
Route: [0, 68, 78, 45, 60, 55, 93, 57, 19, 44, 47, 80, 83, 26, 7, 96, 67, 59, 32, 77, 91, 23, 0]
Volume: 12.198
Cost: 17263
