OFV: 136046.0

Route: [0, 228, 236, 417, 381, 12, 425, 51, 268, 263, 229, 354, 32, 454, 442, 458, 224, 211, 256, 200, 14, 371, 257, 135, 33, 156, 0]
Volume: 4.9091
Cost: 7006
Route: [0, 112, 300, 328, 104, 142, 201, 349, 261, 308, 335, 54, 41, 205, 110, 309, 158, 245, 160, 0]
Volume: 4.6811
Cost: 4071
Route: [0, 88, 1, 153, 254, 21, 127, 206, 59, 311, 395, 405, 105, 360, 440, 270, 376, 6, 42, 65, 149, 0]
Volume: 4.834
Cost: 4545
Route: [0, 483, 15, 36, 464, 409, 220, 403, 5, 481, 120, 430, 492, 164, 207, 275, 31, 443, 167, 0]
Volume: 4.061
Cost: 5117
Route: [0, 131, 412, 279, 66, 477, 123, 267, 297, 174, 98, 351, 411, 94, 157, 179, 102, 466, 35, 316, 40, 462, 452, 339, 0]
Volume: 4.7992
Cost: 5782
Route: [0, 55, 91, 193, 187, 479, 324, 132, 431, 260, 117, 86, 499, 471, 419, 284, 185, 273, 487, 426, 315, 0]
Volume: 4.502
Cost: 5195
Route: [0, 377, 129, 196, 290, 276, 130, 366, 114, 124, 457, 375, 365, 318, 136, 438, 0]
Volume: 4.9132
Cost: 3643
Route: [0, 93, 243, 468, 493, 274, 163, 137, 140, 186, 0]
Volume: 3.9781
Cost: 2684
Route: [0, 333, 70, 304, 178, 204, 319, 216, 434, 378, 317, 99, 38, 303, 148, 278, 313, 202, 74, 45, 469, 53, 0]
Volume: 4.982
Cost: 6285
Route: [0, 95, 144, 373, 108, 348, 289, 472, 60, 369, 326, 90, 75, 451, 494, 111, 460, 22, 429, 168, 64, 240, 397, 329, 0]
Volume: 4.92
Cost: 5942
Route: [0, 84, 230, 368, 194, 80, 320, 363, 173, 385, 259, 139, 119, 495, 358, 248, 48, 299, 0]
Volume: 4.841
Cost: 6288
Route: [0, 4, 52, 436, 188, 392, 61, 146, 342, 77, 190, 138, 92, 56, 218, 379, 374, 336, 170, 18, 410, 482, 478, 408, 0]
Volume: 4.969
Cost: 5438
Route: [0, 49, 166, 223, 238, 79, 340, 459, 85, 293, 453, 171, 396, 449, 121, 253, 470, 294, 450, 486, 433, 441, 78, 208, 0]
Volume: 4.5912
Cost: 6219
Route: [0, 25, 272, 214, 19, 250, 386, 89, 39, 370, 444, 0]
Volume: 2.968
Cost: 3559
Route: [0, 258, 46, 356, 400, 389, 43, 399, 330, 221, 255, 63, 57, 264, 62, 390, 183, 355, 314, 357, 414, 0]
Volume: 4.3839
Cost: 4303
Route: [0, 100, 154, 437, 180, 27, 361, 252, 191, 382, 152, 384, 461, 383, 107, 491, 198, 81, 199, 0]
Volume: 4.943
Cost: 4957
Route: [0, 331, 9, 292, 285, 28, 87, 29, 422, 296, 58, 134, 106, 8, 195, 172, 125, 393, 467, 126, 0]
Volume: 4.133
Cost: 4571
Route: [0, 181, 404, 217, 476, 456, 246, 475, 182, 432, 225, 473, 162, 212, 288, 277, 16, 286, 352, 484, 346, 367, 232, 231, 101, 0]
Volume: 4.6
Cost: 4820
Route: [0, 234, 82, 141, 353, 244, 497, 415, 448, 402, 76, 447, 47, 11, 249, 210, 83, 30, 26, 3, 151, 103, 406, 0]
Volume: 4.693
Cost: 4453
Route: [0, 165, 474, 122, 266, 213, 359, 380, 175, 17, 364, 226, 387, 262, 306, 192, 423, 323, 0]
Volume: 4.567
Cost: 5871
Route: [0, 283, 307, 281, 271, 143, 321, 401, 413, 490, 345, 465, 341, 298, 227, 455, 388, 334, 347, 325, 184, 147, 50, 480, 0]
Volume: 4.9231
Cost: 6405
Route: [0, 287, 362, 159, 312, 197, 280, 485, 128, 424, 73, 427, 67, 209, 2, 0]
Volume: 4.896
Cost: 6069
Route: [0, 203, 23, 489, 237, 291, 398, 488, 251, 241, 498, 113, 247, 13, 301, 109, 97, 219, 0]
Volume: 4.946
Cost: 4333
Route: [0, 295, 215, 71, 302, 327, 24, 269, 177, 239, 282, 115, 337, 169, 496, 145, 305, 68, 72, 242, 0]
Volume: 4.7811
Cost: 5649
Route: [0, 428, 332, 116, 372, 338, 445, 420, 310, 96, 421, 322, 133, 235, 463, 439, 20, 418, 44, 435, 155, 350, 10, 34, 394, 176, 150, 0]
Volume: 4.806
Cost: 8108
Route: [0, 343, 189, 265, 222, 407, 446, 416, 69, 391, 7, 161, 344, 37, 233, 118, 0]
Volume: 4.98
Cost: 4733
