OFV: 76358.0

Route: [0, 81, 21, 60, 27, 56, 29, 34, 20, 23, 84, 51, 15, 45, 64, 49, 75, 3, 95, 73, 47, 53, 22, 63, 87, 67, 31, 86, 46, 93, 37, 85, 50, 80, 36, 32, 0]
Volume: 4.8106
Cost: 25567
Route: [0, 59, 58, 10, 6, 28, 16, 17, 13, 96, 98, 69, 30, 71, 39, 38, 11, 14, 48, 92, 66, 83, 19, 61, 70, 78, 0]
Volume: 3.0495
Cost: 29908
Route: [0, 33, 2, 5, 74, 8, 68, 43, 40, 77, 25, 18, 4, 82, 54, 41, 52, 44, 1, 35, 79, 65, 90, 97, 89, 12, 76, 72, 88, 26, 55, 62, 91, 7, 57, 42, 24, 99, 9, 94, 0]
Volume: 4.081
Cost: 20883
