OFV: 123165.0

Route: [0, 389, 294, 223, 239, 428, 320, 207, 327, 298, 67, 62, 263, 447, 271, 346, 306, 278, 143, 141, 171, 411, 274, 495, 0]
Volume: 4.993
Cost: 5030
Route: [0, 375, 236, 145, 412, 232, 128, 290, 144, 102, 415, 328, 293, 201, 163, 59, 398, 286, 266, 0]
Volume: 4.8781
Cost: 4384
Route: [0, 307, 489, 494, 440, 133, 14, 169, 96, 140, 277, 466, 399, 127, 108, 86, 168, 275, 160, 268, 345, 0]
Volume: 4.957
Cost: 5537
Route: [0, 33, 491, 112, 261, 256, 276, 13, 410, 49, 450, 319, 0]
Volume: 3.6
Cost: 2995
Route: [0, 157, 338, 187, 310, 467, 132, 349, 248, 125, 250, 380, 52, 209, 152, 433, 336, 30, 148, 219, 88, 25, 32, 195, 69, 331, 0]
Volume: 4.897
Cost: 7071
Route: [0, 225, 296, 10, 383, 105, 26, 237, 332, 192, 486, 175, 463, 150, 317, 379, 155, 82, 19, 302, 238, 482, 61, 0]
Volume: 4.909
Cost: 7425
Route: [0, 233, 153, 267, 439, 373, 38, 249, 135, 477, 116, 42, 39, 15, 285, 405, 247, 230, 343, 149, 421, 229, 31, 431, 360, 0]
Volume: 4.856
Cost: 6548
Route: [0, 454, 27, 324, 110, 47, 51, 218, 63, 295, 188, 45, 493, 419, 422, 497, 184, 28, 377, 417, 312, 0]
Volume: 4.931
Cost: 6339
Route: [0, 474, 351, 11, 487, 73, 137, 475, 442, 400, 406, 104, 70, 203, 356, 210, 80, 0]
Volume: 4.96
Cost: 3142
Route: [0, 270, 273, 37, 388, 54, 66, 194, 455, 279, 434, 159, 254, 126, 156, 9, 420, 167, 395, 291, 115, 456, 325, 0]
Volume: 4.875
Cost: 5602
Route: [0, 260, 385, 313, 21, 253, 362, 85, 304, 217, 64, 453, 16, 29, 426, 136, 341, 100, 81, 0]
Volume: 4.475
Cost: 5633
Route: [0, 404, 208, 146, 93, 257, 106, 182, 18, 498, 283, 227, 177, 364, 251, 451, 401, 4, 242, 176, 103, 468, 222, 224, 0]
Volume: 4.6931
Cost: 7233
Route: [0, 213, 56, 6, 57, 471, 432, 462, 465, 416, 154, 449, 452, 359, 245, 72, 484, 288, 199, 252, 326, 92, 84, 446, 402, 330, 158, 0]
Volume: 4.9911
Cost: 5472
Route: [0, 358, 53, 76, 352, 390, 87, 483, 308, 413, 309, 43, 36, 215, 24, 94, 393, 443, 139, 173, 490, 40, 44, 216, 337, 318, 0]
Volume: 4.9731
Cost: 4870
Route: [0, 340, 282, 113, 479, 200, 387, 461, 12, 316, 228, 151, 22, 392, 202, 299, 138, 34, 114, 198, 369, 226, 347, 365, 311, 120, 289, 186, 0]
Volume: 4.992
Cost: 5212
Route: [0, 496, 50, 344, 408, 429, 485, 243, 131, 262, 382, 354, 35, 46, 305, 119, 473, 414, 348, 361, 370, 436, 368, 339, 0]
Volume: 4.971
Cost: 5657
Route: [0, 460, 367, 499, 445, 322, 315, 424, 189, 353, 71, 2, 259, 386, 430, 269, 363, 89, 190, 99, 284, 335, 425, 488, 0]
Volume: 4.7001
Cost: 5290
Route: [0, 423, 481, 480, 397, 212, 350, 60, 391, 206, 441, 476, 74, 394, 178, 374, 448, 124, 79, 164, 457, 1, 180, 0]
Volume: 4.9862
Cost: 5036
Route: [0, 130, 381, 231, 191, 334, 166, 444, 205, 280, 470, 240, 372, 147, 181, 3, 342, 409, 235, 193, 287, 244, 418, 0]
Volume: 4.845
Cost: 4387
Route: [0, 20, 48, 246, 98, 117, 58, 403, 321, 323, 464, 396, 272, 197, 281, 333, 78, 8, 162, 23, 472, 0]
Volume: 4.8441
Cost: 4355
Route: [0, 241, 355, 384, 174, 101, 297, 97, 111, 221, 7, 459, 366, 469, 478, 91, 265, 134, 123, 407, 0]
Volume: 4.923
Cost: 4249
Route: [0, 90, 55, 258, 185, 300, 172, 492, 170, 214, 376, 204, 234, 371, 196, 314, 329, 129, 161, 118, 5, 437, 95, 301, 0]
Volume: 4.9071
Cost: 4425
Route: [0, 211, 303, 435, 292, 255, 438, 142, 17, 264, 41, 122, 427, 0]
Volume: 4.9631
Cost: 3687
Route: [0, 357, 378, 68, 165, 183, 83, 220, 75, 179, 458, 121, 65, 77, 109, 107, 0]
Volume: 4.9971
Cost: 3586
