OFV: 112139.0

Route: [0, 53, 47, 46, 33, 41, 20, 77, 44, 0]
Volume: 4.9421
Cost: 9174
Route: [0, 54, 63, 88, 42, 8, 93, 98, 0]
Volume: 4.916
Cost: 8179
Route: [0, 5, 70, 74, 24, 83, 62, 59, 82, 10, 79, 73, 0]
Volume: 4.8261
Cost: 14167
Route: [0, 67, 95, 38, 45, 51, 85, 71, 0]
Volume: 4.566
Cost: 7629
Route: [0, 39, 1, 37, 35, 69, 25, 48, 16, 52, 14, 15, 11, 50, 0]
Volume: 4.7921
Cost: 9741
Route: [0, 27, 92, 96, 94, 29, 9, 26, 97, 0]
Volume: 4.944
Cost: 10577
Route: [0, 36, 17, 23, 57, 80, 30, 28, 76, 4, 64, 43, 19, 0]
Volume: 4.506
Cost: 9288
Route: [0, 3, 68, 49, 12, 22, 0]
Volume: 3.192
Cost: 9455
Route: [0, 78, 13, 34, 55, 86, 7, 58, 0]
Volume: 4.678
Cost: 7689
Route: [0, 75, 32, 60, 84, 18, 61, 31, 81, 0]
Volume: 3.824
Cost: 15693
Route: [0, 40, 66, 65, 89, 2, 90, 56, 99, 87, 72, 91, 21, 6, 0]
Volume: 5.0
Cost: 10547
