OFV: 43162.0

Route: [0, 58, 229, 37, 243, 87, 245, 94, 197, 192, 149, 249, 55, 8, 238, 156, 240, 88, 181, 123, 11, 102, 33, 228, 207, 77, 112, 104, 135, 53, 182, 6, 201, 172, 159, 171, 121, 203, 78, 237, 224, 46, 150, 147, 79, 27, 124, 108, 42, 195, 136, 160, 106, 105, 68, 28, 23, 222, 239, 56, 144, 130, 80, 133, 216, 26, 153, 69, 190, 100, 0]
Volume: 9.9072
Cost: 10916
Route: [0, 82, 83, 230, 234, 242, 116, 92, 231, 113, 18, 101, 132, 145, 98, 44, 137, 62, 114, 90, 223, 189, 158, 196, 20, 7, 241, 51, 31, 59, 142, 60, 248, 217, 167, 218, 65, 205, 134, 34, 219, 118, 194, 99, 131, 143, 183, 75, 103, 211, 72, 206, 169, 10, 233, 64, 39, 208, 188, 17, 191, 4, 111, 15, 173, 168, 57, 70, 41, 215, 165, 14, 225, 38, 235, 122, 85, 193, 32, 246, 247, 163, 47, 180, 198, 164, 40, 0]
Volume: 9.7921
Cost: 16498
Route: [0, 214, 200, 96, 152, 16, 52, 220, 76, 179, 35, 50, 81, 139, 110, 29, 221, 186, 175, 187, 162, 236, 213, 210, 25, 5, 177, 91, 109, 107, 73, 209, 49, 3, 48, 212, 170, 129, 74, 140, 19, 45, 244, 146, 202, 21, 184, 30, 36, 125, 226, 71, 2, 141, 151, 176, 24, 148, 66, 199, 154, 43, 61, 174, 22, 86, 84, 97, 204, 157, 161, 95, 54, 1, 155, 138, 127, 232, 67, 117, 9, 119, 115, 128, 89, 63, 13, 227, 93, 126, 185, 12, 178, 166, 120, 0]
Volume: 11.6171
Cost: 15748
