OFV: 447757.0

Route: [0, 30, 24, 56, 58, 72, 85, 86, 68, 31, 29, 13, 67, 3, 62, 66, 27, 98, 35, 8, 41, 81, 33, 6, 44, 83, 0]
Volume: 4.9871
Cost: 119181
Route: [0, 7, 59, 21, 46, 91, 42, 57, 76, 69, 32, 64, 2, 96, 48, 11, 73, 77, 0]
Volume: 3.885
Cost: 67891
Route: [0, 12, 84, 5, 95, 80, 51, 22, 9, 65, 38, 25, 90, 45, 89, 0]
Volume: 4.905
Cost: 66390
Route: [0, 88, 82, 19, 99, 14, 94, 26, 60, 1, 23, 37, 20, 49, 93, 75, 15, 53, 79, 16, 55, 47, 97, 28, 0]
Volume: 4.762
Cost: 94371
Route: [0, 78, 70, 50, 71, 61, 39, 36, 10, 18, 40, 54, 34, 43, 87, 4, 92, 52, 63, 17, 74, 0]
Volume: 4.9731
Cost: 99924
