OFV: 110582.0

Route: [0, 127, 171, 139, 126, 205, 109, 35, 180, 82, 0]
Volume: 4.924
Cost: 1999
Route: [0, 146, 26, 201, 23, 25, 70, 72, 0]
Volume: 5.0
Cost: 4872
Route: [0, 15, 154, 135, 211, 17, 222, 206, 236, 0]
Volume: 4.894
Cost: 3621
Route: [0, 183, 134, 214, 194, 213, 56, 240, 242, 54, 204, 0]
Volume: 4.9381
Cost: 5265
Route: [0, 6, 100, 145, 129, 36, 115, 81, 189, 212, 223, 0]
Volume: 4.696
Cost: 4563
Route: [0, 11, 232, 207, 210, 186, 118, 144, 86, 195, 0]
Volume: 4.626
Cost: 5492
Route: [0, 108, 89, 149, 19, 153, 59, 0]
Volume: 2.1041
Cost: 2885
Route: [0, 179, 245, 192, 63, 193, 91, 92, 125, 0]
Volume: 4.8861
Cost: 1945
Route: [0, 200, 57, 73, 87, 120, 69, 233, 4, 119, 0]
Volume: 4.982
Cost: 4115
Route: [0, 164, 225, 27, 182, 51, 68, 80, 24, 0]
Volume: 4.718
Cost: 4205
Route: [0, 112, 30, 167, 116, 188, 38, 130, 249, 95, 20, 0]
Volume: 4.8741
Cost: 5106
Route: [0, 237, 49, 243, 75, 159, 44, 196, 48, 0]
Volume: 4.932
Cost: 4517
Route: [0, 181, 88, 60, 226, 160, 34, 31, 172, 241, 227, 76, 138, 3, 123, 71, 61, 41, 0]
Volume: 4.848
Cost: 7030
Route: [0, 133, 199, 184, 29, 79, 142, 0]
Volume: 4.8601
Cost: 3246
Route: [0, 14, 158, 45, 52, 55, 168, 150, 67, 94, 244, 93, 53, 136, 0]
Volume: 4.818
Cost: 4430
Route: [0, 77, 7, 177, 43, 65, 197, 0]
Volume: 4.7
Cost: 3410
Route: [0, 175, 74, 102, 235, 247, 83, 98, 221, 239, 148, 0]
Volume: 4.918
Cost: 4913
Route: [0, 12, 215, 161, 18, 97, 107, 124, 110, 198, 101, 0]
Volume: 4.992
Cost: 2220
Route: [0, 178, 163, 187, 140, 229, 105, 203, 84, 0]
Volume: 4.892
Cost: 4616
Route: [0, 157, 8, 209, 39, 37, 40, 47, 238, 147, 5, 58, 0]
Volume: 4.536
Cost: 4855
Route: [0, 111, 78, 103, 216, 218, 224, 248, 176, 169, 1, 106, 174, 0]
Volume: 4.932
Cost: 5406
Route: [0, 208, 104, 62, 217, 185, 9, 50, 32, 0]
Volume: 4.988
Cost: 2346
Route: [0, 113, 122, 131, 190, 156, 132, 219, 220, 152, 151, 99, 0]
Volume: 4.7619
Cost: 4537
Route: [0, 128, 96, 234, 202, 10, 231, 28, 228, 162, 170, 33, 155, 141, 90, 0]
Volume: 4.782
Cost: 4615
Route: [0, 22, 191, 13, 66, 21, 114, 0]
Volume: 4.9939
Cost: 4360
Route: [0, 165, 46, 121, 117, 143, 42, 246, 2, 0]
Volume: 4.906
Cost: 2939
Route: [0, 16, 137, 230, 166, 173, 85, 64, 0]
Volume: 4.892
Cost: 3074
