OFV: 45338.0

Route: [0, 37, 220, 303, 36, 308, 286, 249, 188, 412, 139, 19, 335, 326, 428, 497, 98, 438, 0]
Volume: 11.2661
Cost: 2078
Route: [0, 264, 115, 330, 166, 283, 185, 269, 153, 193, 381, 255, 154, 465, 387, 486, 349, 342, 260, 207, 68, 0]
Volume: 11.3079
Cost: 1811
Route: [0, 371, 309, 162, 28, 151, 107, 353, 385, 71, 138, 336, 257, 276, 425, 316, 365, 95, 164, 237, 135, 285, 127, 44, 181, 0]
Volume: 11.3281
Cost: 1236
Route: [0, 190, 494, 441, 314, 200, 287, 102, 417, 351, 479, 236, 142, 455, 312, 302, 132, 197, 233, 475, 178, 488, 196, 252, 290, 0]
Volume: 10.984
Cost: 2429
Route: [0, 331, 226, 230, 362, 410, 205, 295, 92, 117, 23, 262, 29, 354, 39, 85, 376, 86, 350, 291, 61, 0]
Volume: 11.23
Cost: 1475
Route: [0, 352, 152, 55, 325, 281, 414, 136, 199, 398, 355, 223, 356, 361, 461, 359, 121, 0]
Volume: 10.2419
Cost: 1530
Route: [0, 396, 43, 251, 214, 173, 64, 218, 382, 433, 416, 120, 33, 11, 3, 375, 337, 111, 167, 373, 437, 343, 400, 472, 244, 0]
Volume: 10.6541
Cost: 1966
Route: [0, 58, 48, 265, 57, 100, 471, 456, 321, 62, 63, 32, 4, 395, 213, 114, 113, 206, 444, 380, 366, 228, 227, 0]
Volume: 10.938
Cost: 1942
Route: [0, 234, 147, 232, 384, 306, 97, 317, 446, 482, 460, 65, 170, 118, 423, 327, 439, 372, 242, 191, 345, 168, 476, 466, 448, 0]
Volume: 8.6861
Cost: 904
Route: [0, 82, 258, 74, 109, 12, 411, 50, 21, 17, 378, 289, 407, 279, 440, 247, 254, 442, 211, 83, 112, 182, 344, 323, 341, 399, 5, 436, 409, 0]
Volume: 11.8341
Cost: 2448
Route: [0, 370, 225, 110, 51, 263, 67, 339, 186, 42, 256, 305, 177, 104, 427, 297, 18, 30, 403, 165, 141, 176, 480, 0]
Volume: 12.3721
Cost: 2157
Route: [0, 27, 73, 243, 179, 212, 443, 487, 208, 198, 405, 392, 386, 77, 300, 422, 419, 241, 464, 457, 481, 217, 0]
Volume: 12.144
Cost: 2564
Route: [0, 282, 324, 35, 126, 377, 430, 156, 383, 187, 388, 216, 66, 7, 91, 477, 266, 130, 9, 0]
Volume: 10.5161
Cost: 2000
Route: [0, 267, 160, 453, 498, 6, 434, 459, 106, 313, 84, 406, 143, 1, 189, 219, 426, 163, 393, 268, 304, 80, 53, 280, 119, 379, 155, 413, 0]
Volume: 11.152
Cost: 1379
Route: [0, 277, 404, 89, 347, 363, 88, 203, 87, 292, 145, 133, 78, 159, 47, 72, 183, 22, 346, 470, 123, 16, 484, 0]
Volume: 10.526
Cost: 2178
Route: [0, 49, 235, 310, 210, 447, 194, 485, 468, 394, 274, 462, 202, 34, 357, 20, 420, 360, 301, 451, 369, 0]
Volume: 12.4501
Cost: 2227
Route: [0, 125, 108, 294, 496, 367, 144, 240, 158, 248, 41, 81, 307, 140, 489, 401, 478, 261, 424, 288, 0]
Volume: 12.46
Cost: 1467
Route: [0, 172, 253, 25, 38, 94, 157, 150, 195, 284, 338, 493, 131, 45, 116, 224, 402, 245, 418, 215, 54, 13, 246, 0]
Volume: 11.0201
Cost: 2187
Route: [0, 374, 333, 96, 463, 90, 222, 46, 52, 69, 2, 322, 137, 238, 431, 408, 0]
Volume: 8.5799
Cost: 3585
Route: [0, 122, 239, 495, 432, 270, 491, 389, 329, 397, 273, 31, 79, 192, 435, 204, 450, 473, 320, 467, 332, 60, 328, 0]
Volume: 11.4141
Cost: 2325
Route: [0, 499, 469, 24, 368, 298, 175, 209, 390, 75, 134, 296, 229, 275, 299, 105, 59, 101, 474, 149, 40, 449, 10, 129, 124, 231, 14, 318, 272, 271, 0]
Volume: 10.9241
Cost: 2388
Route: [0, 358, 364, 250, 103, 184, 259, 93, 169, 128, 70, 99, 452, 391, 148, 454, 171, 311, 483, 492, 340, 315, 146, 421, 0]
Volume: 11.546
Cost: 1625
Route: [0, 76, 334, 26, 174, 221, 458, 161, 278, 56, 490, 180, 348, 8, 415, 445, 293, 429, 201, 319, 15, 0]
Volume: 9.86
Cost: 1437
