OFV: 1108985.0

Route: [0, 176, 144, 222, 239, 56, 21, 184, 125, 36, 30, 226, 71, 2, 0]
Volume: 4.992
Cost: 55372
Route: [0, 135, 182, 201, 53, 104, 6, 172, 207, 77, 159, 78, 171, 203, 121, 112, 228, 0]
Volume: 4.87
Cost: 51316
Route: [0, 82, 234, 83, 230, 242, 116, 92, 17, 233, 0]
Volume: 4.932
Cost: 62079
Route: [0, 27, 79, 150, 224, 46, 237, 124, 108, 0]
Volume: 4.926
Cost: 46997
Route: [0, 225, 38, 235, 122, 14, 215, 165, 133, 141, 151, 80, 130, 24, 229, 0]
Volume: 4.988
Cost: 66672
Route: [0, 18, 113, 231, 132, 101, 98, 137, 44, 62, 114, 90, 145, 69, 0]
Volume: 4.846
Cost: 51363
Route: [0, 193, 76, 220, 52, 16, 152, 96, 200, 214, 33, 102, 11, 238, 0]
Volume: 4.964
Cost: 45295
Route: [0, 178, 166, 120, 185, 93, 126, 227, 12, 0]
Volume: 3.252
Cost: 37709
Route: [0, 37, 8, 140, 19, 244, 146, 202, 123, 0]
Volume: 4.92
Cost: 45494
Route: [0, 75, 183, 143, 26, 219, 118, 129, 74, 194, 99, 131, 63, 0]
Volume: 4.688
Cost: 48255
Route: [0, 243, 61, 67, 43, 199, 154, 117, 9, 128, 119, 115, 0]
Volume: 4.994
Cost: 52705
Route: [0, 58, 86, 84, 97, 161, 204, 157, 95, 127, 155, 138, 232, 1, 54, 174, 22, 249, 149, 192, 0]
Volume: 4.958
Cost: 48979
Route: [0, 70, 153, 60, 248, 217, 218, 205, 34, 65, 167, 134, 41, 0]
Volume: 4.898
Cost: 42476
Route: [0, 55, 148, 66, 23, 160, 105, 68, 28, 106, 216, 45, 197, 0]
Volume: 4.928
Cost: 54846
Route: [0, 209, 212, 48, 170, 49, 3, 177, 107, 73, 210, 25, 109, 91, 0]
Volume: 4.9821
Cost: 60351
Route: [0, 211, 72, 206, 169, 10, 188, 208, 39, 64, 0]
Volume: 4.834
Cost: 51973
Route: [0, 31, 7, 241, 51, 196, 158, 189, 223, 103, 0]
Volume: 4.978
Cost: 50698
Route: [0, 162, 236, 213, 221, 186, 187, 175, 5, 40, 163, 47, 180, 246, 0]
Volume: 4.61
Cost: 42411
Route: [0, 4, 191, 111, 15, 173, 168, 57, 42, 195, 147, 0]
Volume: 4.844
Cost: 56474
Route: [0, 110, 32, 50, 35, 179, 81, 198, 247, 164, 0]
Volume: 4.9481
Cost: 41975
Route: [0, 245, 94, 87, 156, 240, 88, 181, 139, 29, 0]
Volume: 4.892
Cost: 44300
Route: [0, 13, 89, 85, 136, 20, 59, 142, 190, 100, 0]
Volume: 4.786
Cost: 51245
