OFV: 43315.0

Route: [0, 52, 34, 89, 11, 24, 54, 38, 90, 0]
Volume: 4.692
Cost: 3315
Route: [0, 27, 32, 15, 33, 76, 59, 30, 65, 17, 0]
Volume: 4.788
Cost: 3702
Route: [0, 2, 43, 73, 81, 26, 83, 61, 49, 82, 0]
Volume: 4.976
Cost: 5669
Route: [0, 93, 96, 14, 3, 53, 75, 87, 1, 78, 31, 0]
Volume: 4.884
Cost: 4081
Route: [0, 23, 68, 40, 88, 28, 8, 0]
Volume: 4.684
Cost: 3212
Route: [0, 98, 12, 94, 95, 63, 69, 91, 0]
Volume: 4.96
Cost: 3456
Route: [0, 77, 16, 80, 6, 62, 19, 21, 58, 84, 0]
Volume: 4.898
Cost: 3381
Route: [0, 37, 35, 92, 70, 18, 42, 22, 4, 57, 0]
Volume: 4.604
Cost: 4126
Route: [0, 45, 72, 99, 48, 55, 20, 64, 60, 51, 79, 66, 39, 0]
Volume: 4.908
Cost: 4422
Route: [0, 86, 9, 36, 25, 85, 5, 71, 0]
Volume: 4.96
Cost: 3710
Route: [0, 29, 44, 97, 10, 13, 46, 47, 41, 67, 56, 74, 50, 7, 0]
Volume: 4.95
Cost: 4241
