OFV: 899590.0

Route: [0, 167, 163, 137, 274, 493, 126, 393, 467, 125, 195, 172, 8, 29, 67, 209, 2, 295, 333, 234, 0]
Volume: 4.9071
Cost: 50184
Route: [0, 269, 375, 204, 319, 216, 434, 364, 226, 378, 317, 99, 38, 312, 159, 303, 178, 365, 318, 0]
Volume: 4.894
Cost: 30847
Route: [0, 480, 40, 316, 462, 461, 383, 107, 491, 143, 341, 298, 227, 455, 388, 334, 347, 325, 184, 382, 152, 147, 0]
Volume: 4.974
Cost: 32900
Route: [0, 150, 45, 74, 84, 230, 368, 367, 232, 231, 101, 372, 338, 445, 420, 96, 310, 421, 374, 336, 170, 18, 410, 423, 196, 444, 0]
Volume: 4.777
Cost: 39226
Route: [0, 327, 71, 302, 215, 177, 282, 239, 290, 276, 130, 366, 114, 124, 485, 128, 457, 55, 0]
Volume: 4.6301
Cost: 21516
Route: [0, 373, 108, 348, 289, 460, 22, 429, 168, 64, 255, 63, 43, 399, 330, 221, 389, 46, 356, 400, 57, 264, 62, 390, 329, 165, 0]
Volume: 4.9679
Cost: 43563
Route: [0, 261, 112, 483, 464, 220, 403, 5, 31, 443, 481, 120, 430, 492, 250, 89, 386, 370, 39, 191, 384, 50, 0]
Volume: 4.8671
Cost: 44326
Route: [0, 308, 335, 54, 104, 142, 201, 328, 349, 42, 65, 68, 72, 478, 408, 0]
Volume: 3.493
Cost: 17665
Route: [0, 228, 242, 118, 344, 233, 37, 161, 407, 222, 416, 446, 314, 240, 183, 397, 357, 414, 88, 6, 149, 0]
Volume: 4.753
Cost: 36360
Route: [0, 100, 154, 437, 180, 27, 361, 252, 275, 207, 164, 127, 59, 206, 311, 395, 440, 360, 270, 376, 0]
Volume: 4.991
Cost: 32987
Route: [0, 129, 181, 404, 476, 217, 456, 246, 188, 436, 299, 4, 52, 288, 10, 394, 176, 0]
Volume: 4.951
Cost: 34216
Route: [0, 258, 332, 139, 83, 30, 26, 3, 151, 182, 432, 473, 225, 212, 495, 248, 119, 346, 484, 363, 385, 173, 259, 469, 53, 0]
Volume: 4.908
Cost: 41162
Route: [0, 203, 23, 283, 307, 33, 156, 281, 13, 247, 251, 398, 241, 488, 14, 371, 257, 135, 245, 160, 158, 309, 0]
Volume: 4.808
Cost: 25880
Route: [0, 265, 189, 343, 496, 337, 169, 105, 405, 21, 254, 1, 153, 409, 36, 15, 300, 0]
Volume: 4.7181
Cost: 28338
Route: [0, 193, 187, 431, 117, 260, 86, 499, 471, 419, 487, 426, 273, 185, 284, 379, 20, 418, 435, 155, 350, 116, 34, 406, 482, 323, 0]
Volume: 4.906
Cost: 37419
Route: [0, 70, 24, 424, 148, 278, 313, 202, 266, 213, 359, 380, 175, 17, 197, 280, 427, 73, 0]
Volume: 4.959
Cost: 42235
Route: [0, 489, 301, 80, 320, 51, 425, 12, 268, 263, 229, 354, 32, 200, 256, 498, 113, 291, 237, 199, 0]
Volume: 4.9071
Cost: 41594
Route: [0, 331, 238, 166, 223, 441, 486, 449, 121, 253, 171, 293, 79, 459, 340, 85, 453, 396, 294, 75, 451, 90, 326, 208, 78, 49, 25, 0]
Volume: 4.9571
Cost: 39498
Route: [0, 144, 95, 472, 369, 60, 433, 470, 450, 111, 494, 391, 7, 69, 355, 145, 305, 315, 0]
Volume: 4.9641
Cost: 32117
Route: [0, 192, 92, 56, 218, 44, 190, 138, 439, 235, 463, 133, 322, 77, 146, 342, 61, 103, 277, 16, 286, 352, 377, 0]
Volume: 4.9831
Cost: 43127
Route: [0, 81, 442, 454, 224, 458, 211, 351, 411, 98, 272, 214, 131, 412, 279, 19, 66, 477, 123, 267, 297, 174, 198, 271, 0]
Volume: 4.8712
Cost: 45894
Route: [0, 287, 324, 132, 306, 262, 387, 362, 479, 91, 136, 304, 438, 0]
Volume: 4.984
Cost: 24861
Route: [0, 115, 93, 243, 468, 9, 106, 292, 285, 422, 296, 58, 134, 87, 28, 140, 186, 0]
Volume: 4.889
Cost: 33276
Route: [0, 428, 475, 47, 11, 249, 210, 358, 48, 392, 141, 82, 162, 402, 76, 447, 244, 353, 497, 415, 448, 381, 236, 417, 194, 109, 97, 219, 0]
Volume: 4.839
Cost: 46876
Route: [0, 122, 474, 339, 452, 321, 401, 345, 465, 413, 490, 94, 157, 35, 179, 466, 102, 41, 205, 110, 0]
Volume: 4.7021
Cost: 33523
