OFV: 97672.0

Route: [0, 17, 314, 248, 32, 55, 489, 425, 142, 244, 355, 75, 179, 295, 259, 287, 315, 431, 204, 358, 2, 217, 297, 447, 245, 93, 215, 483, 375, 377, 250, 317, 0]
Volume: 12.0901
Cost: 7988
Route: [0, 176, 441, 139, 102, 247, 64, 192, 205, 140, 455, 318, 106, 453, 167, 484, 63, 62, 291, 381, 407, 165, 49, 12, 23, 424, 284, 390, 0]
Volume: 12.2
Cost: 4078
Route: [0, 7, 230, 308, 236, 405, 440, 114, 135, 24, 180, 29, 210, 184, 384, 232, 461, 186, 386, 498, 38, 222, 162, 408, 451, 119, 0]
Volume: 12.3141
Cost: 2960
Route: [0, 228, 364, 37, 34, 200, 307, 141, 54, 468, 221, 456, 465, 31, 394, 131, 378, 61, 473, 338, 145, 491, 178, 379, 254, 448, 344, 36, 160, 396, 41, 56, 213, 175, 0]
Volume: 12.3461
Cost: 5802
Route: [0, 136, 289, 239, 219, 445, 369, 42, 426, 321, 128, 211, 19, 362, 299, 363, 274, 313, 181, 253, 68, 152, 0]
Volume: 11.9
Cost: 4213
Route: [0, 220, 82, 429, 190, 385, 388, 43, 258, 130, 94, 237, 293, 419, 327, 436, 126, 372, 89, 475, 432, 21, 0]
Volume: 12.02
Cost: 4199
Route: [0, 264, 365, 169, 300, 229, 84, 322, 1, 392, 22, 494, 251, 395, 415, 336, 157, 80, 485, 428, 310, 147, 326, 312, 65, 69, 6, 96, 256, 33, 172, 366, 477, 0]
Volume: 12.2981
Cost: 4857
Route: [0, 242, 487, 348, 439, 233, 420, 53, 357, 111, 410, 174, 271, 125, 286, 25, 57, 226, 324, 261, 0]
Volume: 12.474
Cost: 4582
Route: [0, 209, 73, 433, 146, 421, 325, 340, 449, 35, 39, 134, 282, 16, 191, 9, 28, 397, 15, 195, 44, 435, 123, 373, 0]
Volume: 12.474
Cost: 5767
Route: [0, 255, 402, 303, 189, 458, 335, 404, 231, 218, 155, 143, 361, 20, 267, 101, 412, 434, 347, 50, 243, 115, 438, 281, 430, 391, 0]
Volume: 12.26
Cost: 4932
Route: [0, 309, 46, 463, 212, 26, 382, 376, 182, 159, 283, 87, 413, 161, 18, 45, 285, 121, 320, 127, 499, 288, 268, 334, 81, 113, 171, 423, 495, 163, 337, 454, 0]
Volume: 12.498
Cost: 6000
Route: [0, 153, 196, 216, 85, 104, 225, 490, 52, 350, 269, 246, 265, 137, 124, 97, 30, 482, 360, 0]
Volume: 12.182
Cost: 3548
Route: [0, 480, 446, 48, 462, 493, 332, 108, 235, 467, 323, 349, 197, 486, 214, 224, 474, 331, 450, 444, 234, 266, 342, 488, 346, 262, 194, 442, 90, 72, 118, 0]
Volume: 12.328
Cost: 5972
Route: [0, 203, 70, 77, 95, 27, 416, 74, 99, 133, 492, 437, 354, 11, 352, 166, 100, 177, 58, 206, 345, 110, 188, 298, 0]
Volume: 11.73
Cost: 5377
Route: [0, 270, 367, 183, 132, 279, 40, 138, 4, 414, 457, 129, 311, 122, 304, 112, 371, 154, 400, 51, 14, 0]
Volume: 12.4421
Cost: 5397
Route: [0, 227, 241, 417, 387, 353, 150, 452, 208, 328, 399, 156, 496, 280, 296, 356, 151, 339, 59, 144, 8, 290, 471, 389, 302, 368, 275, 117, 238, 0]
Volume: 12.0701
Cost: 4887
Route: [0, 330, 316, 403, 422, 98, 185, 257, 92, 149, 497, 148, 278, 481, 427, 116, 199, 223, 260, 383, 333, 103, 401, 168, 0]
Volume: 12.46
Cost: 4517
Route: [0, 443, 418, 107, 120, 193, 5, 469, 319, 301, 478, 10, 393, 273, 470, 351, 47, 479, 263, 86, 91, 464, 66, 164, 109, 252, 0]
Volume: 11.9579
Cost: 3261
Route: [0, 411, 466, 305, 409, 460, 198, 158, 306, 276, 173, 249, 60, 79, 406, 343, 76, 374, 88, 472, 71, 78, 370, 0]
Volume: 12.4362
Cost: 5585
Route: [0, 240, 105, 476, 359, 170, 207, 380, 83, 341, 202, 294, 292, 398, 329, 201, 67, 272, 459, 277, 13, 3, 187, 0]
Volume: 11.4161
Cost: 3750
