OFV: 1008126.0

Route: [0, 40, 315, 128, 481, 11, 184, 201, 188, 423, 460, 76, 339, 155, 164, 412, 370, 321, 360, 115, 361, 47, 274, 8, 325, 39, 94, 313, 199, 263, 438, 35, 406, 340, 141, 466, 395, 436, 457, 240, 444, 296, 330, 453, 34, 221, 105, 25, 12, 49, 0]
Volume: 12.4691
Cost: 84251
Route: [0, 304, 111, 33, 364, 414, 190, 121, 183, 26, 430, 345, 21, 496, 45, 147, 290, 295, 231, 50, 19, 256, 311, 61, 308, 129, 229, 441, 470, 172, 428, 383, 62, 415, 392, 432, 225, 56, 347, 447, 124, 264, 268, 352, 208, 324, 389, 215, 497, 146, 119, 387, 182, 101, 110, 437, 0]
Volume: 12.4741
Cost: 112203
Route: [0, 278, 462, 42, 285, 416, 165, 427, 20, 485, 450, 431, 99, 480, 475, 102, 54, 14, 459, 195, 55, 297, 151, 79, 175, 483, 280, 93, 131, 87, 186, 83, 16, 135, 350, 366, 37, 401, 236, 474, 174, 4, 0]
Volume: 11.7592
Cost: 81187
Route: [0, 209, 316, 495, 91, 259, 31, 142, 198, 114, 75, 169, 134, 219, 454, 173, 197, 327, 420, 451, 471, 344, 332, 29, 32, 86, 120, 100, 284, 299, 106, 162, 214, 154, 38, 217, 97, 48, 448, 67, 3, 82, 408, 493, 334, 0]
Volume: 12.45
Cost: 88452
Route: [0, 92, 301, 66, 372, 335, 72, 126, 271, 343, 477, 452, 89, 84, 108, 377, 74, 96, 302, 317, 13, 272, 396, 148, 418, 266, 486, 211, 270, 6, 179, 205, 391, 323, 440, 88, 109, 410, 127, 362, 331, 224, 292, 353, 400, 356, 156, 116, 249, 277, 206, 376, 216, 478, 133, 68, 0]
Volume: 12.4652
Cost: 122697
Route: [0, 367, 282, 314, 52, 28, 139, 368, 373, 161, 64, 336, 378, 181, 443, 487, 319, 358, 273, 349, 73, 218, 138, 53, 287, 468, 294, 455, 143, 300, 386, 80, 90, 243, 242, 261, 167, 490, 482, 132, 85, 442, 157, 329, 286, 381, 449, 0]
Volume: 12.4611
Cost: 96211
Route: [0, 123, 346, 498, 122, 253, 71, 245, 307, 222, 402, 171, 194, 291, 187, 417, 355, 250, 36, 207, 203, 130, 404, 0]
Volume: 8.5911
Cost: 58609
Route: [0, 359, 98, 433, 180, 246, 15, 326, 467, 159, 494, 220, 484, 95, 69, 213, 166, 275, 202, 374, 140, 63, 265, 78, 77, 257, 479, 17, 168, 463, 228, 1, 41, 461, 152, 338, 27, 30, 403, 499, 476, 365, 254, 399, 279, 0]
Volume: 12.03
Cost: 111048
Route: [0, 113, 288, 18, 9, 382, 237, 248, 320, 44, 429, 465, 241, 281, 397, 445, 43, 380, 191, 244, 407, 421, 112, 177, 262, 170, 305, 59, 434, 318, 192, 472, 196, 384, 125, 393, 70, 223, 144, 276, 65, 137, 398, 369, 422, 363, 409, 0]
Volume: 11.5581
Cost: 71629
Route: [0, 267, 309, 51, 337, 232, 227, 204, 103, 57, 405, 491, 153, 176, 118, 238, 464, 117, 60, 348, 230, 247, 149, 492, 303, 351, 107, 258, 58, 411, 193, 354, 81, 293, 269, 234, 342, 104, 23, 163, 185, 385, 289, 419, 0]
Volume: 11.099
Cost: 79045
Route: [0, 388, 394, 226, 260, 435, 24, 160, 210, 158, 446, 298, 2, 357, 212, 426, 413, 469, 189, 439, 328, 375, 424, 46, 255, 312, 456, 252, 233, 145, 379, 390, 341, 235, 200, 251, 150, 489, 310, 283, 22, 458, 333, 136, 473, 7, 322, 239, 425, 488, 178, 371, 10, 306, 5, 0]
Volume: 11.819
Cost: 102794
