OFV: 456821.0

Route: [0, 369, 217, 410, 147, 25, 261, 108, 374, 426, 246, 20, 445, 96, 174, 137, 107, 376, 167, 121, 409, 431, 386, 298, 143, 475, 131, 339, 33, 227, 30, 103, 356, 480, 19, 117, 451, 280, 0]
Volume: 12.3961
Cost: 25496
Route: [0, 309, 479, 362, 79, 488, 232, 222, 483, 278, 404, 80, 359, 274, 435, 47, 157, 6, 372, 192, 407, 281, 397, 215, 203, 360, 273, 54, 289, 310, 482, 52, 5, 268, 171, 72, 350, 1, 90, 338, 260, 348, 296, 92, 14, 136, 127, 320, 4, 32, 0]
Volume: 12.394
Cost: 32090
Route: [0, 496, 328, 83, 208, 490, 115, 154, 148, 197, 179, 224, 70, 474, 321, 42, 477, 366, 322, 428, 250, 241, 358, 112, 67, 446, 368, 88, 317, 170, 63, 140, 450, 223, 255, 392, 355, 423, 238, 417, 158, 361, 161, 486, 345, 105, 254, 156, 111, 50, 185, 135, 494, 173, 335, 353, 283, 459, 183, 336, 393, 0]
Volume: 12.413
Cost: 43291
Route: [0, 201, 324, 87, 12, 294, 495, 16, 370, 216, 221, 437, 89, 199, 84, 279, 28, 499, 118, 59, 288, 138, 186, 442, 35, 247, 315, 258, 31, 220, 123, 188, 243, 367, 420, 145, 412, 408, 444, 236, 128, 259, 287, 191, 0]
Volume: 9.7509
Cost: 57415
Route: [0, 307, 62, 252, 240, 333, 24, 389, 305, 155, 414, 168, 153, 21, 196, 172, 325, 306, 343, 434, 291, 57, 406, 211, 371, 425, 133, 256, 443, 432, 202, 276, 97, 422, 106, 125, 292, 403, 190, 416, 8, 468, 402, 253, 225, 15, 491, 101, 7, 493, 99, 0]
Volume: 12.025
Cost: 47451
Route: [0, 85, 39, 194, 352, 453, 373, 318, 218, 245, 206, 396, 267, 456, 440, 146, 86, 22, 212, 149, 424, 150, 129, 449, 341, 286, 384, 429, 363, 122, 498, 383, 433, 17, 270, 26, 81, 3, 49, 377, 457, 64, 478, 142, 452, 244, 411, 109, 214, 265, 299, 73, 327, 0]
Volume: 12.059
Cost: 44280
Route: [0, 282, 91, 41, 441, 2, 419, 311, 46, 182, 60, 124, 95, 45, 176, 180, 378, 160, 448, 242, 0]
Volume: 5.119
Cost: 17553
Route: [0, 470, 351, 438, 65, 293, 463, 40, 302, 347, 210, 29, 209, 76, 77, 485, 395, 237, 189, 151, 262, 248, 466, 93, 329, 166, 467, 193, 401, 187, 228, 454, 74, 492, 290, 271, 323, 332, 481, 275, 69, 9, 120, 36, 102, 195, 56, 0]
Volume: 12.4211
Cost: 48493
Route: [0, 68, 461, 98, 34, 198, 354, 113, 234, 418, 13, 134, 264, 163, 266, 382, 226, 230, 430, 233, 398, 326, 269, 164, 334, 340, 78, 375, 364, 462, 18, 285, 165, 487, 82, 231, 379, 391, 114, 257, 162, 178, 312, 489, 421, 300, 100, 0]
Volume: 12.162
Cost: 43891
Route: [0, 284, 484, 43, 116, 277, 37, 346, 476, 439, 465, 205, 175, 464, 23, 413, 390, 497, 51, 316, 447, 104, 119, 303, 235, 239, 53, 319, 141, 213, 304, 436, 388, 380, 38, 473, 427, 251, 385, 169, 66, 0]
Volume: 11.1614
Cost: 42584
Route: [0, 130, 308, 200, 27, 10, 94, 126, 44, 471, 55, 132, 344, 331, 357, 330, 400, 204, 249, 349, 381, 472, 219, 263, 394, 229, 295, 399, 152, 159, 181, 387, 458, 75, 314, 313, 297, 272, 207, 48, 139, 337, 11, 405, 342, 58, 365, 110, 301, 455, 415, 61, 469, 144, 184, 71, 460, 177, 0]
Volume: 12.481
Cost: 54277
