OFV: 15640.0

Route: [0, 43, 19, 37, 1, 39, 35, 69, 25, 48, 16, 79, 73, 33, 41, 53, 47, 46, 20, 77, 95, 38, 45, 51, 85, 8, 71, 93, 98, 44, 42, 97, 26, 27, 0]
Volume: 4.8891
Cost: 4317
Route: [0, 14, 15, 52, 10, 28, 76, 4, 64, 17, 23, 57, 80, 30, 36, 50, 11, 5, 67, 70, 24, 83, 74, 62, 59, 82, 96, 94, 29, 9, 92, 54, 63, 88, 0]
Volume: 4.932
Cost: 5587
Route: [0, 78, 13, 55, 34, 7, 86, 58, 21, 6, 87, 90, 99, 56, 2, 72, 91, 89, 66, 65, 40, 18, 61, 31, 81, 75, 32, 60, 3, 84, 68, 49, 12, 22, 0]
Volume: 3.171
Cost: 5736
