OFV: 104697.0

Route: [0, 184, 226, 163, 288, 325, 132, 413, 93, 359, 86, 101, 108, 63, 469, 142, 453, 259, 211, 473, 153, 422, 404, 391, 304, 477, 134, 23, 46, 111, 121, 412, 340, 166, 323, 378, 179, 234, 454, 421, 255, 0]
Volume: 12.049
Cost: 9226
Route: [0, 105, 94, 12, 497, 1, 329, 60, 268, 434, 294, 218, 256, 344, 246, 160, 345, 137, 373, 25, 238, 379, 487, 318, 330, 354, 363, 419, 171, 439, 27, 478, 353, 346, 242, 221, 227, 144, 0]
Volume: 10.3372
Cost: 5387
Route: [0, 17, 332, 265, 444, 164, 440, 154, 216, 159, 109, 76, 103, 16, 435, 191, 321, 140, 152, 161, 213, 338, 408, 316, 290, 35, 424, 335, 287, 257, 253, 13, 480, 277, 386, 339, 397, 488, 402, 223, 499, 262, 241, 0]
Volume: 10.9532
Cost: 10798
Route: [0, 355, 400, 447, 4, 125, 115, 146, 197, 263, 293, 44, 97, 80, 429, 32, 230, 366, 219, 347, 409, 177, 334, 311, 92, 446, 26, 236, 251, 326, 432, 136, 320, 348, 133, 198, 240, 458, 170, 5, 110, 374, 0]
Volume: 10.7702
Cost: 7891
Route: [0, 54, 479, 269, 123, 376, 395, 308, 414, 436, 360, 39, 305, 472, 313, 392, 239, 59, 43, 82, 482, 122, 139, 237, 389, 451, 370, 185, 406, 225, 21, 232, 491, 138, 425, 276, 405, 98, 187, 181, 52, 284, 342, 319, 285, 33, 361, 231, 87, 254, 244, 72, 106, 0]
Volume: 10.9711
Cost: 7603
Route: [0, 215, 24, 264, 283, 143, 28, 459, 149, 214, 64, 247, 18, 249, 350, 178, 273, 126, 203, 349, 486, 67, 371, 399, 364, 189, 222, 292, 168, 96, 272, 266, 470, 182, 117, 274, 396, 438, 22, 426, 119, 233, 0]
Volume: 11.704
Cost: 7077
Route: [0, 317, 437, 327, 280, 464, 53, 130, 58, 351, 449, 375, 476, 10, 210, 448, 382, 2, 157, 427, 301, 91, 303, 328, 188, 8, 245, 410, 403, 343, 169, 336, 155, 445, 0]
Volume: 7.6891
Cost: 9087
Route: [0, 71, 297, 70, 81, 7, 124, 114, 452, 148, 172, 489, 194, 151, 102, 278, 462, 261, 394, 29, 127, 42, 416, 200, 77, 443, 243, 282, 267, 107, 492, 385, 495, 481, 485, 207, 41, 69, 450, 95, 11, 357, 196, 388, 38, 83, 68, 3, 100, 48, 156, 173, 180, 0]
Volume: 11.5142
Cost: 9917
Route: [0, 356, 75, 118, 279, 88, 463, 84, 302, 270, 296, 186, 367, 250, 468, 460, 490, 9, 393, 165, 461, 291, 162, 55, 90, 79, 298, 380, 99, 368, 442, 467, 352, 494, 289, 457, 433, 465, 417, 362, 484, 113, 129, 300, 228, 0]
Volume: 10.9163
Cost: 5897
Route: [0, 220, 74, 415, 224, 390, 199, 307, 176, 420, 411, 208, 128, 312, 286, 295, 195, 183, 281, 430, 175, 306, 381, 398, 365, 15, 57, 40, 158, 56, 30, 20, 147, 190, 310, 85, 235, 62, 483, 456, 73, 309, 206, 418, 141, 36, 61, 66, 150, 51, 475, 387, 0]
Volume: 11.0783
Cost: 10930
Route: [0, 201, 229, 372, 47, 337, 431, 383, 333, 192, 209, 116, 212, 455, 341, 377, 131, 31, 174, 252, 493, 401, 104, 112, 193, 260, 324, 0]
Volume: 6.25
Cost: 10142
Route: [0, 384, 423, 202, 145, 498, 258, 19, 205, 204, 496, 369, 322, 275, 331, 474, 37, 14, 65, 217, 89, 45, 299, 34, 135, 248, 466, 6, 407, 167, 314, 441, 50, 358, 315, 271, 471, 120, 49, 428, 78, 0]
Volume: 11.201
Cost: 10742
