OFV: 45200.0

Route: [0, 10, 5, 17, 69, 36, 22, 11, 83, 82, 39, 26, 34, 91, 20, 81, 79, 72, 23, 61, 98, 19, 47, 40, 54, 52, 85, 0]
Volume: 11.556
Cost: 11230
Route: [0, 62, 45, 92, 25, 18, 99, 42, 65, 13, 63, 32, 28, 6, 70, 73, 7, 68, 24, 78, 67, 27, 57, 0]
Volume: 11.8681
Cost: 9363
Route: [0, 55, 12, 30, 31, 50, 66, 3, 93, 86, 46, 33, 35, 16, 87, 9, 71, 41, 74, 2, 15, 43, 0]
Volume: 12.062
Cost: 10039
Route: [0, 48, 44, 21, 51, 8, 49, 84, 29, 38, 37, 94, 4, 64, 58, 97, 59, 14, 88, 0]
Volume: 10.058
Cost: 8293
Route: [0, 76, 89, 96, 75, 77, 1, 90, 56, 80, 60, 95, 53, 0]
Volume: 6.974
Cost: 6275
