OFV: 645093.0

Route: [0, 484, 21, 56, 225, 197, 185, 418, 35, 43, 61, 392, 222, 433, 212, 316, 246, 174, 373, 166, 436, 0]
Volume: 11.552
Cost: 21983
Route: [0, 272, 481, 121, 87, 4, 92, 196, 386, 324, 203, 151, 189, 186, 25, 52, 23, 341, 0]
Volume: 9.81
Cost: 16587
Route: [0, 80, 403, 214, 145, 389, 153, 124, 18, 243, 129, 159, 12, 448, 150, 420, 307, 306, 58, 173, 234, 340, 207, 72, 194, 49, 172, 112, 187, 120, 0]
Volume: 12.3981
Cost: 48451
Route: [0, 317, 125, 289, 427, 491, 284, 393, 38, 349, 422, 65, 208, 336, 188, 235, 202, 119, 385, 488, 128, 134, 356, 473, 489, 456, 419, 362, 0]
Volume: 12.486
Cost: 32876
Route: [0, 114, 271, 233, 232, 424, 376, 7, 253, 169, 301, 278, 297, 123, 108, 285, 158, 270, 348, 258, 40, 34, 95, 256, 0]
Volume: 12.136
Cost: 30410
Route: [0, 149, 131, 210, 437, 387, 400, 133, 426, 467, 359, 394, 45, 97, 296, 24, 495, 408, 485, 367, 311, 432, 116, 14, 250, 8, 109, 238, 0]
Volume: 11.9961
Cost: 27423
Route: [0, 445, 162, 239, 326, 430, 478, 375, 75, 249, 486, 111, 344, 366, 100, 39, 42, 384, 496, 440, 28, 357, 0]
Volume: 12.452
Cost: 34465
Route: [0, 401, 113, 240, 363, 429, 452, 274, 410, 457, 190, 459, 69, 171, 423, 414, 64, 41, 339, 2, 22, 0]
Volume: 12.334
Cost: 29983
Route: [0, 310, 152, 369, 330, 170, 247, 103, 91, 201, 277, 428, 230, 136, 44, 164, 107, 181, 143, 397, 198, 148, 458, 220, 0]
Volume: 12.424
Cost: 29526
Route: [0, 160, 10, 154, 231, 293, 57, 347, 161, 483, 470, 361, 228, 90, 294, 312, 295, 321, 46, 115, 135, 329, 252, 461, 328, 0]
Volume: 12.2121
Cost: 41248
Route: [0, 379, 20, 156, 101, 466, 444, 475, 290, 99, 30, 338, 175, 275, 193, 462, 183, 244, 378, 406, 395, 469, 269, 377, 218, 355, 226, 353, 15, 51, 0]
Volume: 12.3041
Cost: 37447
Route: [0, 280, 71, 89, 288, 130, 322, 468, 320, 157, 138, 381, 415, 209, 140, 215, 298, 407, 180, 195, 388, 82, 453, 300, 446, 221, 292, 318, 167, 0]
Volume: 12.288
Cost: 40077
Route: [0, 313, 411, 205, 374, 36, 449, 177, 477, 37, 127, 62, 291, 342, 335, 325, 279, 283, 78, 216, 3, 405, 286, 73, 50, 144, 350, 0]
Volume: 12.4241
Cost: 27432
Route: [0, 19, 391, 435, 70, 409, 479, 261, 450, 471, 33, 259, 267, 6, 441, 399, 327, 282, 98, 17, 122, 490, 499, 390, 126, 224, 315, 68, 141, 323, 0]
Volume: 12.476
Cost: 34234
Route: [0, 494, 281, 86, 439, 206, 168, 254, 333, 276, 454, 47, 229, 219, 487, 63, 204, 497, 498, 213, 13, 165, 314, 460, 16, 9, 417, 67, 106, 0]
Volume: 12.288
Cost: 42015
Route: [0, 146, 472, 360, 117, 480, 371, 245, 96, 352, 93, 358, 223, 416, 438, 354, 32, 434, 425, 260, 110, 0]
Volume: 10.7222
Cost: 24402
Route: [0, 464, 59, 27, 255, 236, 319, 303, 482, 383, 105, 345, 455, 372, 83, 66, 343, 88, 26, 431, 299, 142, 404, 227, 132, 81, 382, 241, 273, 0]
Volume: 12.4361
Cost: 32883
Route: [0, 60, 447, 380, 451, 29, 398, 493, 155, 370, 163, 182, 237, 79, 76, 304, 191, 251, 178, 351, 332, 262, 54, 84, 5, 413, 263, 0]
Volume: 12.1021
Cost: 39556
Route: [0, 264, 421, 396, 334, 139, 242, 102, 331, 31, 147, 309, 337, 48, 248, 346, 94, 179, 412, 365, 364, 55, 11, 184, 257, 476, 53, 442, 308, 217, 176, 265, 85, 77, 200, 474, 0]
Volume: 12.4321
Cost: 33904
Route: [0, 465, 118, 211, 492, 74, 268, 104, 368, 1, 305, 463, 199, 302, 192, 443, 137, 266, 402, 287, 0]
Volume: 12.252
Cost: 20191
