OFV: 561442.0

Route: [0, 328, 52, 186, 189, 151, 131, 149, 205, 464, 238, 59, 190, 130, 127, 62, 291, 342, 8, 109, 27, 255, 236, 319, 303, 482, 383, 105, 345, 82, 453, 300, 446, 221, 292, 318, 137, 266, 386, 167, 25, 23, 341, 0]
Volume: 4.9648
Cost: 36872
Route: [0, 60, 447, 380, 120, 451, 29, 398, 493, 155, 370, 307, 58, 306, 406, 378, 244, 183, 462, 193, 175, 275, 30, 338, 67, 444, 475, 290, 466, 101, 156, 20, 358, 223, 245, 480, 371, 117, 360, 146, 472, 0]
Volume: 4.8231
Cost: 61544
Route: [0, 272, 118, 211, 492, 74, 268, 104, 368, 1, 305, 463, 199, 192, 443, 302, 310, 152, 369, 330, 247, 170, 103, 91, 428, 277, 201, 230, 136, 164, 107, 44, 143, 397, 181, 198, 148, 4, 92, 458, 220, 121, 87, 481, 287, 0]
Volume: 4.968
Cost: 41346
Route: [0, 110, 260, 425, 427, 491, 284, 393, 38, 349, 395, 469, 269, 422, 65, 208, 336, 188, 235, 202, 119, 243, 129, 159, 12, 173, 448, 150, 234, 340, 207, 72, 194, 49, 172, 112, 187, 488, 128, 385, 489, 456, 419, 362, 323, 0]
Volume: 4.9811
Cost: 48513
Route: [0, 114, 271, 233, 232, 424, 376, 7, 253, 154, 231, 293, 57, 347, 161, 483, 470, 361, 228, 17, 122, 332, 262, 54, 84, 479, 409, 261, 70, 64, 41, 339, 50, 2, 22, 0]
Volume: 4.9771
Cost: 46858
Route: [0, 80, 403, 494, 416, 86, 439, 281, 438, 354, 434, 32, 206, 168, 254, 333, 497, 498, 213, 13, 165, 314, 460, 276, 454, 229, 219, 487, 63, 204, 47, 16, 9, 417, 99, 377, 218, 214, 145, 353, 15, 51, 106, 93, 352, 96, 0]
Volume: 4.62
Cost: 54909
Route: [0, 484, 21, 225, 197, 185, 280, 71, 37, 485, 408, 311, 432, 116, 14, 322, 468, 320, 407, 209, 140, 298, 215, 180, 195, 388, 495, 250, 335, 325, 279, 283, 78, 240, 363, 452, 274, 288, 89, 216, 3, 405, 286, 73, 401, 0]
Volume: 4.8406
Cost: 45600
Route: [0, 411, 374, 61, 392, 43, 35, 418, 36, 449, 177, 477, 440, 28, 357, 162, 69, 239, 326, 429, 457, 372, 83, 66, 343, 88, 26, 496, 459, 404, 348, 227, 270, 158, 258, 40, 132, 81, 382, 141, 241, 0]
Volume: 4.9175
Cost: 49177
Route: [0, 379, 317, 125, 289, 389, 226, 355, 153, 124, 18, 473, 356, 134, 420, 163, 182, 237, 79, 76, 301, 169, 278, 304, 191, 251, 178, 499, 327, 441, 6, 267, 179, 94, 346, 450, 135, 115, 329, 252, 171, 423, 414, 222, 433, 212, 316, 246, 174, 436, 0]
Volume: 4.9271
Cost: 50738
Route: [0, 313, 461, 465, 402, 196, 324, 203, 210, 437, 387, 400, 133, 426, 467, 359, 394, 45, 97, 296, 24, 367, 455, 157, 381, 138, 415, 39, 42, 412, 365, 364, 55, 11, 184, 299, 431, 337, 48, 309, 248, 471, 33, 259, 263, 256, 0]
Volume: 4.9682
Cost: 50053
Route: [0, 144, 350, 166, 373, 19, 391, 435, 5, 413, 334, 139, 242, 331, 147, 31, 102, 476, 257, 53, 442, 308, 217, 176, 265, 264, 421, 396, 142, 85, 77, 200, 95, 34, 474, 0]
Volume: 4.6865
Cost: 29768
Route: [0, 56, 445, 113, 410, 430, 478, 375, 75, 249, 486, 344, 366, 111, 384, 100, 295, 321, 46, 312, 90, 294, 399, 282, 98, 490, 351, 390, 123, 297, 126, 224, 108, 285, 160, 10, 315, 68, 273, 0]
Volume: 4.9024
Cost: 46064
