OFV: 144372.0

Route: [0, 276, 305, 361, 344, 375, 187, 231, 94, 66, 23, 297, 296, 317, 331, 201, 75, 163, 295, 4, 290, 264, 341, 399, 0]
Volume: 10.47
Cost: 5841
Route: [0, 184, 226, 17, 270, 44, 172, 300, 444, 233, 255, 334, 475, 446, 160, 442, 87, 222, 156, 10, 368, 411, 34, 346, 359, 0]
Volume: 12.4141
Cost: 9769
Route: [0, 453, 365, 325, 405, 490, 363, 1, 50, 223, 480, 291, 403, 253, 310, 491, 318, 474, 153, 265, 479, 339, 192, 0]
Volume: 12.4301
Cost: 8602
Route: [0, 168, 127, 130, 319, 167, 393, 112, 482, 54, 225, 107, 437, 327, 180, 468, 246, 22, 179, 436, 64, 473, 377, 316, 232, 86, 0]
Volume: 12.35
Cost: 9009
Route: [0, 434, 378, 486, 280, 128, 70, 90, 42, 181, 57, 29, 194, 422, 412, 251, 49, 85, 210, 462, 106, 98, 0]
Volume: 10.4341
Cost: 6387
Route: [0, 281, 171, 92, 395, 58, 78, 211, 238, 108, 202, 239, 5, 89, 431, 349, 43, 124, 397, 248, 53, 381, 455, 224, 91, 392, 205, 312, 301, 208, 408, 428, 409, 0]
Volume: 11.1502
Cost: 8148
Route: [0, 243, 220, 183, 174, 362, 195, 430, 445, 286, 394, 118, 388, 461, 321, 114, 59, 40, 250, 116, 149, 217, 0]
Volume: 11.7981
Cost: 4874
Route: [0, 234, 410, 415, 493, 308, 304, 150, 145, 189, 170, 69, 400, 113, 20, 274, 21, 219, 216, 196, 494, 338, 197, 37, 438, 0]
Volume: 11.728
Cost: 6871
Route: [0, 135, 213, 62, 353, 329, 162, 476, 138, 110, 111, 406, 81, 24, 314, 369, 469, 391, 372, 15, 77, 380, 396, 478, 61, 134, 144, 136, 262, 0]
Volume: 12.3962
Cost: 8454
Route: [0, 25, 241, 364, 303, 347, 273, 328, 249, 186, 257, 36, 483, 323, 35, 497, 73, 277, 355, 420, 0]
Volume: 10.378
Cost: 7259
Route: [0, 376, 157, 357, 228, 193, 123, 203, 443, 342, 287, 13, 104, 143, 11, 39, 452, 283, 470, 72, 259, 0]
Volume: 12.4502
Cost: 6084
Route: [0, 68, 188, 268, 299, 466, 360, 429, 101, 260, 95, 370, 498, 488, 147, 215, 333, 425, 176, 332, 311, 275, 267, 441, 335, 204, 115, 51, 423, 485, 0]
Volume: 12.4981
Cost: 6124
Route: [0, 74, 401, 159, 427, 352, 6, 292, 343, 242, 448, 390, 175, 340, 382, 126, 132, 288, 7, 439, 0]
Volume: 11.628
Cost: 6561
Route: [0, 440, 266, 45, 309, 60, 350, 227, 384, 96, 489, 379, 477, 458, 154, 472, 254, 80, 272, 279, 79, 0]
Volume: 10.1241
Cost: 3840
Route: [0, 487, 293, 47, 351, 336, 27, 269, 8, 252, 407, 148, 235, 417, 198, 326, 294, 221, 495, 284, 322, 366, 102, 237, 449, 191, 105, 199, 278, 460, 178, 0]
Volume: 11.602
Cost: 8309
Route: [0, 414, 28, 41, 481, 240, 459, 354, 433, 63, 236, 33, 9, 418, 451, 356, 218, 103, 129, 18, 471, 67, 206, 31, 0]
Volume: 12.3201
Cost: 5358
Route: [0, 345, 88, 125, 421, 141, 419, 492, 93, 324, 100, 48, 97, 348, 177, 320, 245, 454, 256, 82, 389, 121, 435, 0]
Volume: 12.496
Cost: 9337
Route: [0, 173, 307, 285, 244, 214, 200, 52, 499, 404, 161, 120, 185, 413, 16, 416, 289, 99, 26, 465, 315, 271, 119, 464, 0]
Volume: 9.924
Cost: 4745
Route: [0, 55, 330, 398, 71, 65, 484, 467, 117, 19, 337, 83, 165, 426, 137, 447, 432, 84, 386, 3, 373, 258, 0]
Volume: 12.128
Cost: 5770
Route: [0, 139, 38, 402, 374, 207, 14, 56, 496, 371, 164, 76, 230, 2, 151, 456, 247, 146, 155, 306, 142, 212, 457, 383, 182, 0]
Volume: 12.216
Cost: 4597
Route: [0, 131, 30, 282, 263, 229, 450, 152, 12, 122, 109, 133, 32, 261, 302, 463, 190, 298, 358, 169, 158, 313, 367, 209, 424, 387, 166, 385, 140, 46, 0]
Volume: 12.094
Cost: 8433
