OFV: 394729.0

Route: [0, 451, 248, 144, 279, 310, 307, 367, 383, 40, 53, 20, 137, 132, 56, 220, 332, 35, 73, 403, 34, 478, 147, 458, 236, 303, 145, 318, 175, 350, 21, 167, 234, 65, 121, 196, 32, 114, 499, 343, 264, 473, 29, 96, 100, 218, 156, 214, 260, 123, 246, 292, 229, 172, 148, 271, 158, 498, 182, 198, 406, 466, 231, 71, 429, 278, 189, 321, 462, 448, 117, 92, 419, 337, 460, 489, 287, 308, 161, 435, 79, 400, 129, 306, 387, 471, 418, 82, 385, 170, 1, 219, 359, 178, 444, 0]
Volume: 12.046
Cost: 60502
Route: [0, 202, 457, 416, 107, 201, 251, 317, 470, 139, 446, 276, 66, 286, 411, 19, 395, 210, 338, 103, 116, 176, 365, 226, 109, 80, 188, 347, 253, 328, 296, 493, 408, 194, 130, 439, 58, 360, 99, 213, 322, 334, 150, 255, 391, 323, 50, 266, 495, 23, 215, 275, 126, 185, 475, 490, 380, 477, 314, 369, 166, 187, 423, 438, 336, 309, 113, 233, 399, 207, 228, 374, 179, 162, 33, 108, 164, 76, 195, 427, 356, 245, 268, 239, 370, 480, 206, 273, 485, 200, 285, 171, 327, 0]
Volume: 12.2943
Cost: 71627
Route: [0, 363, 302, 396, 133, 299, 384, 492, 414, 8, 173, 463, 491, 265, 410, 105, 2, 9, 379, 142, 7, 349, 450, 106, 437, 124, 390, 331, 181, 118, 262, 134, 177, 72, 49, 26, 37, 48, 24, 454, 157, 39, 456, 83, 111, 0]
Volume: 5.8087
Cost: 48752
Route: [0, 244, 452, 240, 159, 68, 77, 97, 28, 376, 36, 102, 319, 63, 497, 386, 151, 4, 361, 141, 27, 272, 289, 230, 155, 464, 174, 256, 94, 329, 91, 487, 12, 190, 366, 371, 217, 257, 135, 25, 393, 422, 442, 55, 191, 353, 445, 324, 352, 259, 250, 235, 413, 415, 168, 75, 433, 320, 389, 293, 3, 205, 127, 101, 14, 486, 373, 11, 461, 85, 44, 405, 222, 443, 93, 88, 242, 154, 52, 120, 381, 378, 69, 488, 197, 232, 354, 163, 404, 297, 199, 261, 90, 326, 192, 104, 424, 484, 481, 0]
Volume: 10.6092
Cost: 70207
Route: [0, 169, 38, 87, 284, 136, 143, 6, 252, 401, 152, 95, 283, 355, 10, 315, 5, 430, 0]
Volume: 3.4051
Cost: 13809
Route: [0, 74, 43, 330, 364, 453, 224, 149, 388, 301, 394, 282, 316, 280, 277, 138, 249, 183, 64, 247, 479, 300, 313, 13, 18, 407, 223, 333, 274, 204, 51, 86, 312, 441, 341, 165, 447, 110, 238, 57, 335, 375, 465, 184, 47, 45, 459, 290, 305, 227, 180, 428, 402, 368, 209, 131, 426, 436, 269, 62, 482, 70, 358, 0]
Volume: 7.5035
Cost: 55470
Route: [0, 340, 122, 377, 382, 98, 203, 417, 46, 357, 372, 115, 60, 31, 225, 288, 455, 468, 431, 41, 476, 258, 243, 362, 17, 61, 298, 237, 128, 483, 342, 291, 270, 434, 81, 294, 325, 425, 146, 16, 112, 263, 311, 345, 140, 469, 295, 216, 211, 351, 67, 42, 153, 474, 420, 281, 15, 125, 304, 409, 432, 160, 494, 186, 89, 449, 221, 193, 496, 344, 398, 54, 348, 267, 59, 30, 421, 208, 346, 241, 467, 22, 119, 412, 397, 212, 339, 84, 440, 78, 472, 254, 392, 0]
Volume: 11.8921
Cost: 74362
