OFV: 68110.0

Route: [0, 118, 172, 121, 240, 116, 66, 208, 35, 62, 149, 146, 69, 200, 14, 65, 232, 198, 217, 17, 34, 189, 106, 179, 153, 147, 87, 157, 221, 61, 160, 59, 79, 134, 124, 10, 0]
Volume: 4.968
Cost: 9117
Route: [0, 46, 85, 53, 88, 205, 159, 40, 4, 168, 50, 219, 84, 102, 6, 212, 77, 203, 186, 202, 43, 127, 107, 92, 242, 175, 99, 68, 83, 13, 5, 26, 214, 245, 207, 182, 215, 156, 112, 0]
Volume: 4.919
Cost: 8785
Route: [0, 41, 47, 49, 15, 2, 54, 119, 192, 165, 82, 248, 71, 194, 81, 31, 223, 224, 78, 16, 142, 171, 29, 247, 120, 209, 55, 210, 131, 213, 58, 222, 32, 201, 37, 231, 57, 21, 27, 193, 7, 216, 130, 110, 91, 22, 150, 104, 105, 0]
Volume: 4.999
Cost: 9512
Route: [0, 1, 28, 169, 98, 170, 24, 228, 100, 155, 129, 237, 143, 70, 9, 197, 67, 108, 181, 140, 238, 190, 126, 60, 211, 246, 161, 164, 36, 0]
Volume: 4.997
Cost: 8528
Route: [0, 144, 229, 225, 243, 204, 52, 233, 33, 125, 44, 184, 109, 188, 158, 176, 86, 114, 185, 148, 8, 249, 218, 63, 89, 166, 30, 173, 42, 196, 152, 75, 180, 239, 139, 0]
Volume: 4.8696
Cost: 10017
Route: [0, 136, 195, 241, 183, 113, 76, 103, 72, 19, 93, 96, 115, 244, 141, 80, 154, 25, 163, 12, 18, 235, 128, 133, 45, 135, 90, 38, 138, 51, 0]
Volume: 4.4946
Cost: 9694
Route: [0, 48, 162, 178, 236, 111, 187, 101, 20, 64, 56, 230, 94, 97, 226, 122, 137, 39, 234, 123, 191, 227, 174, 117, 151, 95, 3, 11, 206, 167, 23, 74, 132, 145, 199, 177, 220, 73, 0]
Volume: 4.996
Cost: 12457
