OFV: 239206.0

Route: [0, 239, 148, 20, 24, 133, 199, 79, 184, 29, 122, 113, 131, 174, 132, 99, 219, 220, 152, 151, 58, 238, 147, 5, 144, 118, 186, 210, 160, 86, 172, 227, 76, 241, 138, 194, 56, 213, 71, 240, 61, 214, 3, 123, 242, 134, 195, 232, 207, 34, 31, 203, 84, 0]
Volume: 11.5682
Cost: 60525
Route: [0, 146, 26, 157, 237, 164, 201, 225, 27, 22, 191, 112, 13, 178, 163, 187, 140, 105, 249, 95, 229, 130, 218, 248, 224, 1, 106, 169, 176, 103, 216, 221, 98, 38, 188, 116, 167, 30, 51, 182, 68, 80, 235, 83, 247, 102, 74, 175, 0]
Volume: 10.726
Cost: 46904
Route: [0, 181, 88, 60, 226, 208, 185, 104, 62, 171, 217, 205, 35, 139, 126, 109, 46, 121, 117, 143, 42, 23, 246, 2, 72, 25, 70, 9, 50, 32, 215, 161, 18, 110, 198, 107, 97, 124, 101, 196, 44, 159, 40, 39, 37, 8, 209, 49, 243, 75, 47, 156, 190, 142, 0]
Volume: 12.0781
Cost: 48167
Route: [0, 114, 11, 21, 183, 66, 14, 45, 158, 52, 28, 228, 170, 155, 33, 162, 231, 128, 202, 96, 234, 10, 135, 154, 15, 48, 16, 137, 200, 82, 230, 166, 173, 73, 57, 180, 4, 119, 77, 141, 41, 153, 59, 149, 19, 89, 0]
Volume: 11.6421
Cost: 43804
Route: [0, 111, 78, 223, 54, 204, 64, 85, 87, 120, 233, 69, 6, 100, 129, 145, 36, 115, 81, 189, 212, 192, 245, 91, 193, 125, 92, 63, 127, 165, 12, 179, 55, 168, 150, 67, 94, 244, 93, 53, 211, 177, 65, 206, 222, 17, 7, 197, 43, 136, 236, 90, 108, 0]
Volume: 11.8172
Cost: 39806
