OFV: 54943.0

Route: [0, 243, 71, 82, 247, 228, 31, 86, 108, 76, 57, 169, 220, 151, 234, 145, 61, 0]
Volume: 4.757
Cost: 3797
Route: [0, 186, 249, 22, 223, 190, 206, 4, 166, 211, 175, 74, 189, 209, 19, 90, 136, 129, 124, 167, 241, 239, 146, 192, 0]
Volume: 4.5811
Cost: 6973
Route: [0, 101, 54, 30, 103, 230, 160, 163, 197, 47, 182, 172, 154, 125, 194, 205, 83, 217, 126, 58, 144, 62, 106, 0]
Volume: 4.9891
Cost: 3796
Route: [0, 130, 110, 92, 40, 119, 67, 142, 207, 1, 10, 51, 222, 248, 127, 65, 219, 137, 7, 0]
Volume: 4.803
Cost: 3959
Route: [0, 81, 100, 120, 212, 109, 115, 215, 79, 164, 0]
Volume: 3.645
Cost: 3141
Route: [0, 180, 78, 9, 148, 43, 231, 118, 52, 107, 77, 11, 213, 94, 29, 198, 0]
Volume: 4.6341
Cost: 3427
Route: [0, 105, 99, 117, 34, 15, 157, 238, 140, 13, 131, 21, 149, 244, 102, 173, 56, 139, 128, 2, 42, 232, 0]
Volume: 4.527
Cost: 3611
Route: [0, 45, 41, 150, 195, 200, 143, 35, 132, 91, 210, 196, 218, 133, 23, 245, 203, 202, 199, 26, 0]
Volume: 4.9
Cost: 3415
Route: [0, 97, 32, 63, 98, 168, 171, 208, 141, 20, 179, 49, 161, 201, 216, 46, 73, 89, 17, 104, 204, 0]
Volume: 4.998
Cost: 3815
Route: [0, 187, 88, 162, 96, 24, 229, 84, 55, 134, 59, 113, 72, 75, 36, 224, 0]
Volume: 4.9192
Cost: 3251
Route: [0, 33, 177, 48, 214, 178, 242, 152, 165, 80, 147, 5, 85, 221, 16, 181, 237, 0]
Volume: 4.9999
Cost: 3459
Route: [0, 3, 159, 66, 191, 53, 153, 87, 95, 246, 183, 123, 116, 12, 25, 176, 227, 225, 39, 112, 0]
Volume: 4.2301
Cost: 5014
Route: [0, 38, 44, 188, 193, 156, 235, 14, 114, 240, 6, 8, 236, 37, 170, 185, 184, 0]
Volume: 4.747
Cost: 3647
Route: [0, 226, 174, 233, 28, 121, 111, 18, 27, 138, 69, 68, 70, 155, 50, 135, 60, 158, 64, 122, 93, 0]
Volume: 4.8271
Cost: 3638
