OFV: 116951.0

Route: [0, 203, 307, 339, 160, 245, 271, 143, 341, 298, 227, 455, 388, 267, 66, 477, 123, 297, 174, 98, 351, 411, 354, 32, 224, 454, 442, 458, 211, 256, 200, 14, 371, 257, 135, 33, 156, 0]
Volume: 4.7265
Cost: 9441
Route: [0, 112, 483, 464, 409, 220, 403, 5, 443, 31, 481, 147, 191, 325, 334, 347, 461, 383, 107, 491, 157, 35, 179, 466, 102, 198, 81, 398, 488, 251, 241, 498, 113, 291, 237, 199, 109, 97, 219, 0]
Volume: 4.8277
Cost: 8542
Route: [0, 228, 333, 70, 304, 318, 136, 91, 193, 187, 362, 431, 260, 117, 262, 86, 499, 419, 471, 185, 284, 273, 426, 487, 364, 226, 387, 434, 216, 378, 319, 38, 99, 317, 303, 159, 312, 197, 280, 427, 67, 209, 2, 0]
Volume: 4.8975
Cost: 9937
Route: [0, 323, 423, 192, 132, 306, 479, 324, 287, 17, 175, 380, 359, 213, 266, 313, 202, 439, 92, 56, 218, 379, 20, 418, 44, 435, 155, 350, 16, 286, 352, 230, 368, 84, 74, 45, 469, 53, 0]
Volume: 4.491
Cost: 10701
Route: [0, 167, 93, 243, 468, 493, 285, 106, 292, 87, 29, 422, 296, 58, 134, 28, 140, 186, 163, 137, 274, 79, 459, 340, 85, 293, 453, 22, 460, 391, 7, 344, 37, 233, 161, 118, 305, 315, 0]
Volume: 4.7551
Cost: 8982
Route: [0, 331, 9, 195, 8, 172, 125, 126, 467, 393, 59, 206, 127, 492, 164, 207, 275, 120, 430, 311, 395, 105, 169, 337, 496, 376, 6, 36, 15, 104, 142, 201, 349, 42, 65, 149, 0]
Volume: 4.8237
Cost: 7652
Route: [0, 377, 129, 196, 428, 402, 76, 447, 212, 495, 11, 249, 210, 358, 248, 119, 236, 417, 263, 229, 279, 412, 131, 214, 272, 19, 370, 386, 250, 39, 89, 444, 0]
Volume: 3.8615
Cost: 7706
Route: [0, 480, 50, 321, 401, 465, 345, 413, 490, 94, 82, 141, 133, 322, 77, 146, 342, 61, 47, 392, 246, 217, 404, 476, 456, 475, 4, 52, 188, 48, 288, 181, 406, 176, 0]
Volume: 4.898
Cost: 8137
Route: [0, 438, 55, 356, 400, 46, 389, 43, 330, 399, 221, 255, 63, 57, 264, 62, 390, 355, 145, 88, 1, 153, 254, 21, 405, 360, 440, 270, 265, 189, 343, 27, 68, 72, 242, 0]
Volume: 4.8296
Cost: 6506
Route: [0, 49, 166, 223, 238, 441, 78, 208, 433, 90, 326, 486, 470, 449, 253, 121, 171, 396, 294, 450, 69, 416, 222, 407, 446, 314, 397, 329, 100, 328, 300, 261, 308, 335, 54, 41, 205, 110, 309, 158, 0]
Volume: 3.872
Cost: 8276
Route: [0, 165, 122, 474, 283, 23, 489, 281, 301, 13, 247, 194, 80, 320, 363, 173, 385, 259, 10, 116, 372, 463, 235, 190, 138, 374, 420, 310, 96, 421, 338, 445, 336, 170, 18, 410, 34, 394, 482, 150, 258, 0]
Volume: 4.861
Cost: 9964
Route: [0, 332, 139, 83, 30, 26, 3, 151, 299, 436, 182, 432, 225, 473, 162, 244, 353, 497, 415, 448, 268, 51, 425, 12, 381, 103, 277, 484, 346, 367, 232, 231, 101, 0]
Volume: 4.562
Cost: 6603
Route: [0, 25, 234, 24, 71, 327, 302, 215, 375, 365, 178, 204, 290, 269, 282, 239, 177, 73, 424, 114, 124, 485, 128, 278, 148, 457, 366, 130, 276, 115, 478, 408, 0]
Volume: 4.7669
Cost: 6882
Route: [0, 295, 144, 95, 373, 108, 348, 289, 472, 60, 369, 75, 451, 494, 111, 429, 168, 64, 240, 183, 357, 414, 154, 437, 180, 361, 252, 184, 152, 382, 384, 316, 40, 462, 452, 0]
Volume: 4.695
Cost: 7622
