OFV: 694761.0

Route: [0, 361, 289, 375, 296, 186, 464, 394, 102, 29, 278, 151, 462, 194, 489, 127, 416, 200, 443, 77, 243, 282, 267, 42, 172, 452, 148, 261, 53, 490, 460, 468, 367, 250, 165, 90, 99, 352, 494, 193, 342, 284, 187, 181, 72, 106, 0]
Volume: 4.965
Cost: 57881
Route: [0, 344, 304, 454, 421, 385, 290, 35, 152, 140, 191, 321, 435, 109, 159, 76, 103, 16, 164, 444, 265, 332, 216, 154, 440, 287, 424, 335, 257, 34, 299, 45, 65, 217, 37, 14, 474, 331, 322, 369, 275, 89, 135, 248, 479, 269, 54, 63, 475, 0]
Volume: 4.9896
Cost: 99495
Route: [0, 446, 314, 120, 430, 281, 175, 398, 365, 306, 381, 15, 183, 295, 195, 286, 312, 390, 224, 307, 176, 220, 74, 415, 323, 378, 179, 234, 211, 422, 473, 153, 101, 108, 325, 413, 132, 105, 387, 0]
Volume: 4.9996
Cost: 55068
Route: [0, 329, 1, 119, 189, 364, 399, 280, 222, 22, 426, 438, 182, 117, 274, 46, 272, 96, 292, 168, 266, 23, 134, 477, 396, 93, 359, 288, 163, 184, 226, 497, 94, 12, 61, 66, 300, 129, 228, 0]
Volume: 4.7255
Cost: 36633
Route: [0, 160, 86, 469, 142, 453, 259, 397, 339, 386, 277, 480, 13, 253, 95, 495, 481, 485, 450, 408, 161, 213, 338, 207, 316, 41, 69, 11, 492, 107, 357, 388, 38, 196, 255, 83, 404, 391, 51, 0]
Volume: 4.9594
Cost: 52431
Route: [0, 92, 432, 326, 251, 236, 486, 67, 349, 203, 32, 400, 447, 4, 125, 115, 197, 97, 355, 28, 149, 214, 249, 350, 409, 177, 334, 0]
Volume: 3.9285
Cost: 37649
Route: [0, 311, 190, 456, 62, 235, 73, 483, 310, 85, 309, 206, 75, 418, 463, 84, 88, 81, 36, 141, 271, 471, 49, 428, 78, 315, 50, 358, 441, 6, 143, 283, 264, 64, 247, 18, 178, 347, 26, 0]
Volume: 4.8746
Cost: 40905
Route: [0, 231, 87, 457, 433, 442, 467, 368, 476, 449, 351, 10, 210, 448, 382, 2, 157, 333, 47, 337, 372, 431, 383, 209, 192, 116, 212, 455, 341, 377, 131, 31, 174, 252, 155, 403, 169, 343, 336, 201, 229, 445, 0]
Volume: 4.8735
Cost: 89682
Route: [0, 356, 118, 279, 7, 70, 297, 71, 302, 270, 114, 124, 461, 291, 9, 393, 298, 58, 130, 162, 55, 79, 380, 427, 301, 91, 303, 328, 188, 8, 410, 245, 493, 401, 104, 112, 254, 244, 0]
Volume: 4.824
Cost: 49023
Route: [0, 488, 402, 223, 465, 417, 362, 484, 113, 150, 345, 137, 373, 363, 313, 392, 59, 439, 171, 419, 478, 27, 353, 346, 242, 123, 376, 25, 238, 379, 487, 305, 395, 330, 472, 360, 39, 354, 318, 308, 414, 100, 0]
Volume: 4.9415
Cost: 34468
Route: [0, 256, 246, 218, 294, 268, 434, 233, 470, 111, 121, 412, 340, 166, 199, 420, 411, 208, 128, 57, 40, 158, 56, 30, 20, 147, 407, 167, 466, 263, 293, 44, 146, 80, 429, 366, 219, 230, 126, 0]
Volume: 4.9814
Cost: 51211
Route: [0, 324, 225, 406, 21, 232, 138, 276, 425, 491, 405, 98, 52, 33, 319, 285, 260, 139, 482, 237, 122, 389, 451, 370, 185, 273, 215, 24, 459, 17, 317, 437, 327, 371, 60, 68, 48, 173, 180, 0]
Volume: 4.9662
Cost: 40339
Route: [0, 348, 133, 198, 458, 240, 374, 170, 5, 110, 136, 320, 423, 202, 145, 496, 205, 204, 19, 258, 498, 384, 221, 227, 144, 82, 43, 239, 436, 3, 156, 499, 262, 241, 0]
Volume: 4.6882
Cost: 49976
