OFV: 631334.0

Route: [0, 92, 26, 178, 350, 249, 18, 64, 247, 6, 281, 430, 175, 306, 398, 365, 381, 128, 390, 199, 323, 166, 378, 179, 234, 404, 391, 304, 477, 23, 134, 46, 272, 266, 96, 292, 168, 119, 233, 371, 434, 294, 268, 218, 60, 475, 0]
Volume: 11.2051
Cost: 50546
Route: [0, 446, 273, 215, 24, 459, 400, 447, 4, 293, 263, 466, 40, 56, 158, 57, 15, 183, 295, 195, 286, 312, 208, 411, 420, 224, 307, 176, 415, 220, 74, 196, 421, 255, 253, 480, 13, 277, 386, 339, 397, 259, 453, 142, 469, 211, 422, 153, 3, 0]
Volume: 12.3612
Cost: 65946
Route: [0, 488, 402, 223, 465, 417, 362, 484, 113, 150, 396, 274, 117, 438, 182, 22, 426, 189, 364, 399, 280, 317, 437, 327, 17, 355, 126, 347, 409, 334, 122, 482, 237, 139, 260, 285, 319, 284, 52, 98, 276, 425, 491, 138, 405, 232, 21, 406, 225, 324, 0]
Volume: 12.3941
Cost: 46128
Route: [0, 231, 361, 87, 457, 433, 289, 375, 449, 351, 10, 210, 448, 382, 2, 157, 333, 47, 337, 372, 431, 383, 116, 192, 209, 212, 455, 341, 377, 131, 31, 229, 201, 445, 0]
Volume: 8.8761
Cost: 87787
Route: [0, 311, 310, 309, 85, 206, 418, 141, 36, 81, 7, 70, 297, 71, 302, 270, 124, 461, 9, 393, 298, 58, 130, 162, 55, 99, 368, 352, 442, 467, 494, 193, 342, 33, 187, 181, 72, 106, 0]
Volume: 11.8113
Cost: 43060
Route: [0, 1, 86, 101, 108, 63, 479, 269, 54, 248, 135, 287, 424, 335, 257, 34, 299, 275, 322, 369, 89, 45, 65, 217, 14, 37, 474, 331, 205, 204, 258, 19, 496, 498, 202, 145, 423, 384, 123, 376, 305, 395, 487, 238, 379, 25, 345, 137, 373, 160, 387, 0]
Volume: 12.3371
Cost: 94517
Route: [0, 432, 326, 251, 236, 486, 67, 349, 203, 32, 28, 149, 214, 264, 283, 143, 407, 167, 314, 441, 358, 50, 315, 271, 471, 120, 49, 428, 78, 30, 20, 147, 44, 146, 125, 115, 197, 97, 80, 429, 366, 230, 219, 177, 185, 0]
Volume: 11.5371
Cost: 44123
Route: [0, 256, 246, 344, 94, 12, 184, 325, 413, 132, 93, 359, 288, 163, 226, 497, 61, 66, 300, 129, 228, 100, 173, 180, 499, 262, 241, 0]
Volume: 8.266
Cost: 28385
Route: [0, 389, 451, 370, 190, 483, 456, 62, 235, 73, 356, 75, 118, 84, 463, 88, 279, 114, 296, 186, 464, 148, 172, 452, 127, 42, 267, 282, 243, 77, 443, 200, 416, 489, 194, 462, 151, 278, 29, 102, 394, 261, 53, 490, 460, 468, 367, 250, 165, 291, 90, 79, 380, 476, 427, 301, 91, 303, 328, 188, 8, 245, 410, 155, 169, 336, 343, 403, 252, 174, 493, 401, 104, 112, 254, 244, 0]
Volume: 12.4203
Cost: 70456
Route: [0, 348, 133, 240, 458, 198, 5, 170, 374, 110, 136, 320, 439, 171, 419, 27, 478, 353, 346, 242, 221, 227, 144, 82, 43, 239, 59, 363, 313, 392, 472, 360, 39, 354, 330, 318, 308, 414, 436, 68, 48, 156, 0]
Volume: 12.0232
Cost: 41532
Route: [0, 329, 222, 470, 111, 121, 412, 340, 454, 38, 357, 107, 492, 95, 485, 495, 481, 385, 290, 35, 152, 140, 321, 191, 435, 109, 103, 76, 159, 216, 154, 440, 265, 164, 444, 332, 16, 450, 408, 161, 213, 338, 41, 207, 316, 69, 11, 388, 83, 473, 105, 51, 0]
Volume: 12.2021
Cost: 58854
