OFV: 35045.0

Route: [0, 1, 32, 63, 31, 50, 20, 95, 46, 0]
Volume: 4.852
Cost: 2775
Route: [0, 66, 5, 58, 6, 88, 86, 83, 19, 96, 80, 7, 0]
Volume: 4.924
Cost: 2692
Route: [0, 45, 92, 24, 26, 28, 49, 9, 52, 21, 82, 0]
Volume: 4.764
Cost: 2829
Route: [0, 35, 27, 16, 81, 13, 85, 91, 0]
Volume: 4.874
Cost: 3744
Route: [0, 33, 89, 71, 10, 22, 25, 2, 18, 76, 0]
Volume: 4.87
Cost: 3095
Route: [0, 37, 69, 68, 73, 98, 87, 43, 65, 75, 17, 12, 11, 0]
Volume: 4.8741
Cost: 2566
Route: [0, 93, 60, 57, 39, 0]
Volume: 2.852
Cost: 2571
Route: [0, 53, 74, 8, 77, 44, 36, 38, 14, 48, 72, 67, 79, 0]
Volume: 4.894
Cost: 5535
Route: [0, 70, 62, 29, 41, 94, 99, 30, 54, 84, 64, 59, 0]
Volume: 4.9781
Cost: 3229
Route: [0, 55, 34, 78, 61, 3, 97, 23, 56, 0]
Volume: 4.186
Cost: 3515
Route: [0, 15, 40, 47, 4, 42, 90, 51, 0]
Volume: 4.948
Cost: 2494
