OFV: 437371.0

Route: [0, 241, 474, 351, 11, 487, 400, 406, 442, 187, 467, 310, 190, 89, 189, 2, 259, 4, 242, 176, 346, 67, 62, 263, 447, 271, 298, 320, 428, 239, 207, 327, 468, 222, 336, 433, 209, 152, 219, 88, 30, 148, 25, 32, 466, 399, 127, 223, 294, 277, 389, 355, 23, 427, 472, 0]
Volume: 12.42
Cost: 46587
Route: [0, 80, 460, 367, 499, 86, 108, 445, 315, 424, 248, 349, 125, 380, 52, 250, 278, 143, 226, 369, 347, 252, 365, 311, 120, 289, 66, 388, 37, 54, 194, 498, 283, 177, 364, 455, 279, 198, 22, 202, 299, 484, 228, 449, 452, 359, 415, 328, 102, 201, 293, 163, 144, 398, 266, 450, 319, 61, 0]
Volume: 12.4091
Cost: 37568
Route: [0, 307, 407, 123, 489, 494, 440, 14, 133, 169, 420, 167, 291, 395, 115, 456, 9, 7, 195, 69, 331, 140, 221, 111, 96, 97, 366, 459, 469, 478, 91, 384, 101, 297, 174, 265, 134, 0]
Volume: 9.69
Cost: 40545
Route: [0, 153, 267, 439, 302, 19, 155, 82, 249, 38, 145, 173, 40, 490, 139, 443, 403, 321, 323, 24, 94, 464, 485, 243, 131, 429, 50, 344, 408, 158, 461, 156, 92, 84, 126, 326, 159, 254, 430, 363, 99, 284, 345, 203, 356, 70, 268, 210, 335, 0]
Volume: 12.0911
Cost: 46364
Route: [0, 260, 90, 55, 258, 185, 300, 492, 170, 286, 371, 161, 118, 129, 314, 329, 412, 232, 128, 246, 98, 44, 117, 58, 216, 337, 281, 396, 272, 197, 333, 78, 436, 368, 354, 35, 46, 305, 119, 431, 229, 31, 247, 230, 405, 285, 42, 39, 477, 135, 373, 0]
Volume: 12.209
Cost: 40174
Route: [0, 358, 481, 480, 180, 454, 397, 212, 350, 296, 10, 457, 164, 1, 79, 374, 448, 124, 383, 105, 26, 237, 332, 192, 486, 304, 85, 362, 253, 21, 313, 233, 0]
Volume: 7.9561
Cost: 30615
Route: [0, 385, 33, 49, 410, 13, 59, 471, 465, 416, 154, 330, 402, 446, 179, 458, 121, 65, 77, 109, 43, 36, 309, 215, 413, 308, 75, 483, 220, 87, 83, 183, 165, 68, 76, 53, 390, 352, 378, 227, 251, 451, 434, 401, 103, 306, 73, 475, 137, 162, 0]
Volume: 12.4731
Cost: 38881
Route: [0, 95, 325, 482, 379, 217, 64, 453, 116, 16, 29, 15, 343, 149, 421, 146, 257, 93, 106, 182, 303, 435, 292, 438, 255, 473, 414, 348, 361, 208, 142, 370, 17, 264, 41, 122, 382, 262, 8, 393, 48, 236, 290, 196, 234, 214, 204, 376, 213, 6, 56, 172, 488, 0]
Volume: 12.288
Cost: 47019
Route: [0, 496, 312, 273, 270, 417, 377, 27, 113, 479, 200, 387, 28, 184, 497, 45, 422, 493, 419, 188, 51, 218, 324, 47, 110, 295, 63, 60, 391, 206, 476, 74, 441, 394, 178, 5, 437, 18, 100, 341, 136, 426, 463, 175, 150, 317, 238, 282, 340, 225, 423, 0]
Volume: 9.9991
Cost: 56096
Route: [0, 425, 157, 491, 112, 261, 256, 276, 57, 462, 432, 12, 72, 316, 151, 288, 199, 138, 34, 114, 392, 245, 269, 386, 141, 71, 171, 411, 274, 353, 132, 495, 322, 168, 275, 160, 104, 338, 301, 0]
Volume: 11.9191
Cost: 26705
Route: [0, 375, 339, 107, 81, 20, 360, 318, 186, 130, 381, 191, 231, 334, 166, 444, 205, 280, 470, 240, 147, 372, 181, 342, 3, 409, 235, 193, 244, 287, 418, 224, 211, 404, 357, 0]
Volume: 8.3081
Cost: 26817
