OFV: 223117.0

Route: [0, 313, 297, 272, 48, 207, 270, 110, 365, 405, 58, 342, 490, 0]
Volume: 4.9181
Cost: 4426
Route: [0, 116, 350, 5, 223, 392, 445, 174, 317, 0]
Volume: 4.966
Cost: 4295
Route: [0, 302, 29, 77, 237, 192, 281, 407, 397, 215, 310, 482, 423, 417, 0]
Volume: 4.894
Cost: 4004
Route: [0, 130, 369, 448, 336, 393, 0]
Volume: 3.52
Cost: 1625
Route: [0, 351, 438, 208, 115, 154, 197, 148, 179, 120, 0]
Volume: 4.426
Cost: 4255
Route: [0, 73, 327, 441, 299, 265, 244, 411, 109, 2, 419, 214, 46, 60, 311, 0]
Volume: 4.936
Cost: 3266
Route: [0, 432, 422, 97, 106, 125, 292, 389, 24, 303, 119, 104, 447, 0]
Volume: 4.82
Cost: 4019
Route: [0, 49, 26, 301, 433, 17, 139, 11, 337, 0]
Volume: 4.6881
Cost: 4405
Route: [0, 426, 161, 374, 361, 158, 72, 268, 171, 255, 450, 140, 167, 121, 386, 409, 0]
Volume: 4.9902
Cost: 4121
Route: [0, 308, 200, 94, 84, 199, 279, 499, 28, 118, 59, 98, 461, 0]
Volume: 4.958
Cost: 5060
Route: [0, 368, 246, 20, 96, 63, 485, 137, 376, 88, 107, 298, 143, 475, 0]
Volume: 4.93
Cost: 4004
Route: [0, 282, 329, 166, 467, 222, 232, 322, 428, 0]
Volume: 4.988
Cost: 3705
Route: [0, 100, 489, 359, 274, 6, 372, 203, 360, 52, 238, 395, 0]
Volume: 4.994
Cost: 4509
Route: [0, 149, 424, 8, 468, 225, 253, 15, 491, 0]
Volume: 4.866
Cost: 3726
Route: [0, 182, 124, 75, 458, 314, 387, 494, 0]
Volume: 4.864
Cost: 4074
Route: [0, 27, 164, 375, 18, 462, 364, 476, 439, 465, 334, 340, 470, 0]
Volume: 4.812
Cost: 4979
Route: [0, 300, 284, 484, 0]
Volume: 4.766
Cost: 1534
Route: [0, 71, 62, 252, 240, 305, 155, 239, 235, 473, 0]
Volume: 4.54
Cost: 4761
Route: [0, 210, 131, 227, 30, 103, 463, 0]
Volume: 4.994
Cost: 3511
Route: [0, 194, 435, 47, 157, 93, 80, 278, 483, 0]
Volume: 4.8681
Cost: 4287
Route: [0, 4, 25, 261, 185, 135, 136, 132, 254, 50, 320, 0]
Volume: 4.926
Cost: 4643
Route: [0, 117, 153, 21, 168, 414, 53, 497, 390, 0]
Volume: 4.89
Cost: 4422
Route: [0, 10, 306, 434, 343, 291, 211, 371, 425, 133, 256, 443, 451, 0]
Volume: 4.668
Cost: 4605
Route: [0, 242, 326, 269, 398, 78, 285, 391, 231, 379, 114, 277, 37, 0]
Volume: 4.8501
Cost: 4800
Route: [0, 356, 431, 76, 446, 362, 67, 358, 112, 250, 241, 366, 0]
Volume: 4.9001
Cost: 4203
Route: [0, 169, 290, 492, 74, 228, 454, 187, 193, 36, 102, 195, 0]
Volume: 4.778
Cost: 5656
Route: [0, 68, 13, 34, 234, 113, 198, 418, 354, 0]
Volume: 4.912
Cost: 3651
Route: [0, 453, 101, 7, 493, 224, 401, 70, 42, 477, 321, 474, 0]
Volume: 4.538
Cost: 4781
Route: [0, 44, 55, 111, 156, 108, 348, 344, 331, 357, 421, 0]
Volume: 4.902
Cost: 5000
Route: [0, 496, 429, 363, 122, 498, 383, 83, 0]
Volume: 4.932
Cost: 4177
Route: [0, 160, 217, 32, 126, 410, 147, 283, 459, 0]
Volume: 4.948
Cost: 2877
Route: [0, 318, 402, 416, 190, 403, 276, 202, 56, 280, 0]
Volume: 4.994
Cost: 4361
Route: [0, 328, 406, 325, 436, 388, 380, 38, 427, 251, 385, 0]
Volume: 4.9
Cost: 4330
Route: [0, 230, 430, 233, 226, 382, 266, 87, 12, 264, 163, 324, 0]
Volume: 4.866
Cost: 5621
Route: [0, 183, 123, 188, 367, 243, 420, 145, 412, 408, 186, 0]
Volume: 4.908
Cost: 4800
Route: [0, 373, 352, 184, 206, 396, 144, 61, 469, 457, 64, 142, 478, 0]
Volume: 4.924
Cost: 4882
Route: [0, 487, 165, 82, 346, 205, 175, 23, 464, 257, 162, 0]
Volume: 4.8381
Cost: 5452
Route: [0, 66, 65, 293, 92, 296, 14, 127, 471, 0]
Volume: 4.866
Cost: 4531
Route: [0, 45, 180, 176, 95, 247, 236, 128, 444, 35, 259, 287, 442, 0]
Volume: 4.982
Cost: 4682
Route: [0, 85, 39, 31, 258, 315, 220, 178, 312, 99, 0]
Volume: 4.672
Cost: 4608
Route: [0, 288, 138, 377, 150, 449, 129, 341, 286, 384, 0]
Volume: 4.552
Cost: 5647
Route: [0, 201, 134, 294, 495, 16, 216, 370, 221, 437, 89, 479, 0]
Volume: 4.992
Cost: 5704
Route: [0, 19, 33, 339, 209, 79, 488, 0]
Volume: 4.972
Cost: 3888
Route: [0, 486, 1, 90, 338, 260, 345, 105, 480, 0]
Volume: 4.968
Cost: 4864
Route: [0, 40, 347, 170, 355, 273, 54, 289, 189, 151, 262, 248, 466, 404, 0]
Volume: 4.862
Cost: 4187
Route: [0, 81, 455, 415, 3, 452, 0]
Volume: 4.9459
Cost: 3613
Route: [0, 218, 245, 440, 456, 146, 267, 86, 22, 212, 333, 307, 460, 0]
Volume: 4.94
Cost: 3853
Route: [0, 191, 152, 159, 181, 399, 229, 295, 173, 335, 353, 378, 0]
Volume: 4.962
Cost: 5641
Route: [0, 309, 57, 172, 196, 319, 141, 213, 304, 413, 51, 316, 177, 0]
Volume: 4.876
Cost: 4912
Route: [0, 41, 263, 394, 219, 349, 381, 204, 330, 249, 400, 472, 0]
Volume: 4.9281
Cost: 5400
Route: [0, 91, 332, 271, 323, 481, 275, 69, 9, 43, 0]
Volume: 4.8921
Cost: 4760
