OFV: 54161.0

Route: [0, 93, 86, 46, 35, 33, 16, 87, 9, 71, 41, 74, 31, 30, 15, 0]
Volume: 4.9241
Cost: 7347
Route: [0, 10, 70, 73, 7, 24, 68, 67, 0]
Volume: 4.466
Cost: 3332
Route: [0, 5, 17, 11, 69, 36, 22, 0]
Volume: 4.76
Cost: 4251
Route: [0, 12, 95, 80, 60, 50, 66, 3, 2, 43, 0]
Volume: 4.786
Cost: 5607
Route: [0, 85, 52, 76, 89, 38, 37, 94, 4, 64, 58, 97, 59, 14, 88, 0]
Volume: 4.2521
Cost: 7537
Route: [0, 48, 83, 82, 26, 39, 34, 91, 20, 81, 79, 23, 72, 56, 0]
Volume: 4.89
Cost: 5736
Route: [0, 44, 21, 51, 29, 84, 49, 8, 0]
Volume: 4.42
Cost: 3394
Route: [0, 62, 45, 92, 25, 18, 99, 42, 65, 55, 57, 0]
Volume: 4.586
Cost: 4549
Route: [0, 53, 1, 77, 90, 61, 98, 19, 6, 78, 0]
Volume: 4.744
Cost: 5449
Route: [0, 27, 13, 63, 32, 28, 96, 75, 47, 40, 54, 0]
Volume: 4.878
Cost: 6959
