OFV: 831210.0

Route: [0, 233, 33, 49, 15, 47, 125, 52, 44, 184, 109, 188, 158, 176, 86, 7, 216, 130, 91, 22, 150, 0]
Volume: 4.91
Cost: 57304
Route: [0, 118, 140, 238, 190, 181, 126, 211, 60, 68, 245, 108, 207, 156, 0]
Volume: 4.921
Cost: 46588
Route: [0, 79, 139, 159, 40, 219, 4, 168, 45, 135, 90, 220, 73, 51, 36, 0]
Volume: 4.821
Cost: 49623
Route: [0, 38, 138, 3, 95, 11, 206, 167, 23, 74, 132, 145, 199, 177, 85, 53, 46, 88, 205, 124, 0]
Volume: 4.803
Cost: 53148
Route: [0, 218, 203, 186, 246, 161, 164, 127, 107, 99, 242, 92, 175, 214, 26, 112, 0]
Volume: 4.9091
Cost: 49197
Route: [0, 63, 232, 183, 113, 96, 244, 115, 141, 80, 154, 93, 19, 103, 72, 76, 25, 163, 12, 18, 235, 249, 0]
Volume: 4.962
Cost: 78648
Route: [0, 41, 243, 204, 57, 247, 32, 131, 58, 142, 16, 78, 171, 29, 110, 143, 70, 197, 67, 0]
Volume: 4.9911
Cost: 65323
Route: [0, 136, 241, 24, 228, 100, 155, 129, 237, 101, 37, 231, 201, 120, 209, 55, 210, 21, 27, 193, 104, 105, 0]
Volume: 4.9321
Cost: 60378
Route: [0, 144, 229, 225, 0]
Volume: 1.2
Cost: 22193
Route: [0, 59, 89, 166, 30, 106, 189, 198, 65, 200, 14, 69, 146, 62, 35, 208, 149, 13, 5, 182, 215, 0]
Volume: 4.9671
Cost: 62609
Route: [0, 48, 1, 169, 98, 170, 240, 121, 66, 191, 227, 174, 234, 123, 117, 128, 133, 151, 217, 34, 17, 179, 153, 147, 102, 0]
Volume: 4.984
Cost: 71588
Route: [0, 9, 178, 236, 111, 187, 20, 64, 56, 230, 94, 97, 122, 137, 39, 226, 116, 172, 28, 83, 195, 0]
Volume: 4.974
Cost: 79644
Route: [0, 2, 185, 148, 8, 194, 119, 192, 165, 82, 248, 71, 81, 31, 223, 224, 222, 213, 114, 54, 162, 0]
Volume: 4.8389
Cost: 72638
Route: [0, 10, 212, 77, 202, 160, 173, 42, 180, 239, 152, 75, 196, 61, 157, 87, 221, 43, 6, 84, 50, 134, 0]
Volume: 4.9761
Cost: 62329
