OFV: 582768.0

Route: [0, 2, 44, 37, 17, 13, 58, 25, 1, 57, 70, 11, 12, 8, 74, 19, 0]
Volume: 4.9461
Cost: 92998
Route: [0, 28, 26, 38, 41, 48, 3, 15, 61, 0]
Volume: 4.9961
Cost: 70310
Route: [0, 71, 22, 62, 47, 4, 21, 73, 18, 7, 0]
Volume: 4.938
Cost: 69257
Route: [0, 69, 16, 20, 45, 50, 6, 31, 34, 27, 0]
Volume: 4.896
Cost: 67828
Route: [0, 55, 66, 30, 14, 59, 0]
Volume: 3.9061
Cost: 58719
Route: [0, 51, 67, 63, 33, 64, 5, 10, 42, 29, 40, 39, 32, 54, 0]
Volume: 4.938
Cost: 78697
Route: [0, 43, 53, 36, 65, 9, 56, 0]
Volume: 4.674
Cost: 85287
Route: [0, 52, 49, 23, 46, 68, 35, 24, 60, 72, 0]
Volume: 4.644
Cost: 59672
