OFV: 193485.0

Route: [0, 36, 57, 81, 35, 55, 34, 48, 62, 29, 74, 25, 27, 65, 99, 73, 59, 6, 67, 18, 80, 94, 39, 22, 49, 53, 16, 88, 92, 87, 90, 19, 71, 23, 89, 54, 24, 5, 68, 0]
Volume: 4.9046
Cost: 71497
Route: [0, 61, 60, 21, 11, 98, 15, 2, 40, 58, 42, 17, 76, 20, 8, 3, 9, 70, 82, 91, 38, 4, 52, 77, 78, 30, 75, 33, 32, 51, 31, 83, 96, 69, 1, 12, 0]
Volume: 4.9836
Cost: 68047
Route: [0, 28, 84, 50, 56, 37, 64, 93, 46, 13, 26, 85, 95, 7, 79, 97, 47, 41, 63, 14, 44, 43, 86, 72, 66, 10, 45, 0]
Volume: 2.6761
Cost: 53941
