OFV: 652397.0

Route: [0, 70, 131, 75, 183, 143, 26, 153, 60, 248, 217, 59, 142, 190, 41, 0]
Volume: 12.2
Cost: 48834
Route: [0, 58, 140, 244, 146, 202, 174, 67, 199, 154, 148, 56, 222, 239, 66, 23, 68, 105, 160, 28, 106, 216, 74, 129, 219, 99, 63, 0]
Volume: 12.4941
Cost: 62180
Route: [0, 225, 38, 235, 122, 215, 14, 165, 133, 144, 80, 130, 21, 184, 36, 125, 30, 226, 141, 151, 71, 2, 176, 24, 61, 22, 229, 0]
Volume: 12.4981
Cost: 70780
Route: [0, 249, 192, 149, 55, 8, 19, 45, 95, 155, 138, 1, 127, 232, 54, 43, 117, 128, 9, 119, 115, 123, 0]
Volume: 12.472
Cost: 55231
Route: [0, 13, 72, 206, 169, 211, 103, 231, 113, 18, 145, 62, 114, 137, 44, 98, 90, 101, 132, 189, 158, 223, 196, 20, 51, 241, 31, 7, 69, 100, 0]
Volume: 12.214
Cost: 67739
Route: [0, 245, 94, 87, 197, 243, 37, 238, 156, 240, 88, 181, 32, 193, 198, 180, 47, 163, 247, 246, 164, 0]
Volume: 12.2061
Cost: 46900
Route: [0, 11, 102, 33, 86, 84, 204, 161, 157, 97, 89, 85, 136, 65, 167, 34, 205, 134, 218, 118, 194, 0]
Volume: 12.06
Cost: 51797
Route: [0, 209, 212, 48, 170, 3, 49, 5, 40, 35, 50, 76, 52, 16, 152, 96, 200, 214, 220, 179, 81, 139, 110, 29, 0]
Volume: 12.3621
Cost: 68103
Route: [0, 82, 234, 83, 230, 242, 92, 116, 108, 195, 57, 168, 78, 171, 121, 203, 159, 77, 207, 172, 112, 53, 6, 104, 182, 135, 201, 228, 0]
Volume: 12.398
Cost: 76268
Route: [0, 178, 166, 120, 126, 93, 185, 227, 12, 162, 187, 175, 221, 186, 236, 213, 25, 210, 73, 107, 177, 109, 91, 0]
Volume: 11.4301
Cost: 51420
Route: [0, 10, 233, 64, 39, 208, 188, 17, 191, 4, 111, 15, 173, 42, 237, 150, 46, 224, 147, 79, 27, 124, 0]
Volume: 12.0021
Cost: 53145
