OFV: 34425.0

Route: [0, 244, 6, 221, 201, 27, 239, 142, 218, 139, 198, 97, 192, 136, 183, 10, 44, 19, 85, 231, 18, 23, 34, 59, 205, 213, 241, 186, 154, 15, 63, 95, 153, 87, 214, 69, 232, 93, 90, 225, 179, 210, 184, 196, 133, 73, 1, 175, 92, 219, 113, 180, 47, 8, 143, 162, 125, 144, 140, 17, 57, 191, 46, 114, 171, 215, 16, 45, 233, 62, 61, 54, 249, 13, 51, 20, 178, 55, 195, 74, 172, 222, 42, 146, 53, 155, 112, 71, 24, 169, 120, 207, 173, 100, 238, 209, 9, 0]
Volume: 11.9975
Cost: 14060
Route: [0, 188, 168, 130, 60, 29, 237, 135, 167, 91, 122, 119, 115, 157, 2, 211, 5, 103, 105, 35, 75, 158, 129, 164, 134, 128, 66, 3, 26, 166, 86, 79, 150, 28, 243, 145, 141, 163, 170, 206, 118, 98, 84, 31, 32, 152, 187, 96, 165, 236, 25, 4, 12, 111, 67, 56, 72, 33, 224, 138, 78, 193, 58, 208, 217, 99, 94, 77, 234, 246, 81, 89, 189, 49, 52, 228, 151, 220, 216, 104, 197, 199, 82, 80, 64, 229, 106, 30, 0]
Volume: 9.9396
Cost: 11706
Route: [0, 11, 131, 182, 159, 247, 161, 185, 40, 7, 39, 65, 200, 117, 132, 22, 202, 37, 230, 204, 190, 242, 127, 212, 160, 177, 109, 181, 43, 147, 21, 36, 102, 50, 38, 88, 226, 149, 70, 101, 124, 176, 223, 203, 245, 227, 116, 123, 110, 14, 137, 121, 194, 156, 126, 107, 248, 148, 48, 174, 68, 83, 240, 108, 41, 235, 76, 0]
Volume: 9.2315
Cost: 8659
