OFV: 99080.0

Route: [0, 45, 93, 226, 38, 100, 10, 125, 224, 232, 30, 47, 170, 0]
Volume: 4.4321
Cost: 3652
Route: [0, 235, 73, 9, 97, 230, 58, 20, 0]
Volume: 4.7961
Cost: 2939
Route: [0, 240, 186, 114, 198, 84, 116, 209, 55, 228, 5, 94, 0]
Volume: 4.434
Cost: 4787
Route: [0, 57, 162, 64, 192, 99, 138, 128, 22, 201, 210, 0]
Volume: 4.46
Cost: 4616
Route: [0, 53, 24, 33, 184, 42, 207, 105, 175, 23, 46, 0]
Volume: 3.862
Cost: 3377
Route: [0, 134, 81, 197, 61, 62, 63, 0]
Volume: 4.394
Cost: 2851
Route: [0, 181, 244, 158, 200, 215, 50, 159, 112, 35, 0]
Volume: 4.284
Cost: 2828
Route: [0, 37, 157, 70, 218, 180, 155, 149, 227, 95, 119, 31, 216, 231, 110, 91, 1, 51, 0]
Volume: 4.642
Cost: 5263
Route: [0, 77, 80, 43, 101, 69, 36, 21, 49, 236, 0]
Volume: 4.046
Cost: 3846
Route: [0, 68, 164, 141, 191, 79, 161, 86, 174, 243, 163, 123, 98, 83, 152, 75, 88, 0]
Volume: 4.876
Cost: 6275
Route: [0, 140, 76, 48, 171, 147, 115, 90, 29, 189, 0]
Volume: 4.922
Cost: 3645
Route: [0, 72, 129, 182, 165, 241, 248, 156, 4, 139, 219, 14, 0]
Volume: 4.914
Cost: 4730
Route: [0, 238, 65, 203, 172, 66, 190, 32, 242, 2, 136, 0]
Volume: 4.244
Cost: 4110
Route: [0, 8, 17, 39, 106, 199, 245, 92, 89, 148, 196, 0]
Volume: 4.742
Cost: 2996
Route: [0, 151, 214, 205, 124, 217, 13, 102, 117, 44, 67, 109, 213, 0]
Volume: 4.564
Cost: 3687
Route: [0, 27, 183, 41, 137, 223, 246, 130, 133, 142, 0]
Volume: 4.908
Cost: 3422
Route: [0, 107, 211, 25, 154, 16, 85, 168, 0]
Volume: 4.132
Cost: 1927
Route: [0, 187, 221, 166, 113, 71, 122, 237, 195, 204, 0]
Volume: 4.43
Cost: 3454
Route: [0, 82, 121, 169, 87, 7, 104, 206, 15, 145, 11, 6, 78, 0]
Volume: 4.9721
Cost: 5622
Route: [0, 229, 176, 18, 177, 173, 222, 234, 202, 59, 179, 3, 54, 135, 0]
Volume: 4.82
Cost: 6952
Route: [0, 126, 34, 160, 40, 132, 0]
Volume: 4.7161
Cost: 3607
Route: [0, 118, 185, 208, 96, 188, 56, 108, 0]
Volume: 4.872
Cost: 3498
Route: [0, 194, 120, 225, 143, 167, 153, 144, 249, 131, 220, 212, 0]
Volume: 4.928
Cost: 3932
Route: [0, 103, 127, 111, 19, 52, 28, 0]
Volume: 4.8421
Cost: 4661
Route: [0, 150, 239, 247, 233, 26, 178, 146, 74, 193, 12, 60, 0]
Volume: 4.874
Cost: 2403
