OFV: 84397.0

Route: [0, 358, 74, 149, 224, 453, 388, 232, 354, 197, 69, 120, 378, 381, 183, 427, 356, 195, 374, 179, 233, 399, 207, 228, 142, 7, 349, 118, 262, 134, 177, 72, 49, 331, 181, 390, 437, 166, 314, 369, 477, 106, 450, 187, 124, 380, 266, 495, 23, 475, 275, 490, 215, 126, 50, 185, 0]
Volume: 11.97
Cost: 9590
Route: [0, 248, 144, 83, 446, 276, 66, 26, 37, 48, 24, 286, 411, 19, 395, 210, 51, 86, 312, 441, 341, 165, 447, 204, 13, 18, 313, 300, 247, 479, 64, 407, 223, 333, 274, 184, 47, 45, 335, 465, 375, 110, 238, 57, 459, 451, 0]
Volume: 12.4661
Cost: 7996
Route: [0, 213, 322, 99, 334, 150, 255, 391, 360, 323, 130, 439, 58, 194, 493, 296, 408, 347, 253, 328, 226, 109, 80, 188, 103, 338, 116, 176, 365, 138, 249, 264, 499, 65, 121, 114, 343, 234, 196, 32, 95, 283, 87, 284, 136, 143, 6, 254, 0]
Volume: 11.1562
Cost: 7738
Route: [0, 324, 55, 487, 91, 329, 12, 366, 371, 135, 217, 257, 461, 85, 94, 190, 464, 174, 256, 44, 405, 222, 443, 93, 368, 209, 402, 428, 180, 227, 305, 88, 242, 290, 154, 52, 488, 482, 62, 163, 404, 364, 316, 301, 394, 282, 297, 157, 39, 261, 199, 70, 456, 90, 326, 192, 104, 0]
Volume: 10.6614
Cost: 10213
Route: [0, 240, 387, 471, 400, 79, 129, 306, 219, 359, 202, 457, 317, 201, 251, 416, 107, 470, 139, 454, 280, 277, 330, 43, 279, 310, 307, 40, 53, 20, 63, 386, 497, 137, 56, 220, 73, 332, 35, 403, 159, 68, 77, 401, 252, 29, 473, 424, 484, 430, 0]
Volume: 11.8612
Cost: 7556
Route: [0, 169, 21, 167, 350, 97, 28, 376, 36, 132, 319, 4, 27, 272, 289, 230, 155, 445, 191, 353, 352, 259, 250, 413, 235, 442, 415, 320, 168, 433, 75, 293, 389, 205, 3, 244, 327, 0]
Volume: 10.8102
Cost: 5875
Route: [0, 178, 161, 435, 170, 385, 82, 1, 38, 122, 466, 377, 231, 71, 406, 203, 417, 382, 98, 357, 60, 372, 243, 270, 81, 294, 325, 425, 89, 140, 345, 146, 263, 311, 16, 112, 414, 463, 245, 268, 239, 491, 173, 8, 492, 384, 444, 111, 0]
Volume: 11.7291
Cost: 9670
Route: [0, 452, 152, 303, 145, 175, 478, 147, 458, 236, 318, 34, 102, 151, 361, 141, 156, 100, 218, 96, 225, 229, 172, 288, 455, 468, 431, 41, 476, 214, 260, 123, 246, 292, 258, 148, 31, 46, 115, 271, 158, 498, 182, 198, 440, 212, 84, 429, 278, 189, 321, 462, 448, 117, 92, 419, 481, 0]
Volume: 12.4813
Cost: 7625
Route: [0, 304, 125, 15, 409, 281, 420, 153, 474, 432, 160, 494, 469, 216, 295, 67, 351, 211, 42, 186, 449, 193, 344, 496, 221, 398, 54, 348, 434, 362, 17, 61, 298, 237, 128, 291, 483, 342, 421, 267, 59, 30, 208, 346, 241, 467, 22, 119, 412, 339, 397, 78, 472, 392, 10, 355, 315, 5, 0]
Volume: 12.2311
Cost: 7700
Route: [0, 340, 418, 489, 287, 337, 460, 308, 133, 171, 302, 396, 363, 299, 485, 200, 285, 273, 206, 480, 370, 265, 410, 2, 105, 379, 164, 76, 33, 108, 162, 113, 9, 336, 309, 438, 423, 269, 367, 383, 436, 426, 131, 14, 373, 127, 101, 11, 486, 422, 393, 25, 0]
Volume: 12.024
Cost: 10434
