OFV: 31658.0

Route: [0, 37, 8, 73, 60, 28, 83, 36, 56, 94, 79, 4, 17, 26, 45, 11, 68, 74, 23, 0]
Volume: 3.486
Cost: 6630
Route: [0, 34, 89, 29, 78, 43, 90, 20, 19, 42, 63, 98, 97, 96, 52, 92, 87, 32, 44, 46, 47, 33, 10, 0]
Volume: 4.5111
Cost: 8494
Route: [0, 71, 67, 93, 88, 54, 48, 50, 16, 35, 84, 27, 13, 41, 86, 64, 72, 85, 61, 21, 76, 7, 22, 77, 30, 0]
Volume: 4.789
Cost: 6719
Route: [0, 57, 80, 95, 38, 81, 24, 6, 40, 62, 66, 53, 69, 58, 99, 39, 12, 18, 82, 1, 25, 0]
Volume: 4.8439
Cost: 4831
Route: [0, 5, 9, 65, 14, 31, 55, 49, 70, 15, 75, 91, 51, 3, 2, 59, 0]
Volume: 4.278
Cost: 4984
