OFV: 39363.0

Route: [0, 188, 208, 78, 193, 73, 1, 92, 219, 175, 113, 180, 8, 47, 143, 162, 125, 144, 140, 66, 128, 134, 3, 26, 166, 17, 57, 191, 46, 114, 171, 86, 79, 150, 28, 243, 145, 240, 237, 209, 9, 0]
Volume: 4.6645
Cost: 5796
Route: [0, 11, 247, 161, 7, 182, 159, 185, 40, 131, 126, 121, 156, 194, 112, 71, 24, 169, 120, 207, 173, 100, 238, 68, 48, 135, 167, 91, 122, 119, 115, 83, 108, 41, 235, 76, 0]
Volume: 3.9281
Cost: 2577
Route: [0, 244, 221, 6, 200, 65, 39, 101, 70, 124, 38, 226, 88, 149, 21, 36, 109, 181, 117, 132, 22, 230, 204, 142, 218, 139, 198, 97, 192, 136, 213, 241, 186, 154, 15, 63, 95, 80, 229, 87, 153, 197, 82, 0]
Volume: 4.94
Cost: 7389
Route: [0, 168, 248, 107, 148, 35, 75, 158, 129, 164, 141, 163, 170, 206, 118, 98, 84, 31, 32, 152, 187, 96, 165, 236, 25, 4, 12, 111, 58, 0]
Volume: 3.2225
Cost: 5011
Route: [0, 43, 147, 50, 102, 177, 160, 212, 127, 242, 190, 202, 37, 27, 239, 201, 106, 30, 34, 23, 231, 18, 59, 205, 183, 10, 44, 19, 85, 214, 69, 52, 228, 151, 220, 216, 104, 199, 64, 0]
Volume: 4.9771
Cost: 6529
Route: [0, 130, 60, 29, 174, 2, 157, 211, 5, 103, 105, 215, 16, 45, 13, 54, 249, 233, 61, 62, 51, 155, 20, 178, 55, 195, 74, 172, 222, 53, 146, 42, 116, 227, 245, 203, 137, 123, 110, 14, 223, 176, 0]
Volume: 4.4743
Cost: 7273
Route: [0, 246, 81, 217, 99, 94, 77, 234, 189, 89, 49, 232, 93, 90, 225, 179, 210, 184, 196, 133, 67, 56, 72, 33, 224, 138, 0]
Volume: 4.4735
Cost: 4788
