OFV: 1358090.0

Route: [0, 88, 200, 14, 69, 146, 35, 62, 208, 149, 28, 156, 0]
Volume: 4.98
Cost: 60219
Route: [0, 197, 70, 143, 155, 178, 236, 111, 187, 21, 27, 216, 130, 0]
Volume: 4.972
Cost: 61824
Route: [0, 79, 202, 160, 173, 42, 196, 75, 152, 180, 239, 95, 3, 11, 36, 0]
Volume: 4.972
Cost: 75333
Route: [0, 59, 89, 166, 30, 157, 87, 221, 61, 50, 10, 0]
Volume: 4.968
Cost: 52381
Route: [0, 48, 140, 238, 126, 211, 60, 246, 218, 77, 203, 249, 0]
Volume: 4.8921
Cost: 47476
Route: [0, 161, 164, 127, 107, 92, 242, 175, 99, 68, 118, 0]
Volume: 4.938
Cost: 47227
Route: [0, 41, 243, 204, 47, 125, 44, 184, 109, 188, 158, 49, 2, 54, 162, 0]
Volume: 4.932
Cost: 44034
Route: [0, 225, 229, 144, 0]
Volume: 1.154
Cost: 23214
Route: [0, 134, 90, 220, 85, 73, 139, 0]
Volume: 4.564
Cost: 34923
Route: [0, 63, 189, 17, 106, 179, 153, 147, 43, 168, 0]
Volume: 4.95
Cost: 55611
Route: [0, 38, 138, 206, 167, 23, 74, 132, 145, 199, 177, 51, 0]
Volume: 4.844
Cost: 42981
Route: [0, 46, 53, 34, 76, 19, 103, 72, 93, 141, 80, 154, 115, 244, 96, 172, 83, 112, 0]
Volume: 4.9761
Cost: 78814
Route: [0, 159, 232, 65, 113, 25, 183, 163, 12, 217, 219, 0]
Volume: 4.964
Cost: 69545
Route: [0, 205, 40, 102, 6, 84, 45, 4, 135, 124, 0]
Volume: 4.986
Cost: 40928
Route: [0, 52, 231, 37, 201, 131, 58, 222, 213, 114, 15, 0]
Volume: 4.966
Cost: 59162
Route: [0, 121, 20, 56, 64, 230, 94, 97, 226, 122, 137, 39, 66, 67, 0]
Volume: 4.968
Cost: 77389
Route: [0, 207, 123, 174, 234, 191, 227, 116, 240, 170, 195, 0]
Volume: 4.9261
Cost: 65356
Route: [0, 7, 29, 171, 16, 78, 142, 148, 8, 185, 0]
Volume: 4.958
Cost: 65025
Route: [0, 9, 57, 247, 32, 55, 120, 209, 210, 104, 0]
Volume: 4.978
Cost: 58765
Route: [0, 194, 71, 248, 82, 119, 192, 165, 81, 31, 223, 224, 0]
Volume: 4.992
Cost: 71769
Route: [0, 212, 186, 198, 151, 18, 133, 128, 235, 117, 182, 0]
Volume: 4.9961
Cost: 66043
Route: [0, 241, 108, 245, 5, 13, 214, 26, 190, 181, 215, 0]
Volume: 4.974
Cost: 47080
Route: [0, 233, 33, 176, 86, 193, 91, 22, 0]
Volume: 4.988
Cost: 54455
Route: [0, 136, 1, 169, 98, 24, 228, 100, 129, 237, 101, 110, 150, 105, 0]
Volume: 4.982
Cost: 58536
