OFV: 381646.0

Route: [0, 358, 496, 211, 404, 107, 81, 339, 20, 360, 318, 186, 130, 381, 191, 334, 224, 231, 166, 444, 205, 280, 470, 147, 240, 372, 235, 193, 181, 342, 3, 409, 244, 418, 287, 489, 494, 440, 14, 133, 169, 420, 167, 395, 291, 115, 456, 9, 7, 366, 469, 459, 478, 101, 297, 174, 384, 355, 162, 23, 427, 472, 0]
Volume: 8.9541
Cost: 52160
Route: [0, 225, 340, 233, 313, 282, 296, 10, 383, 253, 362, 85, 304, 302, 379, 155, 19, 82, 477, 135, 249, 38, 376, 204, 214, 234, 371, 144, 201, 163, 293, 102, 415, 328, 359, 452, 449, 12, 72, 316, 198, 226, 347, 252, 369, 365, 311, 120, 289, 458, 65, 121, 179, 77, 109, 43, 36, 309, 215, 413, 308, 75, 483, 220, 87, 83, 183, 165, 68, 76, 53, 352, 390, 378, 227, 251, 451, 401, 103, 306, 278, 143, 141, 171, 71, 411, 274, 353, 424, 349, 248, 132, 495, 322, 168, 275, 160, 104, 210, 338, 80, 157, 319, 335, 95, 0]
Volume: 12.2502
Cost: 66903
Route: [0, 260, 385, 325, 482, 373, 213, 6, 56, 172, 492, 170, 286, 57, 462, 59, 465, 471, 416, 432, 154, 245, 484, 228, 151, 22, 34, 114, 392, 202, 299, 288, 138, 199, 242, 4, 346, 447, 263, 62, 271, 67, 298, 428, 320, 239, 327, 207, 222, 468, 336, 30, 148, 219, 433, 209, 152, 88, 25, 32, 466, 399, 127, 223, 294, 277, 195, 69, 331, 97, 111, 96, 221, 140, 91, 265, 134, 123, 407, 307, 0]
Volume: 9.625
Cost: 59699
Route: [0, 270, 273, 312, 417, 377, 184, 28, 497, 45, 422, 493, 419, 188, 295, 63, 218, 51, 47, 324, 110, 178, 394, 60, 391, 206, 237, 332, 192, 486, 463, 175, 217, 64, 453, 116, 42, 39, 15, 405, 285, 343, 149, 421, 473, 436, 368, 414, 348, 361, 142, 208, 17, 370, 264, 41, 122, 382, 262, 8, 464, 94, 393, 58, 216, 490, 173, 40, 139, 443, 117, 48, 236, 145, 290, 398, 49, 410, 13, 276, 261, 99, 284, 203, 345, 491, 112, 256, 266, 185, 300, 258, 55, 450, 61, 0]
Volume: 11.3671
Cost: 78446
Route: [0, 375, 357, 241, 389, 474, 351, 11, 475, 137, 73, 487, 400, 442, 406, 460, 367, 499, 86, 108, 445, 315, 380, 125, 52, 250, 176, 434, 159, 254, 326, 126, 388, 37, 54, 66, 498, 283, 177, 364, 455, 194, 279, 84, 92, 156, 461, 446, 402, 330, 158, 50, 408, 344, 429, 485, 243, 131, 354, 35, 292, 438, 435, 303, 255, 257, 146, 93, 106, 182, 136, 426, 29, 16, 150, 317, 238, 21, 439, 153, 267, 0]
Volume: 7.731
Cost: 61354
Route: [0, 488, 425, 33, 90, 356, 268, 70, 187, 467, 310, 190, 89, 189, 363, 2, 259, 386, 430, 269, 196, 161, 118, 129, 314, 329, 412, 232, 128, 246, 98, 44, 403, 321, 323, 24, 396, 272, 197, 333, 337, 281, 78, 46, 305, 119, 431, 229, 31, 247, 230, 341, 100, 18, 437, 5, 476, 441, 74, 26, 105, 374, 448, 124, 79, 457, 1, 164, 200, 387, 479, 113, 27, 180, 454, 397, 212, 350, 481, 480, 423, 301, 0]
Volume: 11.6403
Cost: 63084
