OFV: 266803.0

Route: [0, 146, 26, 157, 237, 164, 201, 225, 27, 22, 191, 178, 163, 187, 140, 95, 105, 229, 249, 130, 103, 216, 176, 224, 248, 218, 169, 1, 106, 179, 12, 55, 168, 150, 93, 53, 136, 48, 16, 54, 204, 64, 223, 0]
Volume: 4.6006
Cost: 40529
Route: [0, 175, 74, 102, 68, 80, 235, 83, 247, 221, 98, 38, 116, 188, 167, 30, 51, 182, 112, 13, 14, 234, 96, 202, 10, 231, 155, 162, 170, 33, 228, 28, 128, 45, 52, 158, 141, 90, 41, 0]
Volume: 4.9111
Cost: 46545
Route: [0, 148, 239, 24, 20, 142, 131, 174, 156, 219, 220, 152, 151, 58, 238, 147, 47, 209, 8, 49, 243, 75, 37, 39, 40, 159, 44, 196, 215, 161, 198, 107, 124, 101, 97, 110, 18, 233, 69, 100, 129, 145, 4, 119, 77, 181, 108, 0]
Volume: 4.9765
Cost: 46714
Route: [0, 133, 184, 79, 199, 29, 122, 113, 190, 132, 34, 31, 172, 138, 241, 76, 227, 207, 232, 160, 86, 194, 56, 213, 242, 214, 3, 123, 240, 71, 61, 134, 195, 186, 210, 118, 144, 5, 99, 203, 84, 0]
Volume: 4.9111
Cost: 55246
Route: [0, 111, 78, 85, 137, 200, 82, 230, 173, 166, 57, 73, 180, 87, 120, 6, 36, 115, 81, 189, 212, 46, 121, 23, 42, 117, 143, 246, 2, 72, 25, 70, 9, 50, 32, 185, 127, 65, 177, 7, 197, 17, 222, 206, 43, 211, 0]
Volume: 4.9872
Cost: 43511
Route: [0, 114, 11, 21, 66, 183, 88, 60, 226, 208, 91, 63, 193, 92, 192, 245, 125, 126, 171, 205, 104, 217, 139, 62, 109, 35, 165, 67, 94, 244, 135, 154, 15, 236, 153, 59, 149, 19, 89, 0]
Volume: 4.9201
Cost: 34258
