OFV: 46748.0

Route: [0, 64, 144, 13, 165, 33, 89, 233, 40, 203, 67, 54, 195, 127, 73, 34, 4, 65, 93, 147, 118, 126, 19, 150, 216, 36, 16, 164, 75, 45, 24, 55, 84, 72, 104, 32, 88, 170, 26, 5, 70, 175, 28, 9, 18, 221, 92, 145, 123, 163, 169, 68, 117, 229, 209, 178, 128, 185, 155, 77, 109, 167, 231, 120, 187, 103, 227, 171, 174, 172, 166, 81, 66, 0]
Volume: 8.5952
Cost: 12028
Route: [0, 156, 43, 53, 186, 194, 135, 8, 61, 50, 215, 85, 168, 218, 86, 59, 204, 57, 115, 105, 183, 71, 153, 131, 14, 56, 35, 220, 107, 179, 12, 31, 200, 111, 161, 29, 224, 112, 60, 10, 116, 141, 94, 134, 113, 122, 212, 130, 143, 246, 241, 196, 90, 188, 132, 223, 37, 245, 52, 238, 148, 44, 249, 2, 142, 146, 69, 110, 125, 228, 149, 98, 17, 49, 47, 15, 207, 138, 20, 51, 108, 3, 119, 152, 97, 137, 121, 102, 140, 219, 237, 173, 48, 0]
Volume: 12.0134
Cost: 20903
Route: [0, 100, 202, 99, 199, 30, 1, 22, 154, 46, 129, 157, 226, 124, 225, 25, 201, 232, 62, 192, 162, 133, 176, 217, 58, 80, 182, 7, 210, 213, 248, 198, 39, 11, 222, 197, 236, 151, 181, 38, 189, 82, 244, 87, 91, 243, 158, 95, 78, 136, 159, 234, 6, 206, 74, 239, 242, 214, 240, 83, 21, 235, 27, 76, 63, 177, 106, 190, 42, 23, 191, 139, 211, 79, 184, 208, 96, 41, 180, 247, 160, 114, 205, 230, 193, 101, 0]
Volume: 10.5273
Cost: 13817
