OFV: 19981.0

Route: [0, 52, 65, 44, 1, 74, 32, 68, 29, 4, 40, 71, 77, 39, 23, 95, 84, 45, 28, 46, 89, 0]
Volume: 12.292
Cost: 5652
Route: [0, 50, 72, 24, 17, 2, 51, 31, 43, 26, 25, 82, 54, 21, 3, 10, 93, 63, 0]
Volume: 12.4421
Cost: 1067
Route: [0, 83, 58, 94, 60, 98, 96, 42, 90, 61, 86, 15, 19, 81, 67, 69, 0]
Volume: 7.5041
Cost: 2981
Route: [0, 22, 5, 13, 36, 79, 53, 87, 66, 88, 97, 62, 91, 33, 49, 99, 11, 59, 9, 7, 56, 85, 8, 78, 64, 35, 0]
Volume: 9.9662
Cost: 5914
Route: [0, 73, 75, 57, 37, 48, 34, 55, 38, 41, 6, 20, 14, 12, 70, 30, 47, 80, 16, 18, 76, 92, 27, 0]
Volume: 11.5861
Cost: 4367
