OFV: 201461.0

Route: [0, 6, 62, 35, 13, 57, 79, 38, 96, 37, 21, 71, 22, 23, 82, 78, 54, 67, 40, 85, 72, 15, 69, 88, 18, 0]
Volume: 4.986
Cost: 54899
Route: [0, 1, 34, 8, 58, 50, 17, 30, 83, 63, 53, 26, 12, 98, 76, 55, 14, 4, 52, 68, 25, 92, 39, 47, 44, 59, 0]
Volume: 4.995
Cost: 45034
Route: [0, 28, 48, 5, 43, 7, 94, 91, 60, 74, 84, 97, 20, 3, 36, 77, 42, 16, 0]
Volume: 4.999
Cost: 46852
Route: [0, 56, 99, 33, 46, 32, 10, 31, 81, 0]
Volume: 1.619
Cost: 12015
Route: [0, 51, 65, 2, 95, 75, 61, 9, 41, 27, 86, 93, 64, 66, 24, 89, 29, 90, 73, 19, 49, 70, 11, 80, 45, 87, 0]
Volume: 4.992
Cost: 42661
