OFV: 19367.0

Route: [0, 49, 53, 2, 21, 12, 0]
Volume: 4.314
Cost: 495
Route: [0, 51, 25, 42, 3, 46, 63, 65, 11, 94, 17, 41, 92, 28, 30, 66, 20, 14, 98, 70, 38, 89, 82, 43, 54, 48, 0]
Volume: 12.328
Cost: 5468
Route: [0, 68, 78, 45, 4, 60, 22, 27, 55, 59, 19, 44, 47, 80, 83, 26, 7, 96, 67, 57, 32, 93, 91, 0]
Volume: 11.612
Cost: 4039
Route: [0, 52, 77, 85, 5, 37, 62, 76, 9, 79, 95, 50, 71, 8, 72, 84, 99, 13, 15, 29, 40, 61, 23, 0]
Volume: 10.94
Cost: 3843
Route: [0, 75, 69, 1, 24, 81, 97, 56, 88, 64, 74, 86, 87, 6, 90, 18, 16, 39, 58, 36, 10, 73, 35, 31, 33, 34, 0]
Volume: 12.4621
Cost: 5522
