OFV: 108800.0

Route: [0, 104, 112, 193, 457, 433, 289, 494, 476, 130, 58, 416, 42, 127, 200, 443, 243, 77, 282, 267, 337, 47, 372, 431, 383, 116, 209, 192, 333, 212, 455, 341, 377, 131, 31, 174, 252, 493, 401, 445, 0]
Volume: 4.937
Cost: 13353
Route: [0, 43, 82, 239, 39, 330, 318, 487, 238, 25, 379, 472, 354, 363, 313, 392, 59, 27, 439, 171, 478, 419, 353, 346, 242, 144, 227, 221, 384, 423, 145, 202, 496, 498, 205, 204, 19, 258, 0]
Volume: 4.803
Cost: 5180
Route: [0, 272, 266, 46, 111, 121, 412, 340, 166, 415, 220, 74, 107, 492, 385, 290, 35, 152, 140, 191, 321, 435, 164, 444, 265, 154, 440, 216, 332, 159, 109, 76, 103, 16, 345, 137, 373, 305, 395, 308, 414, 436, 360, 0]
Volume: 4.9434
Cost: 8445
Route: [0, 295, 195, 183, 286, 312, 248, 135, 275, 331, 474, 37, 14, 217, 45, 65, 299, 34, 89, 369, 322, 424, 287, 335, 257, 450, 161, 408, 213, 338, 316, 495, 95, 11, 481, 485, 207, 41, 69, 61, 66, 150, 387, 0]
Volume: 4.3681
Cost: 13727
Route: [0, 381, 398, 306, 281, 430, 175, 365, 15, 57, 40, 158, 56, 30, 20, 147, 465, 417, 362, 484, 113, 129, 300, 228, 180, 173, 156, 48, 3, 68, 51, 475, 100, 499, 262, 241, 0]
Volume: 4.6999
Cost: 5252
Route: [0, 317, 437, 327, 17, 466, 6, 407, 167, 314, 441, 50, 358, 315, 271, 471, 49, 428, 120, 78, 190, 310, 483, 456, 62, 235, 73, 85, 75, 118, 196, 388, 357, 38, 83, 488, 402, 223, 0]
Volume: 4.8966
Cost: 8390
Route: [0, 302, 270, 296, 186, 367, 460, 468, 490, 291, 461, 393, 165, 9, 250, 162, 55, 90, 79, 380, 99, 298, 464, 452, 148, 172, 489, 194, 261, 394, 102, 29, 278, 151, 462, 53, 297, 71, 70, 81, 7, 141, 36, 0]
Volume: 4.896
Cost: 5435
Route: [0, 273, 126, 349, 203, 429, 32, 230, 366, 219, 347, 409, 177, 334, 122, 389, 451, 370, 185, 482, 139, 237, 311, 446, 26, 92, 136, 320, 133, 348, 198, 458, 240, 170, 5, 110, 374, 0]
Volume: 4.3077
Cost: 8931
Route: [0, 454, 421, 255, 253, 13, 480, 277, 386, 339, 397, 259, 453, 142, 469, 211, 422, 473, 153, 101, 108, 63, 54, 479, 269, 123, 376, 0]
Volume: 4.2943
Cost: 7317
Route: [0, 215, 24, 459, 28, 214, 149, 264, 283, 143, 64, 247, 18, 249, 350, 178, 355, 400, 447, 4, 115, 125, 197, 146, 263, 293, 44, 97, 80, 0]
Volume: 3.3535
Cost: 3668
Route: [0, 128, 208, 411, 420, 176, 390, 224, 307, 199, 323, 378, 179, 234, 404, 391, 304, 477, 134, 23, 168, 96, 292, 470, 119, 233, 189, 222, 364, 399, 280, 371, 1, 329, 60, 94, 12, 0]
Volume: 4.96
Cost: 9219
Route: [0, 375, 449, 351, 10, 210, 448, 382, 229, 201, 260, 319, 342, 284, 425, 276, 138, 232, 491, 405, 187, 181, 98, 52, 33, 285, 244, 254, 231, 361, 87, 21, 225, 406, 72, 106, 0]
Volume: 4.1815
Cost: 6847
Route: [0, 356, 309, 206, 418, 84, 463, 279, 88, 114, 124, 352, 442, 467, 368, 2, 157, 427, 301, 91, 303, 328, 188, 8, 245, 410, 169, 343, 155, 403, 336, 324, 0]
Volume: 4.307
Cost: 6871
Route: [0, 22, 426, 182, 117, 438, 274, 396, 86, 325, 413, 132, 93, 359, 288, 163, 226, 497, 184, 105, 160, 256, 344, 246, 218, 294, 268, 434, 67, 486, 236, 251, 326, 432, 0]
Volume: 3.769
Cost: 6165
