OFV: 73108.0

Route: [0, 166, 44, 205, 419, 394, 267, 2, 367, 155, 235, 425, 198, 6, 186, 174, 221, 270, 212, 183, 0]
Volume: 4.993
Cost: 2589
Route: [0, 52, 428, 401, 483, 353, 408, 137, 36, 140, 24, 139, 319, 260, 189, 33, 371, 29, 14, 420, 0]
Volume: 4.976
Cost: 2775
Route: [0, 455, 118, 142, 113, 331, 349, 148, 97, 407, 265, 169, 278, 152, 263, 465, 46, 472, 277, 345, 98, 79, 0]
Volume: 4.977
Cost: 4112
Route: [0, 468, 328, 83, 99, 192, 190, 188, 463, 461, 138, 107, 178, 403, 136, 413, 202, 341, 47, 159, 253, 103, 421, 0]
Volume: 4.9721
Cost: 2694
Route: [0, 134, 262, 388, 480, 361, 42, 392, 383, 123, 485, 203, 48, 322, 296, 131, 65, 75, 0]
Volume: 4.962
Cost: 2553
Route: [0, 197, 195, 72, 325, 293, 290, 427, 305, 218, 287, 17, 479, 62, 409, 144, 50, 315, 272, 389, 404, 362, 12, 0]
Volume: 4.755
Cost: 2968
Route: [0, 114, 160, 280, 25, 78, 236, 249, 326, 347, 477, 442, 376, 439, 105, 436, 0]
Volume: 4.384
Cost: 2719
Route: [0, 387, 37, 340, 84, 244, 176, 310, 289, 240, 271, 219, 225, 256, 318, 258, 34, 469, 275, 0]
Volume: 4.9131
Cost: 2472
Route: [0, 120, 147, 274, 393, 268, 399, 495, 43, 8, 228, 28, 252, 381, 447, 330, 487, 76, 0]
Volume: 4.5512
Cost: 2753
Route: [0, 424, 471, 80, 125, 45, 141, 96, 41, 378, 309, 478, 269, 132, 298, 390, 498, 223, 9, 59, 0]
Volume: 4.788
Cost: 2576
Route: [0, 374, 382, 411, 432, 299, 493, 266, 18, 317, 276, 334, 35, 106, 438, 146, 234, 0]
Volume: 4.754
Cost: 2678
Route: [0, 199, 230, 481, 475, 128, 92, 149, 193, 292, 327, 332, 69, 304, 104, 285, 335, 211, 321, 395, 95, 0]
Volume: 4.877
Cost: 2608
Route: [0, 333, 86, 247, 346, 245, 181, 418, 246, 204, 179, 210, 173, 116, 384, 214, 237, 306, 0]
Volume: 4.9881
Cost: 2398
Route: [0, 165, 385, 492, 364, 161, 71, 396, 497, 74, 61, 338, 358, 386, 337, 313, 284, 301, 243, 0]
Volume: 4.122
Cost: 4283
Route: [0, 124, 119, 398, 73, 15, 238, 164, 3, 64, 273, 200, 55, 153, 470, 182, 21, 279, 459, 372, 0]
Volume: 4.824
Cost: 2645
Route: [0, 115, 231, 63, 457, 10, 130, 430, 129, 462, 60, 122, 38, 281, 402, 416, 417, 291, 22, 250, 0]
Volume: 4.9441
Cost: 3402
Route: [0, 5, 490, 213, 370, 441, 312, 454, 297, 232, 452, 445, 13, 429, 437, 365, 175, 300, 1, 0]
Volume: 4.7582
Cost: 2552
Route: [0, 77, 433, 303, 426, 466, 168, 127, 87, 191, 94, 476, 229, 57, 217, 11, 7, 177, 440, 0]
Volume: 4.9192
Cost: 2706
Route: [0, 406, 499, 473, 489, 81, 410, 54, 23, 208, 150, 185, 368, 491, 68, 294, 255, 0]
Volume: 4.609
Cost: 2520
Route: [0, 336, 444, 422, 117, 4, 187, 171, 486, 350, 339, 145, 112, 356, 51, 85, 242, 154, 0]
Volume: 4.896
Cost: 2697
Route: [0, 363, 184, 90, 70, 135, 53, 474, 32, 450, 400, 467, 156, 282, 194, 348, 286, 88, 100, 0]
Volume: 4.5691
Cost: 2977
Route: [0, 343, 352, 379, 31, 453, 133, 451, 295, 482, 412, 391, 494, 460, 93, 216, 209, 435, 16, 109, 0]
Volume: 4.5061
Cost: 2837
Route: [0, 415, 167, 67, 233, 56, 314, 248, 257, 320, 121, 288, 316, 143, 126, 151, 196, 19, 49, 357, 89, 66, 206, 324, 397, 434, 162, 355, 20, 366, 0]
Volume: 4.621
Cost: 2695
Route: [0, 423, 254, 110, 488, 344, 30, 373, 226, 91, 239, 283, 172, 446, 414, 329, 377, 443, 224, 251, 157, 0]
Volume: 4.7601
Cost: 2878
Route: [0, 111, 307, 323, 220, 207, 82, 354, 351, 308, 464, 58, 241, 158, 40, 163, 302, 26, 201, 108, 0]
Volume: 4.988
Cost: 2490
Route: [0, 369, 456, 342, 484, 449, 222, 101, 27, 405, 227, 375, 264, 380, 448, 39, 102, 259, 261, 458, 496, 180, 431, 311, 360, 170, 359, 215, 0]
Volume: 4.969
Cost: 2531
