OFV: 645065.0

Route: [0, 39, 18, 76, 25, 22, 67, 38, 29, 32, 80, 90, 21, 88, 83, 86, 82, 0]
Volume: 4.726
Cost: 78055
Route: [0, 55, 34, 5, 20, 40, 69, 89, 98, 73, 7, 0]
Volume: 4.992
Cost: 56173
Route: [0, 94, 41, 99, 84, 54, 96, 19, 50, 59, 11, 0]
Volume: 4.3821
Cost: 56184
Route: [0, 33, 12, 28, 49, 24, 71, 79, 0]
Volume: 4.828
Cost: 50849
Route: [0, 15, 36, 4, 47, 95, 46, 0]
Volume: 4.874
Cost: 53506
Route: [0, 30, 72, 10, 31, 48, 2, 14, 63, 0]
Volume: 4.926
Cost: 69337
Route: [0, 93, 57, 60, 0]
Volume: 2.76
Cost: 34040
Route: [0, 77, 44, 53, 74, 8, 61, 3, 97, 58, 6, 78, 37, 0]
Volume: 4.796
Cost: 92170
Route: [0, 35, 27, 16, 81, 13, 85, 91, 0]
Volume: 4.874
Cost: 53318
Route: [0, 1, 23, 64, 92, 45, 26, 9, 52, 56, 0]
Volume: 4.92
Cost: 49719
Route: [0, 66, 62, 70, 42, 68, 43, 75, 17, 65, 87, 51, 0]
Volume: 4.9381
Cost: 51714
