OFV: 78691.0

Route: [0, 41, 66, 208, 35, 62, 149, 146, 69, 14, 200, 217, 198, 173, 42, 196, 152, 75, 180, 239, 139, 0]
Volume: 12.3679
Cost: 6968
Route: [0, 136, 195, 241, 140, 126, 181, 190, 238, 164, 161, 246, 249, 218, 63, 102, 6, 84, 219, 50, 0]
Volume: 12.098
Cost: 5405
Route: [0, 118, 150, 105, 104, 7, 130, 110, 216, 171, 29, 247, 32, 55, 209, 120, 210, 131, 213, 58, 222, 16, 78, 142, 215, 0]
Volume: 11.6461
Cost: 6831
Route: [0, 233, 33, 125, 114, 86, 176, 52, 44, 184, 109, 188, 158, 185, 148, 8, 0]
Volume: 10.162
Cost: 4730
Route: [0, 225, 229, 144, 243, 204, 47, 49, 15, 2, 54, 119, 192, 165, 82, 248, 71, 194, 81, 31, 223, 224, 57, 37, 231, 201, 162, 0]
Volume: 11.2981
Cost: 8060
Route: [0, 212, 183, 113, 76, 72, 103, 19, 93, 80, 141, 154, 244, 115, 96, 25, 163, 12, 117, 123, 174, 234, 191, 227, 112, 0]
Volume: 12.4481
Cost: 8973
Route: [0, 36, 95, 3, 11, 206, 167, 23, 74, 132, 145, 199, 177, 220, 85, 53, 46, 88, 159, 205, 73, 90, 38, 138, 51, 0]
Volume: 10.762
Cost: 7354
Route: [0, 59, 89, 166, 30, 221, 61, 157, 87, 147, 106, 153, 179, 189, 17, 34, 232, 65, 151, 18, 128, 235, 133, 40, 4, 168, 45, 135, 0]
Volume: 11.968
Cost: 6728
Route: [0, 48, 143, 70, 155, 129, 237, 101, 178, 236, 111, 187, 21, 27, 193, 91, 22, 9, 197, 67, 0]
Volume: 11.358
Cost: 7005
Route: [0, 43, 127, 107, 92, 175, 99, 242, 68, 83, 214, 26, 207, 182, 108, 245, 5, 13, 211, 60, 77, 203, 186, 202, 160, 79, 134, 124, 10, 0]
Volume: 12.464
Cost: 7270
Route: [0, 1, 28, 169, 98, 170, 24, 228, 100, 121, 240, 172, 116, 20, 56, 64, 230, 94, 97, 226, 122, 137, 39, 156, 0]
Volume: 12.432
Cost: 9367
