OFV: 65885.0

Route: [0, 18, 113, 231, 158, 196, 7, 241, 51, 31, 59, 167, 217, 248, 65, 218, 134, 205, 99, 131, 75, 143, 183, 103, 0]
Volume: 4.977
Cost: 5184
Route: [0, 178, 120, 166, 227, 12, 93, 185, 126, 95, 161, 157, 84, 86, 97, 204, 199, 154, 28, 160, 106, 105, 68, 239, 56, 222, 133, 89, 63, 0]
Volume: 4.935
Cost: 5629
Route: [0, 61, 174, 22, 54, 1, 127, 155, 138, 232, 67, 43, 117, 128, 9, 119, 115, 0]
Volume: 4.8901
Cost: 4669
Route: [0, 82, 230, 83, 234, 242, 116, 92, 26, 153, 60, 34, 219, 118, 129, 74, 194, 70, 41, 0]
Volume: 4.914
Cost: 7264
Route: [0, 202, 144, 80, 130, 21, 184, 125, 36, 30, 226, 2, 141, 151, 71, 176, 24, 148, 66, 23, 216, 193, 32, 0]
Volume: 4.596
Cost: 5187
Route: [0, 58, 229, 182, 53, 104, 201, 6, 228, 135, 172, 78, 237, 46, 150, 224, 147, 79, 27, 124, 108, 0]
Volume: 4.9612
Cost: 4453
Route: [0, 214, 200, 152, 96, 16, 52, 220, 50, 76, 179, 35, 81, 198, 247, 246, 164, 5, 177, 91, 109, 107, 0]
Volume: 4.4521
Cost: 4983
Route: [0, 13, 85, 207, 77, 112, 159, 121, 203, 171, 42, 195, 188, 208, 17, 4, 191, 39, 64, 233, 0]
Volume: 4.739
Cost: 3956
Route: [0, 225, 38, 235, 122, 14, 215, 165, 136, 62, 137, 114, 44, 98, 90, 145, 101, 132, 189, 223, 20, 142, 69, 190, 100, 0]
Volume: 4.7301
Cost: 6017
Route: [0, 211, 72, 206, 169, 10, 111, 15, 173, 168, 57, 244, 146, 19, 140, 45, 0]
Volume: 4.8632
Cost: 6641
Route: [0, 162, 236, 213, 25, 210, 73, 209, 3, 49, 48, 212, 170, 8, 55, 249, 149, 192, 37, 243, 94, 245, 87, 197, 0]
Volume: 4.888
Cost: 6255
Route: [0, 139, 110, 29, 221, 186, 187, 175, 40, 163, 47, 180, 102, 33, 11, 238, 156, 240, 88, 181, 123, 0]
Volume: 4.7501
Cost: 5647
