OFV: 74987.0

Route: [0, 29, 12, 125, 191, 122, 225, 222, 209, 119, 0]
Volume: 4.892
Cost: 3509
Route: [0, 71, 184, 190, 7, 126, 248, 108, 27, 123, 25, 59, 0]
Volume: 4.9881
Cost: 3474
Route: [0, 221, 17, 57, 91, 207, 175, 233, 148, 111, 94, 106, 0]
Volume: 4.874
Cost: 2507
Route: [0, 129, 210, 93, 121, 241, 72, 110, 177, 0]
Volume: 4.4901
Cost: 2026
Route: [0, 120, 23, 247, 69, 44, 50, 30, 217, 167, 176, 200, 231, 9, 218, 172, 0]
Volume: 4.9141
Cost: 2261
Route: [0, 80, 205, 243, 79, 58, 117, 232, 188, 166, 115, 164, 0]
Volume: 4.962
Cost: 3842
Route: [0, 212, 244, 226, 109, 48, 5, 42, 146, 124, 0]
Volume: 4.806
Cost: 3600
Route: [0, 214, 162, 18, 249, 11, 0]
Volume: 4.96
Cost: 3032
Route: [0, 171, 128, 199, 230, 161, 0]
Volume: 3.216
Cost: 487
Route: [0, 78, 150, 34, 39, 98, 228, 84, 24, 174, 0]
Volume: 4.918
Cost: 1890
Route: [0, 96, 169, 149, 37, 116, 159, 85, 41, 143, 101, 0]
Volume: 4.768
Cost: 2503
Route: [0, 77, 134, 75, 3, 173, 246, 187, 22, 142, 203, 63, 112, 0]
Volume: 4.968
Cost: 3393
Route: [0, 33, 132, 10, 105, 144, 16, 21, 0]
Volume: 4.642
Cost: 2318
Route: [0, 92, 131, 196, 87, 160, 53, 19, 194, 202, 70, 0]
Volume: 4.912
Cost: 1359
Route: [0, 15, 192, 114, 82, 66, 38, 178, 220, 0]
Volume: 4.898
Cost: 2844
Route: [0, 8, 236, 229, 46, 201, 20, 227, 0]
Volume: 4.9321
Cost: 2614
Route: [0, 83, 135, 13, 140, 152, 97, 208, 213, 62, 136, 0]
Volume: 4.89
Cost: 2357
Route: [0, 103, 156, 67, 107, 127, 157, 133, 0]
Volume: 4.942
Cost: 1027
Route: [0, 239, 238, 185, 51, 0]
Volume: 4.938
Cost: 1709
Route: [0, 73, 35, 64, 56, 130, 206, 223, 138, 68, 0]
Volume: 4.872
Cost: 2708
Route: [0, 193, 118, 186, 147, 242, 145, 240, 0]
Volume: 4.83
Cost: 2548
Route: [0, 137, 139, 88, 60, 141, 211, 47, 0]
Volume: 4.636
Cost: 2377
Route: [0, 28, 74, 81, 180, 36, 40, 168, 204, 0]
Volume: 4.91
Cost: 2371
Route: [0, 49, 113, 102, 31, 195, 2, 219, 165, 0]
Volume: 4.814
Cost: 2277
Route: [0, 224, 45, 43, 198, 234, 245, 179, 65, 189, 0]
Volume: 4.872
Cost: 3448
Route: [0, 14, 32, 151, 155, 89, 197, 6, 235, 181, 55, 104, 153, 54, 0]
Volume: 4.566
Cost: 4046
Route: [0, 52, 215, 1, 76, 90, 100, 4, 216, 154, 170, 61, 237, 158, 0]
Volume: 4.628
Cost: 5211
Route: [0, 86, 95, 163, 26, 99, 183, 182, 0]
Volume: 4.82
Cost: 3249
