OFV: 427420.0

Route: [0, 48, 195, 241, 140, 238, 190, 181, 26, 214, 108, 245, 5, 24, 228, 100, 155, 129, 237, 178, 236, 111, 101, 187, 21, 27, 193, 7, 130, 216, 114, 86, 176, 233, 33, 184, 109, 188, 158, 15, 54, 41, 162, 0]
Volume: 12.2512
Cost: 68511
Route: [0, 134, 112, 136, 1, 28, 169, 98, 170, 240, 121, 20, 64, 56, 230, 94, 97, 226, 122, 137, 39, 227, 191, 174, 234, 123, 117, 163, 76, 103, 72, 19, 93, 244, 96, 115, 141, 80, 154, 25, 183, 113, 12, 18, 133, 128, 235, 151, 173, 42, 196, 152, 75, 180, 239, 95, 3, 11, 38, 138, 51, 36, 0]
Volume: 12.4711
Cost: 127412
Route: [0, 79, 139, 73, 90, 199, 177, 220, 206, 167, 23, 74, 132, 145, 218, 63, 127, 107, 92, 242, 175, 99, 68, 83, 126, 211, 60, 164, 161, 246, 249, 6, 84, 50, 168, 45, 4, 135, 85, 53, 46, 88, 205, 124, 0]
Volume: 11.617
Cost: 60873
Route: [0, 225, 229, 144, 243, 204, 47, 125, 52, 44, 49, 2, 148, 8, 185, 81, 194, 71, 248, 82, 192, 119, 165, 16, 78, 142, 223, 224, 31, 58, 222, 213, 131, 57, 171, 29, 247, 32, 209, 55, 120, 210, 37, 231, 201, 110, 143, 70, 91, 22, 150, 104, 105, 9, 197, 67, 182, 207, 215, 156, 0]
Volume: 12.2311
Cost: 99439
Route: [0, 10, 159, 40, 219, 102, 212, 77, 203, 186, 202, 43, 59, 160, 89, 166, 30, 221, 61, 157, 87, 147, 153, 179, 106, 189, 17, 34, 217, 198, 232, 65, 200, 14, 69, 146, 62, 35, 208, 149, 66, 116, 172, 13, 118, 0]
Volume: 11.9061
Cost: 71185
