OFV: 529780.0

Route: [0, 136, 2, 154, 16, 168, 204, 0]
Volume: 4.24
Cost: 10022
Route: [0, 186, 80, 77, 101, 43, 69, 20, 14, 178, 146, 74, 97, 193, 230, 239, 247, 26, 108, 0]
Volume: 12.482
Cost: 34966
Route: [0, 106, 199, 245, 89, 151, 173, 177, 222, 234, 202, 59, 179, 54, 3, 135, 35, 112, 85, 0]
Volume: 12.496
Cost: 51675
Route: [0, 211, 107, 27, 223, 246, 130, 41, 183, 137, 109, 102, 117, 67, 44, 208, 185, 118, 63, 62, 51, 1, 96, 188, 56, 0]
Volume: 12.08
Cost: 42207
Route: [0, 58, 60, 12, 121, 82, 11, 6, 78, 237, 143, 153, 187, 221, 166, 126, 40, 132, 34, 160, 113, 167, 225, 120, 194, 134, 61, 233, 240, 0]
Volume: 12.4839
Cost: 50243
Route: [0, 49, 88, 75, 29, 189, 37, 157, 227, 95, 68, 141, 164, 191, 125, 224, 232, 30, 47, 170, 114, 0]
Volume: 12.4701
Cost: 42769
Route: [0, 229, 142, 213, 13, 217, 124, 57, 192, 99, 162, 64, 220, 212, 131, 144, 249, 71, 122, 235, 73, 9, 197, 81, 150, 236, 0]
Volume: 12.3902
Cost: 48723
Route: [0, 133, 138, 128, 201, 22, 129, 210, 72, 156, 4, 219, 139, 104, 206, 15, 7, 169, 87, 145, 248, 241, 165, 182, 176, 18, 214, 205, 148, 92, 196, 242, 0]
Volume: 12.3979
Cost: 60854
Route: [0, 36, 21, 152, 218, 180, 155, 70, 149, 90, 119, 115, 171, 147, 31, 216, 231, 91, 110, 174, 243, 98, 83, 123, 53, 105, 94, 23, 46, 19, 198, 195, 0]
Volume: 12.452
Cost: 72285
Route: [0, 116, 84, 93, 226, 79, 86, 161, 48, 140, 76, 10, 100, 38, 45, 163, 24, 33, 184, 42, 5, 228, 207, 175, 55, 209, 28, 52, 0]
Volume: 12.41
Cost: 74531
Route: [0, 103, 111, 127, 172, 190, 66, 32, 203, 238, 65, 244, 181, 17, 39, 158, 200, 215, 50, 159, 8, 25, 0]
Volume: 12.4761
Cost: 41505
