OFV: 46701.0

Route: [0, 162, 248, 164, 68, 99, 212, 168, 233, 56, 231, 184, 135, 62, 37, 116, 5, 60, 101, 223, 240, 138, 112, 219, 165, 217, 147, 198, 1, 167, 96, 77, 194, 31, 133, 39, 206, 169, 0]
Volume: 8.155
Cost: 5545
Route: [0, 238, 75, 19, 197, 10, 9, 131, 221, 69, 235, 139, 182, 166, 11, 209, 42, 210, 53, 132, 149, 22, 17, 79, 27, 199, 148, 173, 246, 66, 249, 136, 23, 203, 213, 87, 103, 170, 234, 191, 50, 47, 171, 70, 0]
Volume: 11.759
Cost: 6525
Route: [0, 82, 92, 192, 155, 114, 163, 172, 243, 208, 58, 108, 84, 174, 228, 21, 189, 214, 20, 46, 180, 40, 195, 110, 4, 242, 207, 176, 193, 48, 13, 205, 98, 117, 83, 0]
Volume: 9.55
Cost: 7397
Route: [0, 36, 237, 200, 25, 73, 158, 156, 41, 161, 183, 85, 121, 216, 122, 93, 224, 245, 105, 159, 15, 7, 241, 35, 151, 38, 107, 44, 74, 18, 94, 144, 45, 143, 100, 152, 179, 153, 185, 59, 137, 129, 3, 196, 30, 0]
Volume: 11.3972
Cost: 7638
Route: [0, 125, 142, 120, 90, 34, 150, 54, 130, 236, 141, 127, 181, 124, 160, 123, 220, 12, 104, 128, 202, 232, 175, 57, 8, 134, 113, 16, 177, 2, 6, 247, 43, 14, 24, 32, 91, 81, 71, 157, 118, 65, 0]
Volume: 10.5701
Cost: 9898
Route: [0, 109, 218, 186, 97, 239, 226, 154, 222, 89, 33, 111, 52, 76, 102, 55, 225, 146, 106, 215, 188, 244, 126, 51, 63, 211, 80, 67, 190, 229, 140, 230, 227, 86, 95, 88, 204, 119, 178, 115, 49, 145, 78, 187, 201, 26, 72, 29, 61, 64, 28, 0]
Volume: 11.43
Cost: 9698
