OFV: 34578.0

Route: [0, 51, 44, 47, 39, 92, 27, 86, 64, 93, 55, 14, 4, 52, 68, 41, 98, 28, 0]
Volume: 2.3875
Cost: 7539
Route: [0, 87, 59, 18, 88, 72, 15, 69, 40, 53, 26, 12, 54, 82, 78, 49, 60, 74, 66, 24, 89, 84, 97, 20, 3, 36, 2, 25, 95, 75, 61, 9, 76, 31, 81, 0]
Volume: 4.3172
Cost: 11697
Route: [0, 56, 99, 33, 10, 46, 32, 1, 85, 6, 34, 8, 58, 50, 62, 35, 13, 17, 79, 57, 96, 38, 37, 21, 71, 22, 30, 83, 63, 67, 23, 48, 7, 5, 43, 94, 91, 29, 19, 90, 73, 70, 11, 80, 77, 65, 42, 45, 16, 0]
Volume: 4.69
Cost: 15342
