OFV: 25993.0

Route: [0, 77, 37, 30, 92, 28, 66, 20, 3, 46, 63, 65, 11, 41, 94, 17, 14, 0]
Volume: 4.742
Cost: 3727
Route: [0, 59, 19, 44, 47, 80, 26, 83, 7, 96, 67, 57, 93, 91, 0]
Volume: 4.6721
Cost: 2748
Route: [0, 12, 0]
Volume: 1.28
Cost: 63
Route: [0, 55, 95, 50, 71, 72, 8, 84, 99, 13, 0]
Volume: 4.856
Cost: 3428
Route: [0, 33, 31, 35, 73, 10, 34, 0]
Volume: 4.786
Cost: 2604
Route: [0, 51, 42, 25, 89, 82, 43, 54, 32, 0]
Volume: 4.5561
Cost: 2842
Route: [0, 75, 70, 38, 98, 48, 0]
Volume: 4.96
Cost: 2052
Route: [0, 69, 24, 81, 97, 56, 88, 64, 90, 18, 16, 39, 36, 58, 23, 0]
Volume: 4.8221
Cost: 3590
Route: [0, 1, 6, 87, 86, 74, 15, 29, 40, 61, 0]
Volume: 4.44
Cost: 2457
Route: [0, 52, 85, 5, 62, 76, 9, 79, 0]
Volume: 4.64
Cost: 951
Route: [0, 68, 78, 45, 4, 60, 22, 27, 21, 49, 53, 2, 0]
Volume: 4.86
Cost: 1531
