OFV: 64653.0

Route: [0, 423, 477, 115, 231, 63, 457, 10, 130, 430, 129, 462, 60, 122, 38, 281, 482, 295, 451, 22, 442, 438, 254, 291, 35, 486, 277, 372, 0]
Volume: 12.3341
Cost: 3376
Route: [0, 197, 195, 123, 170, 360, 180, 496, 311, 431, 261, 458, 259, 169, 422, 117, 91, 159, 283, 257, 31, 223, 456, 215, 0]
Volume: 12.2904
Cost: 2762
Route: [0, 52, 300, 363, 184, 90, 70, 135, 146, 110, 488, 47, 461, 403, 136, 463, 107, 413, 138, 178, 359, 59, 0]
Volume: 11.618
Cost: 2489
Route: [0, 406, 9, 401, 483, 353, 20, 143, 494, 460, 93, 216, 209, 435, 16, 109, 0]
Volume: 9.236
Cost: 2884
Route: [0, 447, 487, 330, 76, 233, 19, 196, 151, 49, 357, 373, 247, 245, 155, 15, 238, 469, 346, 80, 242, 154, 0]
Volume: 11.476
Cost: 2756
Route: [0, 199, 14, 246, 418, 207, 354, 82, 220, 323, 308, 464, 351, 102, 78, 236, 125, 467, 156, 282, 194, 348, 286, 344, 205, 201, 440, 0]
Volume: 11.5601
Cost: 2740
Route: [0, 333, 470, 475, 481, 128, 193, 92, 292, 149, 327, 332, 69, 335, 211, 104, 321, 304, 285, 324, 85, 0]
Volume: 12.138
Cost: 2597
Route: [0, 165, 385, 364, 161, 71, 492, 396, 497, 74, 61, 338, 358, 337, 386, 284, 301, 313, 243, 0]
Volume: 10.184
Cost: 4253
Route: [0, 369, 86, 322, 48, 203, 485, 419, 204, 179, 191, 94, 229, 476, 141, 175, 365, 437, 429, 445, 13, 390, 239, 0]
Volume: 11.752
Cost: 2746
Route: [0, 120, 412, 55, 200, 479, 249, 393, 267, 399, 2, 495, 394, 268, 274, 367, 164, 472, 46, 465, 263, 119, 345, 79, 98, 0]
Volume: 12.4519
Cost: 2639
Route: [0, 5, 147, 380, 39, 448, 264, 227, 375, 405, 27, 222, 449, 484, 342, 347, 326, 426, 162, 355, 307, 182, 21, 279, 167, 183, 0]
Volume: 12.0563
Cost: 2532
Route: [0, 134, 202, 377, 414, 172, 329, 446, 384, 121, 288, 152, 341, 17, 416, 212, 409, 444, 100, 0]
Volume: 9.052
Cost: 2239
Route: [0, 103, 44, 116, 173, 210, 490, 217, 11, 7, 459, 144, 50, 316, 450, 400, 57, 366, 0]
Volume: 12.276
Cost: 2729
Route: [0, 114, 160, 280, 166, 157, 251, 224, 491, 68, 294, 255, 53, 45, 153, 4, 303, 186, 106, 198, 376, 6, 417, 250, 105, 436, 0]
Volume: 12.212
Cost: 3167
Route: [0, 374, 424, 84, 427, 305, 218, 287, 382, 168, 466, 127, 171, 8, 28, 252, 228, 65, 95, 0]
Volume: 12.066
Cost: 2860
Route: [0, 336, 88, 480, 361, 388, 392, 383, 42, 368, 278, 471, 66, 434, 453, 150, 26, 32, 226, 452, 192, 190, 315, 272, 389, 404, 362, 12, 0]
Volume: 11.554
Cost: 2447
Route: [0, 415, 262, 3, 64, 273, 395, 314, 56, 248, 174, 221, 270, 43, 131, 352, 290, 293, 325, 381, 75, 0]
Volume: 12.27
Cost: 2600
Route: [0, 387, 428, 96, 269, 378, 81, 41, 473, 489, 23, 478, 410, 54, 309, 208, 177, 339, 145, 112, 356, 51, 439, 234, 0]
Volume: 10.9301
Cost: 2691
Route: [0, 77, 87, 235, 397, 425, 72, 340, 402, 67, 133, 334, 266, 276, 18, 493, 317, 299, 432, 411, 101, 350, 275, 0]
Volume: 11.44
Cost: 2791
Route: [0, 343, 89, 214, 443, 379, 433, 498, 181, 391, 73, 244, 176, 310, 289, 258, 318, 34, 240, 256, 225, 219, 271, 296, 187, 320, 398, 230, 420, 0]
Volume: 11.9041
Cost: 2306
Route: [0, 124, 499, 30, 126, 137, 408, 36, 319, 140, 139, 24, 260, 189, 62, 206, 37, 306, 0]
Volume: 10.8661
Cost: 2401
Route: [0, 455, 188, 185, 25, 99, 83, 302, 232, 370, 312, 213, 441, 454, 297, 33, 371, 29, 132, 474, 253, 111, 421, 1, 0]
Volume: 11.5841
Cost: 2741
Route: [0, 468, 58, 163, 241, 40, 158, 328, 265, 97, 407, 148, 349, 113, 142, 331, 118, 298, 237, 108, 0]
Volume: 12.342
Cost: 3907
