OFV: 22497.0

Route: [0, 34, 54, 16, 22, 67, 3, 29, 5, 58, 97, 90, 49, 15, 53, 6, 57, 96, 4, 56, 25, 21, 39, 98, 75, 99, 1, 59, 12, 94, 0]
Volume: 4.3548
Cost: 5011
Route: [0, 63, 40, 8, 45, 86, 91, 52, 27, 7, 38, 93, 48, 95, 36, 50, 74, 51, 55, 61, 24, 92, 66, 35, 82, 46, 28, 69, 37, 83, 88, 89, 70, 73, 0]
Volume: 3.397
Cost: 9344
Route: [0, 30, 44, 31, 77, 11, 20, 81, 9, 32, 87, 43, 23, 65, 42, 41, 79, 13, 47, 10, 33, 19, 2, 80, 78, 18, 72, 68, 17, 60, 26, 71, 76, 62, 14, 84, 64, 85, 0]
Volume: 4.5776
Cost: 8142
