OFV: 166930.0

Route: [0, 380, 83, 200, 307, 141, 363, 274, 253, 0]
Volume: 4.854
Cost: 3208
Route: [0, 82, 429, 190, 385, 388, 43, 78, 370, 0]
Volume: 4.912
Cost: 2941
Route: [0, 411, 104, 409, 466, 305, 342, 488, 346, 90, 0]
Volume: 4.958
Cost: 2554
Route: [0, 350, 225, 246, 265, 137, 124, 97, 30, 482, 0]
Volume: 4.8661
Cost: 2928
Route: [0, 198, 158, 446, 48, 462, 493, 332, 437, 100, 0]
Volume: 4.846
Cost: 4453
Route: [0, 281, 173, 79, 249, 60, 406, 343, 276, 306, 444, 234, 0]
Volume: 4.95
Cost: 3615
Route: [0, 480, 93, 483, 215, 375, 377, 259, 287, 142, 244, 425, 360, 0]
Volume: 4.906
Cost: 4273
Route: [0, 152, 46, 463, 212, 26, 0]
Volume: 4.998
Cost: 2181
Route: [0, 196, 216, 85, 266, 262, 442, 72, 0]
Volume: 4.892
Cost: 2203
Route: [0, 469, 319, 470, 96, 398, 69, 6, 172, 0]
Volume: 4.842
Cost: 2370
Route: [0, 303, 189, 420, 458, 410, 155, 218, 231, 0]
Volume: 4.4839
Cost: 3547
Route: [0, 17, 248, 32, 314, 55, 489, 355, 75, 179, 295, 315, 250, 0]
Volume: 4.992
Cost: 4515
Route: [0, 345, 412, 101, 143, 361, 20, 267, 25, 125, 331, 474, 450, 38, 118, 0]
Volume: 4.9941
Cost: 3988
Route: [0, 258, 130, 94, 237, 293, 419, 327, 432, 21, 0]
Volume: 4.966
Cost: 2832
Route: [0, 367, 423, 495, 163, 317, 0]
Volume: 4.956
Cost: 3195
Route: [0, 136, 289, 105, 240, 255, 402, 0]
Volume: 3.2281
Cost: 1094
Route: [0, 452, 310, 428, 485, 80, 336, 468, 54, 181, 0]
Volume: 4.938
Cost: 3792
Route: [0, 300, 376, 42, 426, 128, 159, 322, 0]
Volume: 4.972
Cost: 3081
Route: [0, 381, 407, 478, 301, 64, 192, 318, 140, 455, 205, 0]
Volume: 4.986
Cost: 3084
Route: [0, 484, 63, 62, 291, 106, 453, 167, 252, 0]
Volume: 4.926
Cost: 2506
Route: [0, 430, 438, 115, 347, 486, 50, 434, 214, 177, 0]
Volume: 4.9821
Cost: 4082
Route: [0, 443, 418, 107, 49, 12, 120, 193, 5, 0]
Volume: 4.372
Cost: 1745
Route: [0, 308, 230, 7, 236, 498, 352, 354, 166, 11, 213, 0]
Volume: 4.9921
Cost: 2603
Route: [0, 84, 321, 494, 22, 447, 297, 431, 204, 358, 2, 194, 0]
Volume: 4.938
Cost: 4507
Route: [0, 219, 169, 229, 182, 211, 19, 362, 299, 445, 369, 382, 0]
Volume: 4.894
Cost: 3567
Route: [0, 239, 467, 323, 349, 243, 197, 108, 235, 0]
Volume: 4.694
Cost: 4350
Route: [0, 313, 403, 456, 221, 465, 147, 326, 422, 333, 103, 0]
Volume: 4.9959
Cost: 3357
Route: [0, 175, 56, 41, 481, 427, 116, 199, 383, 168, 0]
Volume: 4.978
Cost: 3121
Route: [0, 357, 111, 404, 335, 53, 233, 0]
Volume: 4.866
Cost: 3189
Route: [0, 176, 441, 139, 102, 459, 272, 277, 201, 67, 13, 3, 247, 401, 187, 0]
Volume: 4.77
Cost: 2434
Route: [0, 227, 359, 170, 207, 341, 202, 294, 34, 37, 364, 476, 0]
Volume: 4.992
Cost: 2879
Route: [0, 439, 348, 242, 487, 471, 389, 368, 302, 275, 117, 238, 0]
Volume: 4.556
Cost: 3825
Route: [0, 292, 312, 65, 329, 344, 36, 92, 497, 149, 148, 278, 0]
Volume: 4.852
Cost: 3451
Route: [0, 264, 270, 499, 288, 268, 45, 285, 18, 121, 320, 127, 161, 87, 413, 365, 0]
Volume: 4.9121
Cost: 3625
Route: [0, 309, 284, 330, 316, 68, 241, 417, 387, 256, 33, 366, 477, 0]
Volume: 4.966
Cost: 1382
Route: [0, 209, 73, 433, 146, 421, 325, 340, 449, 35, 39, 195, 44, 435, 373, 0]
Volume: 4.8422
Cost: 4762
Route: [0, 464, 86, 91, 66, 263, 164, 109, 273, 393, 10, 351, 47, 479, 0]
Volume: 4.856
Cost: 2583
Route: [0, 153, 245, 217, 414, 457, 129, 311, 416, 122, 304, 112, 371, 0]
Volume: 4.602
Cost: 4421
Route: [0, 440, 232, 384, 162, 408, 222, 451, 119, 0]
Volume: 4.96
Cost: 1926
Route: [0, 405, 461, 186, 386, 135, 114, 424, 23, 0]
Volume: 4.8961
Cost: 2118
Route: [0, 337, 183, 132, 279, 40, 113, 138, 4, 81, 171, 334, 123, 0]
Volume: 4.728
Cost: 4475
Route: [0, 269, 52, 490, 460, 174, 271, 224, 286, 57, 226, 324, 261, 0]
Volume: 4.8781
Cost: 4046
Route: [0, 353, 150, 208, 328, 379, 254, 448, 98, 185, 257, 223, 0]
Volume: 4.994
Cost: 4137
Route: [0, 391, 76, 88, 374, 472, 71, 0]
Volume: 4.976
Cost: 3936
Route: [0, 283, 1, 392, 251, 395, 415, 61, 145, 491, 338, 378, 131, 394, 473, 178, 157, 31, 260, 0]
Volume: 4.914
Cost: 4236
Route: [0, 203, 296, 339, 151, 59, 144, 0]
Volume: 4.832
Cost: 2865
Route: [0, 220, 436, 126, 372, 475, 89, 0]
Volume: 4.112
Cost: 2523
Route: [0, 70, 77, 95, 27, 99, 133, 492, 74, 154, 400, 51, 454, 0]
Volume: 4.938
Cost: 4112
Route: [0, 396, 8, 290, 160, 156, 399, 356, 496, 280, 0]
Volume: 4.86
Cost: 3288
Route: [0, 228, 165, 24, 180, 29, 210, 184, 58, 206, 110, 188, 298, 0]
Volume: 4.91
Cost: 3650
Route: [0, 390, 134, 282, 16, 191, 9, 28, 397, 15, 14, 0]
Volume: 4.416
Cost: 3375
