OFV: 45845.0

Route: [0, 124, 89, 36, 260, 319, 140, 139, 24, 137, 408, 189, 33, 371, 29, 132, 210, 173, 116, 123, 278, 212, 114, 160, 280, 0]
Volume: 3.2207
Cost: 2894
Route: [0, 336, 177, 290, 471, 67, 402, 95, 345, 98, 79, 47, 205, 201, 298, 32, 30, 300, 473, 54, 478, 489, 81, 96, 23, 378, 41, 410, 309, 269, 208, 91, 159, 164, 483, 353, 230, 183, 0]
Volume: 4.5855
Cost: 2276
Route: [0, 301, 284, 243, 313, 358, 386, 337, 55, 153, 257, 200, 363, 184, 90, 70, 135, 368, 322, 485, 203, 48, 302, 398, 499, 154, 0]
Volume: 4.687
Cost: 3636
Route: [0, 374, 424, 434, 197, 195, 146, 442, 198, 382, 425, 87, 234, 84, 486, 277, 291, 307, 162, 355, 9, 143, 188, 45, 152, 182, 21, 279, 237, 5, 100, 0]
Volume: 3.7906
Cost: 2601
Route: [0, 134, 147, 175, 365, 437, 429, 13, 445, 150, 191, 94, 476, 229, 470, 239, 452, 409, 248, 346, 80, 133, 314, 56, 35, 8, 228, 28, 252, 254, 432, 334, 299, 276, 317, 18, 493, 266, 411, 101, 490, 415, 420, 0]
Volume: 4.4246
Cost: 2527
Route: [0, 406, 343, 333, 14, 455, 419, 26, 181, 370, 312, 441, 213, 454, 297, 232, 125, 357, 49, 151, 196, 19, 44, 255, 68, 491, 294, 224, 251, 157, 166, 444, 108, 0]
Volume: 4.4968
Cost: 2679
Route: [0, 369, 37, 498, 223, 53, 247, 245, 350, 77, 102, 274, 393, 399, 2, 367, 267, 268, 394, 495, 73, 217, 11, 7, 320, 185, 25, 138, 403, 136, 463, 107, 461, 178, 413, 352, 59, 0]
Volume: 4.6645
Cost: 2525
Route: [0, 52, 242, 339, 145, 112, 356, 51, 43, 366, 179, 66, 477, 340, 439, 466, 168, 127, 293, 235, 397, 438, 376, 186, 427, 218, 305, 287, 17, 416, 324, 174, 221, 270, 171, 275, 0]
Volume: 3.8387
Cost: 3029
Route: [0, 199, 88, 15, 238, 249, 453, 22, 347, 326, 342, 484, 449, 222, 27, 405, 227, 375, 39, 264, 380, 448, 4, 422, 117, 283, 446, 172, 329, 377, 414, 202, 440, 0]
Volume: 4.313
Cost: 2678
Route: [0, 120, 428, 131, 459, 259, 458, 261, 180, 360, 170, 311, 431, 496, 62, 341, 316, 379, 126, 450, 400, 467, 156, 282, 194, 348, 286, 494, 460, 93, 216, 209, 435, 16, 109, 0]
Volume: 4.0416
Cost: 3317
Route: [0, 387, 412, 481, 475, 128, 292, 193, 92, 149, 327, 332, 285, 304, 211, 335, 104, 321, 69, 443, 244, 176, 310, 289, 219, 318, 258, 34, 240, 271, 225, 256, 381, 330, 487, 447, 76, 0]
Volume: 4.787
Cost: 2813
Route: [0, 404, 12, 272, 389, 362, 315, 71, 161, 364, 492, 396, 497, 74, 61, 385, 165, 338, 401, 253, 78, 236, 141, 144, 50, 433, 246, 418, 323, 220, 82, 354, 207, 351, 308, 464, 359, 306, 0]
Volume: 4.5415
Cost: 4754
Route: [0, 105, 436, 250, 75, 233, 325, 417, 106, 6, 155, 482, 295, 451, 469, 85, 423, 426, 303, 65, 115, 231, 63, 457, 10, 130, 430, 129, 462, 60, 122, 38, 281, 167, 111, 421, 1, 0]
Volume: 4.7895
Cost: 3403
Route: [0, 103, 119, 204, 262, 110, 488, 344, 474, 226, 86, 479, 395, 3, 64, 273, 57, 214, 20, 391, 296, 83, 99, 192, 190, 390, 263, 472, 465, 46, 31, 187, 72, 372, 0]
Volume: 4.6475
Cost: 2863
Route: [0, 468, 58, 158, 163, 40, 241, 328, 97, 407, 265, 148, 118, 113, 331, 349, 142, 169, 121, 288, 373, 206, 384, 480, 361, 388, 42, 383, 392, 456, 215, 0]
Volume: 4.173
Cost: 3850
