OFV: 24777.0

Route: [0, 167, 195, 129, 18, 94, 141, 192, 17, 178, 168, 88, 82, 39, 65, 249, 136, 111, 109, 163, 237, 72, 196, 106, 166, 213, 63, 177, 21, 50, 43, 208, 4, 155, 248, 227, 55, 150, 226, 58, 115, 78, 225, 122, 52, 98, 84, 3, 22, 87, 91, 40, 70, 74, 200, 197, 60, 29, 217, 151, 147, 7, 59, 149, 243, 96, 108, 157, 228, 222, 12, 42, 146, 2, 131, 143, 120, 191, 125, 148, 216, 220, 234, 246, 205, 0]
Volume: 10.7516
Cost: 8603
Route: [0, 201, 97, 83, 211, 241, 247, 121, 105, 137, 49, 142, 244, 181, 117, 15, 240, 114, 145, 138, 89, 85, 99, 20, 41, 154, 152, 134, 198, 233, 193, 164, 95, 10, 34, 202, 188, 33, 28, 51, 215, 204, 160, 54, 5, 170, 11, 31, 30, 48, 194, 135, 13, 186, 93, 118, 180, 66, 104, 130, 229, 1, 103, 101, 123, 92, 185, 67, 183, 19, 169, 179, 175, 239, 116, 23, 0]
Volume: 8.8897
Cost: 7190
Route: [0, 224, 133, 156, 68, 112, 75, 212, 127, 139, 199, 61, 57, 37, 174, 231, 235, 69, 189, 62, 128, 86, 79, 184, 80, 232, 76, 38, 110, 126, 9, 242, 206, 207, 214, 219, 44, 27, 25, 100, 107, 203, 245, 153, 173, 158, 182, 187, 77, 172, 8, 71, 218, 124, 161, 14, 176, 73, 35, 238, 53, 132, 221, 81, 171, 47, 162, 223, 144, 6, 236, 113, 26, 210, 36, 159, 90, 165, 230, 16, 64, 209, 140, 45, 102, 119, 24, 46, 190, 32, 56, 0]
Volume: 11.6753
Cost: 8984
