OFV: 61256.0

Route: [0, 36, 73, 69, 200, 181, 150, 209, 169, 141, 60, 0]
Volume: 4.892
Cost: 2572
Route: [0, 84, 121, 186, 197, 118, 161, 136, 139, 108, 49, 131, 0]
Volume: 4.994
Cost: 2140
Route: [0, 65, 28, 162, 15, 146, 11, 220, 75, 244, 190, 0]
Volume: 4.774
Cost: 2902
Route: [0, 22, 124, 219, 235, 228, 242, 23, 230, 210, 35, 0]
Volume: 4.76
Cost: 3583
Route: [0, 38, 128, 67, 202, 92, 239, 204, 56, 0]
Volume: 4.6201
Cost: 2116
Route: [0, 27, 226, 170, 227, 68, 32, 109, 57, 39, 103, 188, 183, 77, 201, 249, 0]
Volume: 4.454
Cost: 3875
Route: [0, 195, 96, 34, 122, 233, 221, 208, 214, 160, 140, 16, 0]
Volume: 4.846
Cost: 3874
Route: [0, 53, 104, 120, 13, 62, 58, 112, 0]
Volume: 4.89
Cost: 2508
Route: [0, 30, 76, 198, 55, 116, 135, 100, 33, 247, 63, 0]
Volume: 4.87
Cost: 1832
Route: [0, 241, 177, 223, 215, 165, 107, 0]
Volume: 3.0661
Cost: 1601
Route: [0, 163, 29, 212, 185, 207, 203, 5, 0]
Volume: 4.98
Cost: 2343
Route: [0, 192, 91, 178, 79, 82, 196, 114, 18, 231, 168, 133, 0]
Volume: 4.9959
Cost: 1781
Route: [0, 127, 217, 113, 86, 45, 42, 0]
Volume: 4.312
Cost: 1737
Route: [0, 3, 95, 175, 61, 31, 213, 70, 193, 0]
Volume: 4.874
Cost: 3723
Route: [0, 174, 117, 234, 182, 167, 216, 89, 176, 93, 2, 172, 85, 224, 179, 72, 0]
Volume: 4.8121
Cost: 3231
Route: [0, 248, 40, 123, 98, 157, 171, 87, 229, 206, 6, 125, 83, 211, 44, 148, 126, 0]
Volume: 4.968
Cost: 3201
Route: [0, 50, 246, 59, 12, 137, 199, 194, 144, 20, 205, 1, 191, 225, 143, 47, 130, 0]
Volume: 4.8461
Cost: 2077
Route: [0, 145, 147, 237, 180, 189, 80, 26, 218, 66, 111, 155, 41, 0]
Volume: 4.996
Cost: 3049
Route: [0, 48, 158, 24, 151, 159, 4, 52, 106, 102, 90, 37, 184, 232, 25, 115, 138, 0]
Volume: 4.838
Cost: 4359
Route: [0, 8, 43, 236, 21, 166, 51, 71, 78, 134, 9, 243, 88, 0]
Volume: 4.456
Cost: 1811
Route: [0, 154, 54, 132, 240, 64, 74, 97, 46, 142, 14, 10, 7, 0]
Volume: 4.89
Cost: 1410
Route: [0, 222, 110, 238, 81, 173, 17, 105, 156, 187, 101, 152, 19, 153, 0]
Volume: 4.916
Cost: 3650
Route: [0, 119, 164, 129, 245, 99, 94, 149, 0]
Volume: 4.694
Cost: 1881
