OFV: 108139.0

Route: [0, 2, 89, 97, 90, 12, 65, 79, 52, 0]
Volume: 4.92
Cost: 12832
Route: [0, 58, 10, 6, 73, 47, 53, 22, 63, 0]
Volume: 3.6822
Cost: 9304
Route: [0, 88, 35, 1, 44, 76, 72, 26, 94, 0]
Volume: 4.942
Cost: 7054
Route: [0, 19, 61, 84, 51, 15, 23, 29, 56, 27, 0]
Volume: 4.998
Cost: 9379
Route: [0, 69, 98, 30, 71, 0]
Volume: 3.058
Cost: 4514
Route: [0, 59, 3, 75, 28, 16, 17, 13, 96, 39, 0]
Volume: 4.6
Cost: 18511
Route: [0, 81, 77, 18, 25, 4, 82, 70, 78, 0]
Volume: 4.9921
Cost: 6075
Route: [0, 33, 5, 74, 54, 43, 40, 68, 8, 41, 0]
Volume: 4.9
Cost: 9206
Route: [0, 87, 67, 31, 86, 46, 93, 37, 85, 80, 36, 50, 32, 0]
Volume: 4.888
Cost: 10161
Route: [0, 99, 55, 42, 62, 7, 91, 57, 24, 9, 0]
Volume: 4.858
Cost: 5680
Route: [0, 83, 66, 14, 38, 11, 92, 48, 0]
Volume: 3.83
Cost: 6882
Route: [0, 21, 60, 20, 45, 34, 64, 49, 95, 0]
Volume: 4.58
Cost: 8541
