OFV: 114894.0

Route: [0, 307, 489, 494, 440, 133, 9, 456, 115, 395, 291, 167, 420, 169, 14, 235, 193, 240, 372, 147, 130, 381, 231, 191, 334, 166, 444, 205, 0]
Volume: 10.4341
Cost: 6132
Route: [0, 90, 170, 286, 371, 196, 129, 161, 314, 329, 118, 234, 376, 204, 214, 49, 410, 57, 471, 432, 154, 2, 259, 386, 430, 363, 99, 284, 203, 356, 210, 338, 80, 0]
Volume: 12.05
Cost: 5334
Route: [0, 241, 355, 384, 174, 101, 297, 96, 221, 7, 459, 366, 469, 478, 91, 265, 134, 123, 407, 0]
Volume: 8.098
Cost: 4069
Route: [0, 423, 481, 480, 180, 397, 212, 350, 296, 10, 383, 105, 26, 441, 476, 74, 394, 178, 60, 295, 63, 188, 45, 493, 419, 422, 497, 184, 28, 387, 200, 479, 27, 113, 0]
Volume: 12.5
Cost: 7496
Route: [0, 225, 340, 282, 21, 253, 362, 302, 155, 19, 82, 379, 304, 85, 217, 64, 453, 426, 29, 16, 15, 116, 42, 39, 477, 135, 249, 38, 95, 301, 0]
Volume: 10.634
Cost: 7988
Route: [0, 290, 144, 102, 245, 72, 484, 151, 22, 392, 202, 299, 288, 138, 34, 114, 369, 326, 159, 254, 279, 434, 224, 0]
Volume: 12.262
Cost: 4654
Route: [0, 357, 208, 17, 119, 431, 229, 31, 247, 230, 343, 149, 421, 106, 182, 136, 341, 100, 18, 186, 0]
Volume: 10.7561
Cost: 5215
Route: [0, 360, 251, 451, 447, 62, 263, 271, 346, 103, 401, 4, 242, 198, 226, 252, 126, 156, 84, 92, 461, 402, 446, 330, 158, 0]
Volume: 12.436
Cost: 5766
Route: [0, 358, 53, 76, 165, 183, 87, 483, 308, 309, 36, 43, 215, 413, 75, 220, 83, 65, 179, 458, 121, 77, 109, 339, 0]
Volume: 12.0581
Cost: 3988
Route: [0, 375, 68, 352, 390, 378, 66, 194, 388, 37, 54, 498, 283, 227, 177, 364, 455, 176, 306, 278, 280, 470, 181, 3, 342, 409, 244, 287, 418, 0]
Volume: 11.4502
Cost: 6152
Route: [0, 33, 157, 104, 268, 345, 491, 112, 261, 256, 0]
Volume: 7.956
Cost: 2848
Route: [0, 260, 385, 448, 124, 79, 1, 457, 164, 374, 51, 218, 324, 110, 47, 391, 206, 237, 332, 192, 486, 175, 463, 150, 317, 238, 313, 233, 0]
Volume: 11.722
Cost: 7877
Route: [0, 404, 264, 122, 382, 262, 354, 35, 46, 305, 473, 257, 93, 146, 292, 255, 303, 435, 438, 142, 414, 348, 361, 370, 436, 368, 107, 0]
Volume: 12.4221
Cost: 5726
Route: [0, 442, 400, 406, 187, 467, 310, 190, 89, 189, 269, 416, 465, 462, 59, 398, 492, 6, 56, 213, 172, 300, 185, 258, 55, 450, 319, 0]
Volume: 12.3322
Cost: 4409
Route: [0, 496, 50, 408, 344, 429, 485, 243, 131, 48, 246, 98, 44, 58, 403, 321, 323, 24, 94, 464, 396, 272, 197, 333, 281, 78, 41, 285, 405, 318, 0]
Volume: 12.1521
Cost: 6228
Route: [0, 20, 81, 5, 437, 349, 248, 424, 315, 380, 52, 125, 250, 143, 71, 141, 171, 411, 353, 274, 132, 495, 86, 108, 445, 322, 168, 275, 499, 0]
Volume: 12.406
Cost: 6967
Route: [0, 270, 454, 273, 222, 468, 67, 298, 428, 320, 239, 207, 327, 336, 30, 148, 219, 433, 209, 152, 88, 25, 32, 195, 69, 331, 111, 97, 140, 23, 472, 0]
Volume: 12.3221
Cost: 7357
Route: [0, 351, 474, 137, 487, 73, 475, 11, 389, 277, 466, 399, 127, 223, 294, 460, 367, 160, 70, 0]
Volume: 12.448
Cost: 4450
Route: [0, 266, 276, 13, 163, 201, 293, 415, 328, 359, 452, 449, 12, 316, 228, 199, 347, 311, 365, 289, 120, 377, 417, 312, 0]
Volume: 12.0139
Cost: 4584
Route: [0, 211, 236, 412, 232, 128, 145, 40, 173, 490, 443, 139, 393, 117, 216, 337, 8, 162, 427, 0]
Volume: 11.354
Cost: 4827
Route: [0, 425, 488, 335, 61, 325, 482, 373, 439, 153, 267, 0]
Volume: 7.3319
Cost: 2827
