OFV: 322354.0

Route: [0, 77, 30, 24, 56, 73, 28, 97, 11, 96, 64, 48, 2, 32, 76, 69, 42, 91, 46, 21, 7, 59, 0]
Volume: 2.748
Cost: 77745
Route: [0, 88, 57, 82, 90, 25, 19, 58, 47, 55, 16, 68, 31, 86, 72, 85, 29, 79, 13, 67, 3, 62, 66, 71, 50, 70, 78, 61, 39, 36, 10, 87, 43, 4, 92, 52, 63, 17, 45, 0]
Volume: 4.9208
Cost: 122265
Route: [0, 89, 74, 12, 84, 5, 38, 95, 65, 9, 22, 51, 80, 54, 34, 18, 40, 99, 26, 94, 14, 53, 15, 60, 1, 23, 75, 37, 49, 93, 20, 27, 98, 35, 8, 41, 81, 33, 6, 44, 83, 0]
Volume: 4.5446
Cost: 122344
