OFV: 372636.0

Route: [0, 15, 46, 95, 89, 69, 40, 20, 5, 17, 75, 43, 87, 65, 98, 73, 68, 47, 4, 42, 36, 1, 82, 0]
Volume: 4.988
Cost: 60432
Route: [0, 35, 27, 81, 13, 85, 91, 16, 63, 14, 48, 67, 29, 38, 32, 80, 90, 21, 83, 88, 86, 62, 70, 7, 51, 0]
Volume: 4.93
Cost: 81703
Route: [0, 66, 33, 23, 64, 12, 28, 45, 24, 26, 52, 9, 92, 49, 71, 50, 59, 11, 0]
Volume: 4.9381
Cost: 53596
Route: [0, 55, 78, 3, 61, 97, 58, 6, 34, 37, 53, 77, 44, 8, 74, 0]
Volume: 4.2891
Cost: 95690
Route: [0, 93, 60, 57, 39, 76, 18, 25, 22, 2, 31, 10, 72, 30, 99, 41, 94, 84, 54, 96, 19, 79, 56, 0]
Volume: 4.995
Cost: 81215
