OFV: 35388.0

Route: [0, 24, 94, 159, 36, 210, 1, 103, 66, 104, 130, 229, 67, 183, 19, 83, 211, 241, 168, 247, 178, 17, 0]
Volume: 9.846
Cost: 3698
Route: [0, 185, 92, 123, 101, 180, 113, 118, 13, 186, 93, 73, 53, 221, 132, 238, 35, 81, 171, 47, 162, 223, 144, 30, 0]
Volume: 12.4801
Cost: 3864
Route: [0, 224, 133, 156, 121, 105, 75, 212, 127, 189, 62, 197, 200, 29, 60, 128, 86, 79, 184, 80, 232, 76, 57, 0]
Volume: 11.758
Cost: 3212
Route: [0, 216, 120, 220, 234, 246, 96, 243, 12, 42, 228, 108, 157, 222, 149, 231, 235, 69, 199, 139, 32, 56, 0]
Volume: 12.4142
Cost: 3191
Route: [0, 167, 142, 20, 154, 152, 198, 164, 34, 202, 196, 106, 166, 213, 63, 218, 21, 71, 50, 43, 4, 208, 155, 227, 248, 55, 150, 115, 245, 52, 98, 84, 3, 219, 214, 207, 0]
Volume: 12.3481
Cost: 4824
Route: [0, 141, 192, 195, 129, 18, 230, 102, 45, 119, 209, 64, 16, 140, 90, 165, 179, 169, 97, 175, 239, 116, 23, 0]
Volume: 12.242
Cost: 1955
Route: [0, 201, 137, 49, 181, 117, 15, 240, 39, 65, 249, 163, 72, 124, 161, 11, 31, 14, 176, 135, 48, 194, 6, 236, 26, 0]
Volume: 12.2901
Cost: 3733
Route: [0, 112, 61, 174, 37, 38, 110, 217, 74, 151, 147, 7, 40, 70, 126, 9, 242, 206, 22, 87, 91, 59, 131, 146, 2, 143, 191, 125, 148, 205, 0]
Volume: 12.2341
Cost: 4398
Route: [0, 190, 46, 99, 244, 41, 237, 136, 111, 109, 177, 33, 188, 28, 51, 215, 204, 170, 160, 54, 5, 10, 95, 233, 193, 134, 88, 82, 68, 0]
Volume: 12.3421
Cost: 3582
Route: [0, 114, 145, 138, 89, 85, 44, 27, 100, 107, 153, 173, 203, 158, 182, 187, 77, 172, 8, 58, 226, 78, 225, 122, 25, 0]
Volume: 12.2403
Cost: 2931
