OFV: 173303.0

Route: [0, 64, 29, 59, 3, 23, 47, 50, 8, 14, 0]
Volume: 3.186
Cost: 18497
Route: [0, 57, 40, 36, 31, 49, 66, 69, 19, 0]
Volume: 4.968
Cost: 18063
Route: [0, 17, 71, 38, 4, 72, 7, 5, 42, 48, 65, 22, 24, 43, 16, 0]
Volume: 4.926
Cost: 31524
Route: [0, 45, 73, 60, 39, 44, 52, 51, 41, 46, 54, 68, 13, 0]
Volume: 4.8
Cost: 32746
Route: [0, 74, 10, 26, 12, 6, 0]
Volume: 4.96
Cost: 10671
Route: [0, 63, 33, 34, 18, 55, 9, 61, 70, 21, 25, 0]
Volume: 4.808
Cost: 36693
Route: [0, 28, 67, 32, 56, 58, 15, 2, 30, 35, 37, 20, 0]
Volume: 4.988
Cost: 17724
Route: [0, 27, 53, 1, 11, 62, 0]
Volume: 3.014
Cost: 7385
