OFV: 118892.0

Route: [0, 73, 48, 32, 74, 68, 23, 95, 39, 84, 45, 28, 64, 90, 61, 15, 19, 81, 69, 57, 10, 0]
Volume: 12.346
Cost: 33371
Route: [0, 22, 50, 72, 34, 55, 58, 38, 0]
Volume: 6.634
Cost: 4457
Route: [0, 52, 24, 17, 2, 13, 5, 80, 16, 18, 76, 92, 27, 20, 6, 12, 70, 30, 14, 47, 41, 0]
Volume: 11.2282
Cost: 25832
Route: [0, 82, 3, 21, 54, 65, 44, 1, 99, 49, 91, 33, 62, 53, 79, 97, 88, 87, 66, 51, 31, 36, 43, 26, 25, 83, 0]
Volume: 11.5641
Cost: 12721
Route: [0, 94, 60, 98, 96, 42, 86, 67, 46, 35, 11, 29, 4, 7, 9, 59, 8, 56, 78, 40, 71, 85, 77, 89, 37, 75, 63, 93, 0]
Volume: 12.0182
Cost: 42511
