OFV: 39488.0

Route: [0, 80, 91, 21, 6, 37, 35, 52, 41, 81, 74, 24, 23, 75, 2, 15, 68, 45, 71, 86, 87, 63, 66, 22, 84, 44, 98, 28, 72, 1, 48, 51, 83, 7, 13, 53, 4, 96, 57, 30, 12, 43, 38, 20, 0]
Volume: 4.7035
Cost: 21792
Route: [0, 3, 5, 36, 62, 8, 58, 39, 56, 76, 18, 42, 10, 59, 14, 93, 46, 95, 16, 33, 77, 88, 26, 61, 67, 40, 97, 29, 47, 32, 70, 27, 89, 11, 17, 9, 0]
Volume: 4.525
Cost: 9061
Route: [0, 69, 19, 49, 78, 92, 85, 31, 82, 64, 55, 65, 25, 94, 73, 90, 60, 34, 54, 50, 99, 79, 0]
Volume: 2.3091
Cost: 8635
