OFV: 168662.0

Route: [0, 83, 135, 167, 115, 91, 122, 158, 129, 164, 66, 134, 166, 128, 3, 26, 79, 86, 17, 114, 57, 191, 171, 46, 125, 162, 143, 144, 141, 163, 170, 206, 92, 219, 175, 1, 118, 73, 193, 58, 237, 209, 9, 0]
Volume: 4.763
Cost: 26814
Route: [0, 65, 39, 200, 124, 101, 70, 88, 38, 226, 149, 21, 36, 109, 181, 43, 147, 50, 102, 177, 160, 212, 127, 242, 190, 218, 230, 204, 202, 142, 37, 239, 27, 106, 30, 0]
Volume: 4.046
Cost: 26015
Route: [0, 244, 221, 6, 11, 131, 7, 182, 159, 40, 247, 185, 161, 176, 223, 110, 14, 137, 121, 71, 24, 169, 120, 207, 173, 100, 238, 76, 0]
Volume: 3.6492
Cost: 12002
Route: [0, 168, 174, 2, 211, 5, 103, 105, 35, 75, 16, 215, 45, 13, 249, 233, 62, 61, 54, 51, 155, 20, 178, 55, 195, 172, 74, 222, 53, 42, 146, 116, 245, 227, 203, 123, 112, 194, 156, 126, 107, 248, 148, 0]
Volume: 4.3037
Cost: 27029
Route: [0, 41, 108, 60, 130, 240, 29, 208, 78, 187, 96, 165, 236, 67, 56, 33, 72, 224, 184, 210, 138, 77, 217, 99, 94, 234, 246, 81, 89, 189, 49, 0]
Volume: 4.3775
Cost: 23677
Route: [0, 117, 22, 132, 201, 198, 139, 136, 192, 97, 213, 205, 18, 34, 231, 23, 59, 183, 10, 44, 63, 95, 85, 19, 15, 241, 186, 154, 151, 220, 216, 104, 82, 197, 199, 64, 87, 153, 80, 229, 0]
Volume: 4.8471
Cost: 25357
Route: [0, 188, 235, 214, 69, 228, 52, 232, 93, 90, 225, 179, 196, 133, 111, 4, 12, 25, 84, 98, 32, 152, 31, 113, 180, 47, 8, 140, 243, 28, 150, 145, 119, 157, 68, 48, 0]
Volume: 4.6935
Cost: 27768
