OFV: 118934.0

Route: [0, 125, 297, 193, 348, 81, 254, 379, 40, 45, 43, 305, 23, 422, 169, 99, 451, 490, 486, 196, 461, 487, 38, 32, 349, 10, 257, 0]
Volume: 12.1021
Cost: 6573
Route: [0, 448, 177, 39, 231, 383, 380, 262, 192, 156, 137, 141, 61, 423, 332, 413, 261, 318, 198, 221, 315, 272, 252, 130, 0]
Volume: 12.3603
Cost: 5300
Route: [0, 474, 168, 437, 79, 93, 362, 488, 73, 4, 360, 33, 122, 489, 392, 182, 41, 5, 226, 428, 340, 0]
Volume: 11.9
Cost: 5410
Route: [0, 333, 298, 112, 328, 325, 124, 239, 393, 251, 183, 389, 253, 455, 1, 233, 293, 314, 68, 320, 174, 121, 0]
Volume: 12.008
Cost: 4860
Route: [0, 444, 78, 282, 179, 278, 394, 184, 386, 367, 243, 140, 163, 155, 70, 425, 399, 128, 432, 138, 244, 113, 111, 66, 277, 0]
Volume: 10.8001
Cost: 5614
Route: [0, 280, 204, 95, 197, 471, 401, 133, 267, 281, 13, 377, 171, 391, 433, 270, 364, 24, 414, 476, 173, 265, 72, 58, 427, 57, 159, 48, 309, 263, 304, 0]
Volume: 12.0801
Cost: 6013
Route: [0, 248, 469, 46, 210, 36, 136, 86, 230, 106, 211, 417, 284, 127, 410, 172, 42, 153, 191, 440, 205, 74, 194, 356, 0]
Volume: 12.308
Cost: 6148
Route: [0, 206, 87, 290, 370, 335, 466, 283, 479, 443, 89, 208, 157, 376, 287, 269, 188, 495, 467, 51, 139, 0]
Volume: 10.798
Cost: 5565
Route: [0, 331, 100, 303, 446, 398, 6, 374, 69, 142, 419, 354, 407, 366, 28, 237, 30, 25, 369, 146, 119, 82, 361, 0]
Volume: 12.432
Cost: 5618
Route: [0, 395, 458, 463, 16, 189, 373, 316, 434, 14, 62, 103, 212, 67, 347, 493, 240, 49, 245, 459, 408, 337, 447, 465, 457, 7, 341, 22, 0]
Volume: 12.424
Cost: 5906
Route: [0, 84, 214, 150, 44, 385, 416, 336, 323, 92, 53, 375, 308, 498, 96, 134, 64, 161, 462, 71, 181, 0]
Volume: 11.8341
Cost: 4167
Route: [0, 19, 384, 435, 3, 249, 312, 54, 285, 330, 453, 359, 346, 365, 497, 94, 108, 494, 301, 55, 275, 17, 18, 426, 0]
Volume: 11.822
Cost: 5211
Route: [0, 292, 203, 26, 12, 98, 387, 145, 52, 445, 222, 310, 29, 215, 144, 317, 311, 326, 166, 475, 480, 260, 115, 343, 271, 27, 264, 313, 0]
Volume: 12.362
Cost: 5952
Route: [0, 148, 109, 266, 378, 382, 429, 342, 421, 217, 34, 339, 195, 190, 449, 160, 0]
Volume: 12.402
Cost: 4346
Route: [0, 219, 199, 200, 56, 345, 464, 216, 481, 358, 412, 47, 176, 256, 473, 405, 235, 397, 143, 350, 126, 454, 0]
Volume: 11.032
Cost: 6294
Route: [0, 224, 450, 286, 83, 76, 158, 88, 259, 291, 482, 129, 178, 334, 77, 207, 167, 75, 116, 388, 59, 324, 114, 442, 37, 294, 276, 353, 289, 175, 424, 0]
Volume: 12.418
Cost: 5334
Route: [0, 186, 484, 396, 80, 436, 162, 268, 295, 431, 460, 400, 147, 120, 180, 229, 20, 223, 403, 468, 470, 135, 411, 441, 232, 344, 0]
Volume: 12.452
Cost: 5678
Route: [0, 355, 404, 117, 363, 9, 110, 351, 420, 456, 496, 279, 123, 50, 154, 228, 104, 255, 258, 306, 430, 8, 478, 152, 241, 472, 381, 11, 0]
Volume: 10.9982
Cost: 6277
Route: [0, 91, 107, 15, 131, 302, 101, 409, 352, 97, 220, 296, 209, 438, 202, 238, 31, 321, 149, 225, 185, 234, 499, 406, 273, 368, 329, 338, 0]
Volume: 12.2941
Cost: 5143
Route: [0, 371, 307, 418, 357, 242, 247, 118, 250, 132, 2, 300, 390, 218, 90, 439, 201, 299, 102, 491, 236, 85, 0]
Volume: 12.0142
Cost: 5232
Route: [0, 105, 65, 213, 246, 21, 164, 485, 415, 60, 483, 477, 319, 322, 452, 0]
Volume: 12.3381
Cost: 5160
Route: [0, 227, 274, 288, 402, 492, 151, 63, 35, 327, 170, 372, 165, 187, 0]
Volume: 10.146
Cost: 3133
