OFV: 26975.0

Route: [0, 33, 59, 65, 76, 30, 32, 15, 27, 17, 1, 34, 52, 24, 89, 54, 40, 88, 50, 8, 0]
Volume: 4.8951
Cost: 4316
Route: [0, 86, 9, 25, 85, 20, 5, 71, 94, 12, 84, 58, 21, 19, 95, 63, 62, 69, 77, 80, 16, 6, 91, 0]
Volume: 4.9621
Cost: 3990
Route: [0, 18, 70, 99, 48, 98, 55, 36, 64, 60, 79, 51, 66, 39, 0]
Volume: 4.787
Cost: 4275
Route: [0, 44, 97, 10, 61, 29, 49, 82, 35, 37, 41, 67, 56, 74, 47, 92, 7, 0]
Volume: 2.775
Cost: 4868
Route: [0, 93, 96, 14, 3, 87, 53, 75, 11, 68, 78, 23, 31, 28, 90, 0]
Volume: 4.311
Cost: 3622
Route: [0, 2, 43, 73, 81, 26, 83, 13, 46, 38, 45, 72, 42, 22, 4, 57, 0]
Volume: 4.709
Cost: 5904
