OFV: 126482.0

Route: [0, 53, 21, 85, 5, 37, 9, 62, 76, 79, 0]
Volume: 4.788
Cost: 4268
Route: [0, 45, 34, 31, 35, 73, 10, 33, 0]
Volume: 4.946
Cost: 14390
Route: [0, 40, 24, 81, 56, 88, 64, 90, 18, 16, 58, 36, 39, 0]
Volume: 4.8801
Cost: 15394
Route: [0, 51, 3, 46, 63, 65, 11, 20, 14, 42, 25, 98, 48, 0]
Volume: 4.9801
Cost: 13804
Route: [0, 68, 78, 49, 2, 12, 23, 52, 91, 0]
Volume: 4.4
Cost: 2391
Route: [0, 70, 38, 82, 89, 43, 54, 32, 0]
Volume: 4.968
Cost: 15036
Route: [0, 77, 30, 66, 94, 17, 41, 92, 28, 97, 74, 86, 87, 6, 61, 0]
Volume: 4.974
Cost: 23853
Route: [0, 60, 22, 13, 15, 29, 1, 75, 69, 0]
Volume: 4.93
Cost: 8334
Route: [0, 4, 55, 57, 19, 44, 47, 80, 83, 26, 7, 96, 67, 59, 93, 0]
Volume: 4.7641
Cost: 15029
Route: [0, 95, 50, 72, 8, 71, 84, 99, 27, 0]
Volume: 4.984
Cost: 13983
