OFV: 123590.0

Route: [0, 42, 279, 79, 29, 251, 412, 49, 194, 422, 476, 24, 138, 110, 111, 314, 369, 81, 406, 475, 334, 386, 84, 3, 373, 171, 92, 281, 395, 58, 78, 211, 238, 430, 0]
Volume: 4.7532
Cost: 8372
Route: [0, 184, 393, 112, 482, 54, 225, 468, 246, 22, 316, 473, 377, 179, 436, 64, 255, 270, 17, 44, 172, 300, 444, 233, 265, 153, 479, 318, 339, 474, 258, 0]
Volume: 3.2731
Cost: 12028
Route: [0, 139, 38, 135, 213, 62, 353, 329, 162, 319, 130, 127, 167, 133, 32, 12, 122, 109, 261, 302, 463, 190, 298, 358, 169, 158, 313, 180, 107, 367, 166, 387, 437, 327, 424, 209, 385, 140, 0]
Volume: 4.8795
Cost: 10438
Route: [0, 173, 307, 200, 304, 150, 145, 189, 400, 219, 216, 191, 117, 467, 354, 433, 63, 236, 33, 9, 451, 349, 43, 124, 321, 114, 149, 217, 89, 431, 239, 5, 116, 59, 40, 250, 445, 461, 286, 394, 388, 118, 108, 202, 450, 152, 0]
Volume: 4.8717
Cost: 8156
Route: [0, 276, 305, 75, 201, 331, 163, 435, 344, 37, 438, 375, 290, 399, 264, 341, 168, 128, 280, 487, 434, 378, 486, 345, 34, 346, 359, 105, 199, 278, 460, 178, 0]
Volume: 4.7755
Cost: 8142
Route: [0, 56, 207, 14, 374, 402, 164, 371, 496, 154, 2, 151, 70, 90, 456, 247, 155, 146, 272, 181, 57, 306, 142, 212, 457, 383, 182, 0]
Volume: 3.6736
Cost: 4579
Route: [0, 361, 295, 4, 187, 231, 94, 297, 66, 23, 296, 317, 186, 257, 36, 483, 323, 497, 35, 73, 277, 355, 420, 174, 220, 243, 183, 362, 195, 7, 439, 0]
Volume: 4.5567
Cost: 7946
Route: [0, 376, 157, 357, 228, 123, 203, 193, 443, 342, 11, 287, 452, 39, 351, 293, 47, 336, 27, 269, 8, 252, 407, 198, 148, 235, 417, 326, 294, 221, 134, 144, 478, 396, 192, 470, 72, 259, 67, 471, 206, 31, 0]
Volume: 4.7905
Cost: 8621
Route: [0, 68, 188, 268, 427, 466, 360, 299, 74, 401, 159, 275, 267, 335, 441, 204, 115, 51, 332, 176, 311, 215, 333, 453, 365, 363, 405, 490, 325, 1, 50, 469, 391, 372, 15, 77, 380, 61, 232, 495, 284, 322, 366, 283, 414, 28, 409, 0]
Volume: 4.9605
Cost: 9927
Route: [0, 83, 165, 426, 137, 447, 432, 446, 442, 160, 87, 222, 156, 10, 368, 411, 337, 19, 103, 218, 481, 240, 484, 459, 356, 330, 398, 71, 55, 418, 65, 129, 18, 0]
Volume: 4.427
Cost: 7200
Route: [0, 25, 241, 364, 303, 347, 273, 328, 249, 205, 312, 397, 248, 53, 381, 455, 392, 91, 224, 301, 408, 428, 440, 266, 45, 309, 60, 384, 350, 96, 227, 489, 379, 477, 458, 76, 230, 472, 254, 80, 85, 210, 462, 98, 106, 0]
Volume: 4.5661
Cost: 10225
Route: [0, 131, 30, 282, 263, 229, 208, 285, 244, 214, 493, 16, 26, 465, 315, 271, 289, 413, 416, 99, 185, 308, 52, 499, 404, 161, 120, 119, 415, 410, 429, 101, 260, 95, 370, 498, 488, 147, 425, 464, 0]
Volume: 4.9906
Cost: 7108
Route: [0, 136, 262, 291, 403, 253, 491, 310, 480, 223, 226, 352, 6, 292, 343, 242, 340, 382, 126, 132, 288, 175, 390, 448, 69, 170, 113, 21, 274, 20, 423, 485, 0]
Volume: 3.8367
Cost: 9299
Route: [0, 234, 86, 196, 494, 338, 197, 389, 82, 121, 256, 454, 245, 320, 97, 177, 348, 48, 100, 324, 492, 93, 141, 421, 419, 125, 104, 13, 143, 88, 102, 449, 237, 41, 46, 0]
Volume: 4.6051
Cost: 11549
