OFV: 295320.0

Route: [0, 175, 97, 169, 179, 83, 140, 230, 119, 0]
Volume: 4.738
Cost: 7142
Route: [0, 23, 6, 236, 113, 180, 123, 101, 92, 185, 159, 0]
Volume: 4.998
Cost: 14923
Route: [0, 114, 21, 71, 218, 124, 50, 43, 208, 4, 227, 155, 55, 150, 226, 0]
Volume: 4.9521
Cost: 12864
Route: [0, 212, 38, 243, 96, 12, 157, 108, 222, 149, 231, 37, 0]
Volume: 4.972
Cost: 14215
Route: [0, 82, 134, 198, 95, 233, 132, 221, 53, 171, 162, 241, 0]
Volume: 4.938
Cost: 13745
Route: [0, 117, 20, 244, 15, 240, 99, 137, 0]
Volume: 5.0
Cost: 9438
Route: [0, 190, 46, 32, 239, 116, 201, 0]
Volume: 4.87
Cost: 5781
Route: [0, 152, 193, 164, 10, 34, 202, 163, 136, 249, 0]
Volume: 4.9081
Cost: 10779
Route: [0, 210, 36, 1, 103, 66, 104, 130, 229, 19, 0]
Volume: 4.8759
Cost: 13607
Route: [0, 25, 100, 122, 107, 153, 173, 158, 0]
Volume: 4.9301
Cost: 10450
Route: [0, 56, 139, 199, 69, 232, 184, 80, 86, 110, 76, 174, 57, 0]
Volume: 4.9241
Cost: 10298
Route: [0, 141, 24, 90, 165, 168, 247, 178, 17, 0]
Volume: 4.4481
Cost: 6960
Route: [0, 49, 127, 189, 40, 70, 74, 7, 59, 131, 146, 2, 42, 228, 235, 61, 0]
Volume: 4.926
Cost: 16937
Route: [0, 98, 182, 187, 248, 172, 8, 77, 115, 78, 0]
Volume: 4.8121
Cost: 11832
Route: [0, 44, 52, 27, 245, 203, 58, 225, 0]
Volume: 4.958
Cost: 10774
Route: [0, 183, 73, 35, 238, 47, 81, 186, 13, 93, 118, 26, 67, 0]
Volume: 4.9501
Cost: 14550
Route: [0, 205, 216, 120, 143, 191, 125, 148, 220, 234, 246, 133, 224, 0]
Volume: 4.578
Cost: 17576
Route: [0, 109, 111, 72, 166, 106, 196, 63, 177, 0]
Volume: 4.984
Cost: 11485
Route: [0, 84, 219, 3, 126, 147, 217, 151, 29, 60, 200, 197, 62, 128, 79, 0]
Volume: 4.91
Cost: 13041
Route: [0, 192, 195, 94, 18, 102, 45, 209, 64, 16, 129, 167, 0]
Volume: 4.742
Cost: 11856
Route: [0, 39, 65, 237, 213, 33, 188, 28, 51, 170, 5, 160, 54, 215, 204, 0]
Volume: 4.8281
Cost: 11539
Route: [0, 121, 105, 112, 156, 0]
Volume: 4.286
Cost: 7465
Route: [0, 211, 11, 31, 161, 14, 176, 223, 135, 194, 48, 30, 144, 88, 68, 0]
Volume: 4.702
Cost: 14671
Route: [0, 154, 41, 145, 89, 85, 138, 142, 181, 0]
Volume: 4.66
Cost: 9432
Route: [0, 75, 214, 207, 206, 242, 9, 87, 91, 22, 0]
Volume: 4.828
Cost: 13960
