OFV: 162042.0

Route: [0, 8, 50, 24, 164, 129, 245, 99, 151, 29, 159, 4, 115, 232, 25, 37, 184, 138, 68, 32, 109, 106, 102, 90, 52, 57, 39, 226, 183, 201, 103, 77, 249, 188, 98, 123, 171, 157, 87, 117, 234, 182, 2, 172, 179, 72, 224, 85, 195, 96, 167, 216, 93, 176, 89, 31, 213, 70, 193, 162, 15, 11, 146, 220, 23, 210, 230, 35, 16, 110, 238, 81, 173, 13, 60, 141, 181, 169, 150, 209, 200, 69, 73, 26, 107, 215, 177, 223, 42, 65, 0]
Volume: 11.2426
Cost: 53899
Route: [0, 33, 63, 247, 128, 100, 38, 30, 135, 116, 55, 198, 76, 127, 222, 119, 43, 166, 236, 21, 243, 78, 134, 9, 71, 51, 91, 192, 178, 79, 82, 196, 133, 114, 18, 168, 231, 94, 149, 48, 158, 217, 113, 45, 86, 27, 145, 126, 147, 165, 237, 180, 189, 80, 125, 83, 229, 206, 211, 6, 3, 174, 95, 175, 122, 61, 34, 214, 160, 140, 208, 221, 233, 62, 58, 112, 120, 67, 202, 92, 239, 204, 131, 218, 66, 155, 111, 41, 53, 241, 0]
Volume: 11.298
Cost: 56151
Route: [0, 88, 130, 47, 143, 191, 225, 1, 205, 20, 144, 194, 199, 137, 12, 59, 246, 163, 212, 5, 207, 203, 185, 227, 170, 248, 40, 44, 148, 36, 84, 121, 186, 197, 118, 161, 136, 139, 108, 49, 104, 56, 28, 75, 17, 228, 242, 187, 22, 124, 219, 235, 156, 105, 101, 244, 190, 152, 19, 153, 132, 142, 54, 64, 97, 74, 240, 46, 14, 10, 154, 7, 0]
Volume: 9.4084
Cost: 51992
