OFV: 324164.0

Route: [0, 140, 45, 222, 236, 197, 38, 181, 151, 243, 158, 87, 95, 78, 136, 159, 244, 189, 82, 91, 182, 165, 0]
Volume: 4.9551
Cost: 27325
Route: [0, 101, 64, 100, 0]
Volume: 1.47
Cost: 423
Route: [0, 156, 237, 173, 230, 160, 114, 205, 193, 202, 99, 53, 186, 81, 66, 0]
Volume: 4.467
Cost: 7040
Route: [0, 70, 175, 28, 139, 106, 177, 190, 63, 76, 21, 235, 83, 211, 79, 184, 208, 96, 180, 41, 247, 0]
Volume: 4.9541
Cost: 20306
Route: [0, 89, 73, 195, 34, 201, 232, 141, 46, 129, 157, 226, 124, 225, 25, 192, 4, 127, 33, 144, 0]
Volume: 4.9931
Cost: 28017
Route: [0, 199, 30, 246, 241, 90, 196, 188, 132, 223, 37, 245, 238, 146, 52, 142, 249, 2, 148, 44, 209, 0]
Volume: 4.8901
Cost: 46794
Route: [0, 152, 108, 51, 207, 138, 20, 15, 17, 49, 47, 98, 228, 69, 110, 125, 149, 3, 119, 97, 137, 121, 219, 43, 13, 0]
Volume: 4.999
Cost: 29874
Route: [0, 233, 40, 203, 67, 54, 62, 162, 133, 176, 147, 19, 126, 118, 16, 217, 58, 75, 72, 104, 32, 170, 26, 5, 48, 0]
Volume: 4.9771
Cost: 24414
Route: [0, 65, 93, 150, 216, 36, 164, 7, 80, 210, 213, 198, 248, 39, 11, 84, 55, 24, 88, 0]
Volume: 4.991
Cost: 24614
Route: [0, 18, 9, 145, 92, 221, 123, 163, 68, 169, 234, 6, 74, 206, 239, 242, 214, 240, 42, 27, 23, 191, 117, 229, 102, 0]
Volume: 4.9781
Cost: 23921
Route: [0, 50, 215, 218, 86, 59, 57, 115, 105, 71, 153, 131, 14, 56, 60, 12, 31, 200, 161, 111, 61, 8, 0]
Volume: 4.997
Cost: 21590
Route: [0, 22, 154, 1, 143, 130, 212, 113, 134, 122, 94, 116, 10, 29, 112, 224, 179, 107, 35, 220, 155, 85, 0]
Volume: 4.815
Cost: 37201
Route: [0, 135, 194, 168, 204, 172, 166, 109, 167, 187, 120, 227, 174, 171, 103, 231, 77, 183, 178, 128, 185, 0]
Volume: 4.98
Cost: 32645
