OFV: 23749.0

Route: [0, 52, 25, 26, 31, 2, 51, 17, 24, 72, 0]
Volume: 4.86
Cost: 878
Route: [0, 60, 80, 16, 18, 76, 92, 27, 0]
Volume: 4.9539
Cost: 2650
Route: [0, 97, 62, 91, 33, 99, 49, 0]
Volume: 4.8
Cost: 1561
Route: [0, 74, 32, 68, 29, 4, 56, 85, 8, 78, 46, 89, 0]
Volume: 4.744
Cost: 3159
Route: [0, 38, 42, 90, 61, 86, 19, 15, 81, 67, 69, 0]
Volume: 4.9561
Cost: 2051
Route: [0, 41, 6, 20, 14, 70, 12, 30, 47, 98, 96, 0]
Volume: 4.79
Cost: 2173
Route: [0, 82, 54, 21, 3, 0]
Volume: 3.32
Cost: 499
Route: [0, 94, 83, 84, 64, 28, 45, 35, 0]
Volume: 4.2661
Cost: 4737
Route: [0, 50, 5, 13, 43, 36, 66, 88, 87, 53, 79, 0]
Volume: 4.932
Cost: 1199
Route: [0, 65, 44, 1, 11, 59, 9, 7, 40, 71, 77, 39, 23, 95, 0]
Volume: 4.984
Cost: 3548
Route: [0, 22, 34, 55, 58, 0]
Volume: 3.404
Cost: 693
Route: [0, 63, 93, 73, 57, 37, 48, 75, 10, 0]
Volume: 3.822
Cost: 601
