OFV: 35054.0

Route: [0, 48, 158, 24, 151, 149, 106, 102, 90, 52, 103, 188, 183, 77, 201, 249, 248, 40, 36, 84, 121, 186, 197, 118, 161, 136, 49, 200, 181, 150, 209, 169, 141, 92, 239, 204, 131, 0]
Volume: 11.8662
Cost: 5956
Route: [0, 222, 119, 163, 29, 212, 170, 227, 32, 68, 109, 57, 39, 226, 44, 148, 211, 6, 229, 206, 3, 174, 117, 234, 182, 167, 96, 2, 172, 85, 224, 179, 72, 139, 108, 69, 73, 26, 218, 66, 155, 111, 41, 0]
Volume: 10.2602
Cost: 5734
Route: [0, 154, 46, 132, 97, 240, 64, 74, 54, 142, 14, 10, 7, 8, 50, 12, 59, 246, 199, 137, 192, 91, 51, 71, 178, 79, 82, 196, 133, 114, 231, 168, 18, 9, 78, 134, 243, 43, 236, 21, 166, 88, 0]
Volume: 10.3569
Cost: 3929
Route: [0, 144, 20, 205, 1, 225, 191, 143, 47, 130, 194, 245, 129, 99, 164, 94, 185, 207, 203, 5, 159, 4, 37, 184, 115, 25, 232, 138, 217, 27, 86, 113, 45, 42, 65, 0]
Volume: 8.409
Cost: 4409
Route: [0, 30, 76, 198, 55, 116, 135, 38, 100, 128, 247, 63, 33, 241, 145, 126, 147, 237, 180, 189, 80, 125, 83, 98, 123, 157, 87, 171, 95, 61, 34, 175, 122, 233, 221, 208, 214, 160, 140, 16, 22, 124, 219, 235, 105, 156, 187, 101, 244, 190, 152, 19, 153, 127, 0]
Volume: 11.9359
Cost: 9437
Route: [0, 53, 104, 56, 28, 67, 202, 120, 60, 13, 31, 213, 70, 193, 230, 210, 220, 15, 11, 146, 75, 17, 228, 242, 23, 162, 35, 110, 238, 81, 173, 62, 58, 112, 216, 89, 176, 93, 195, 165, 107, 215, 223, 177, 0]
Volume: 11.969
Cost: 5589
