OFV: 430466.0

Route: [0, 49, 121, 235, 82, 11, 6, 78, 237, 122, 194, 120, 225, 143, 167, 153, 187, 221, 166, 113, 126, 132, 40, 34, 160, 131, 138, 64, 192, 99, 162, 57, 124, 102, 117, 67, 44, 109, 208, 185, 118, 137, 223, 246, 85, 16, 0]
Volume: 4.9972
Cost: 60242
Route: [0, 240, 186, 80, 77, 88, 149, 90, 227, 38, 226, 79, 86, 161, 48, 140, 76, 224, 232, 125, 10, 100, 30, 47, 170, 45, 93, 163, 24, 33, 184, 42, 207, 175, 55, 209, 28, 52, 0]
Volume: 4.7611
Cost: 84162
Route: [0, 108, 56, 230, 58, 193, 97, 9, 73, 71, 144, 249, 212, 220, 128, 22, 201, 129, 72, 210, 182, 241, 248, 145, 206, 15, 169, 87, 7, 104, 139, 219, 4, 156, 165, 176, 18, 173, 177, 222, 234, 151, 148, 25, 0]
Volume: 4.9846
Cost: 70578
Route: [0, 116, 84, 19, 46, 23, 94, 105, 5, 228, 53, 123, 98, 83, 243, 174, 91, 110, 216, 231, 119, 31, 147, 171, 115, 191, 141, 164, 68, 95, 29, 189, 37, 157, 70, 155, 218, 180, 152, 75, 236, 0]
Volume: 4.8675
Cost: 72642
Route: [0, 41, 183, 96, 188, 1, 51, 63, 62, 61, 197, 134, 81, 150, 12, 60, 178, 146, 74, 14, 20, 239, 247, 233, 26, 21, 36, 69, 101, 43, 198, 114, 195, 0]
Volume: 4.709
Cost: 46406
Route: [0, 27, 130, 133, 142, 213, 13, 217, 214, 205, 202, 179, 59, 54, 3, 135, 35, 112, 8, 39, 229, 107, 211, 242, 0]
Volume: 4.1036
Cost: 50666
Route: [0, 103, 111, 127, 66, 190, 32, 172, 203, 238, 65, 244, 181, 17, 158, 200, 215, 50, 159, 106, 199, 245, 92, 89, 196, 136, 2, 154, 168, 204, 0]
Volume: 3.092
Cost: 45770
