OFV: 336987.0

Route: [0, 136, 154, 16, 85, 168, 2, 25, 27, 130, 246, 223, 41, 183, 137, 96, 188, 1, 51, 67, 44, 117, 102, 13, 217, 124, 205, 214, 57, 64, 192, 162, 99, 138, 212, 153, 187, 221, 166, 126, 132, 34, 160, 40, 113, 71, 122, 235, 11, 6, 78, 82, 121, 75, 29, 189, 90, 227, 95, 68, 140, 76, 48, 171, 147, 216, 110, 91, 231, 31, 119, 115, 191, 164, 141, 125, 224, 232, 10, 100, 30, 47, 38, 226, 79, 161, 86, 174, 243, 98, 83, 123, 53, 207, 175, 105, 94, 23, 46, 19, 198, 114, 84, 116, 0]
Volume: 11.7335
Cost: 121097
Route: [0, 240, 186, 80, 77, 101, 43, 69, 36, 21, 49, 236, 108, 56, 20, 14, 178, 146, 74, 193, 97, 9, 73, 237, 194, 120, 225, 143, 167, 144, 249, 131, 220, 128, 22, 201, 129, 72, 210, 182, 241, 248, 165, 4, 156, 219, 139, 15, 7, 104, 206, 169, 87, 145, 176, 18, 222, 173, 177, 234, 202, 179, 59, 151, 54, 3, 135, 35, 112, 8, 17, 39, 229, 107, 211, 242, 195, 204, 0]
Volume: 11.261
Cost: 104071
Route: [0, 111, 103, 127, 66, 190, 32, 172, 203, 238, 65, 244, 181, 158, 200, 215, 50, 159, 106, 199, 245, 92, 196, 89, 148, 133, 142, 213, 109, 208, 185, 118, 62, 63, 61, 197, 134, 81, 150, 26, 233, 247, 239, 230, 58, 60, 12, 88, 152, 155, 180, 218, 149, 70, 157, 37, 170, 93, 45, 163, 24, 33, 184, 42, 5, 228, 55, 209, 52, 28, 0]
Volume: 9.2401
Cost: 111819
