OFV: 63445.0

Route: [0, 118, 59, 43, 77, 203, 186, 76, 72, 103, 19, 93, 96, 244, 115, 80, 141, 154, 183, 113, 25, 163, 12, 18, 133, 128, 235, 117, 151, 217, 198, 189, 17, 34, 106, 179, 153, 87, 147, 173, 42, 196, 152, 75, 180, 239, 139, 0]
Volume: 11.9831
Cost: 12522
Route: [0, 36, 202, 160, 89, 166, 30, 221, 61, 157, 232, 65, 200, 14, 69, 146, 208, 35, 62, 149, 66, 226, 82, 119, 192, 165, 248, 71, 194, 81, 31, 223, 224, 142, 171, 29, 247, 32, 201, 57, 231, 37, 120, 209, 55, 210, 131, 213, 58, 222, 78, 16, 148, 8, 185, 125, 44, 54, 204, 0]
Volume: 12.4571
Cost: 13286
Route: [0, 46, 85, 53, 88, 159, 205, 135, 40, 4, 168, 45, 50, 219, 84, 102, 6, 212, 246, 161, 249, 218, 63, 164, 127, 107, 92, 175, 99, 242, 181, 126, 211, 60, 245, 5, 13, 108, 26, 214, 83, 68, 79, 134, 124, 10, 0]
Volume: 11.952
Cost: 9357
Route: [0, 48, 162, 112, 136, 195, 241, 140, 238, 190, 207, 182, 1, 28, 169, 98, 170, 24, 228, 100, 155, 121, 240, 172, 116, 20, 56, 230, 64, 94, 97, 122, 137, 39, 191, 227, 174, 234, 123, 95, 3, 11, 206, 167, 23, 74, 132, 145, 199, 177, 220, 73, 90, 38, 138, 51, 0]
Volume: 11.2391
Cost: 15416
Route: [0, 41, 243, 52, 233, 33, 184, 109, 188, 158, 49, 2, 15, 47, 176, 86, 114, 193, 7, 216, 178, 236, 111, 187, 129, 237, 101, 21, 27, 130, 110, 143, 70, 91, 104, 105, 22, 150, 9, 197, 67, 215, 156, 0]
Volume: 12.2752
Cost: 10416
Route: [0, 144, 229, 225, 0]
Volume: 0.57
Cost: 2448
