OFV: 19229.0

Route: [0, 17, 47, 45, 4, 77, 61, 10, 21, 42, 39, 55, 1, 91, 70, 33, 14, 43, 69, 94, 78, 90, 88, 62, 93, 40, 19, 29, 68, 80, 49, 36, 64, 0]
Volume: 3.452
Cost: 7119
Route: [0, 3, 7, 27, 41, 26, 76, 31, 63, 85, 79, 51, 37, 82, 2, 92, 24, 44, 6, 25, 54, 16, 8, 98, 50, 81, 53, 99, 67, 48, 0]
Volume: 3.8155
Cost: 4882
Route: [0, 13, 97, 72, 71, 30, 11, 84, 89, 23, 75, 56, 65, 95, 58, 86, 22, 83, 38, 34, 20, 57, 15, 87, 12, 28, 74, 59, 52, 35, 66, 5, 73, 46, 60, 18, 9, 96, 32, 0]
Volume: 4.9951
Cost: 7228
