OFV: 76597.0

Route: [0, 97, 92, 31, 77, 0]
Volume: 3.746
Cost: 2852
Route: [0, 87, 72, 91, 53, 45, 51, 3, 42, 13, 0]
Volume: 4.994
Cost: 10980
Route: [0, 46, 36, 63, 52, 78, 15, 86, 65, 12, 66, 0]
Volume: 4.914
Cost: 5765
Route: [0, 1, 82, 64, 18, 85, 10, 48, 89, 98, 75, 70, 57, 0]
Volume: 4.9821
Cost: 5565
Route: [0, 22, 81, 38, 88, 9, 21, 71, 73, 0]
Volume: 4.766
Cost: 3694
Route: [0, 35, 59, 94, 33, 11, 61, 50, 27, 5, 99, 0]
Volume: 4.944
Cost: 8798
Route: [0, 28, 68, 37, 56, 24, 40, 54, 83, 0]
Volume: 4.6201
Cost: 5367
Route: [0, 2, 90, 4, 96, 16, 76, 0]
Volume: 4.008
Cost: 6922
Route: [0, 20, 25, 43, 34, 41, 55, 32, 0]
Volume: 4.168
Cost: 5943
Route: [0, 23, 17, 67, 29, 74, 84, 14, 0]
Volume: 4.916
Cost: 6850
Route: [0, 26, 19, 79, 6, 62, 69, 47, 80, 0]
Volume: 4.78
Cost: 5212
Route: [0, 7, 93, 30, 58, 44, 49, 95, 8, 60, 39, 0]
Volume: 4.0481
Cost: 8649
