OFV: 128134.0

Route: [0, 13, 5, 24, 58, 44, 0]
Volume: 1.274
Cost: 7166
Route: [0, 17, 59, 29, 39, 4, 72, 31, 1, 8, 56, 46, 48, 53, 26, 36, 0]
Volume: 4.726
Cost: 27043
Route: [0, 18, 67, 34, 66, 63, 68, 2, 65, 3, 74, 73, 23, 21, 40, 25, 27, 9, 43, 54, 16, 0]
Volume: 4.9
Cost: 30250
Route: [0, 52, 15, 69, 70, 60, 41, 10, 50, 71, 47, 19, 49, 32, 20, 0]
Volume: 4.7671
Cost: 29602
Route: [0, 37, 55, 11, 62, 42, 12, 35, 64, 30, 28, 33, 38, 57, 22, 7, 51, 45, 14, 6, 61, 0]
Volume: 4.6711
Cost: 34073
