OFV: 18839.0

Route: [0, 93, 60, 57, 39, 59, 12, 45, 52, 24, 28, 92, 49, 26, 9, 71, 80, 7, 51, 0]
Volume: 10.7521
Cost: 3669
Route: [0, 15, 69, 55, 37, 20, 1, 38, 86, 67, 22, 25, 18, 76, 2, 72, 32, 14, 10, 63, 31, 50, 64, 56, 0]
Volume: 10.242
Cost: 2942
Route: [0, 33, 89, 19, 96, 48, 27, 35, 16, 81, 13, 85, 91, 21, 82, 0]
Volume: 10.2741
Cost: 2713
Route: [0, 66, 62, 70, 29, 79, 83, 6, 58, 5, 61, 3, 97, 88, 54, 84, 30, 99, 41, 94, 23, 11, 0]
Volume: 10.18
Cost: 3654
Route: [0, 53, 8, 74, 77, 44, 36, 42, 4, 47, 68, 73, 98, 87, 65, 43, 75, 17, 90, 34, 78, 40, 95, 46, 0]
Volume: 11.83
Cost: 5861
