OFV: 203618.0

Route: [0, 35, 203, 65, 110, 194, 80, 24, 240, 204, 84, 64, 52, 27, 216, 68, 11, 72, 99, 145, 185, 211, 106, 47, 17, 248, 8, 236, 220, 0]
Volume: 10.7541
Cost: 24023
Route: [0, 19, 195, 95, 179, 41, 71, 221, 172, 123, 135, 2, 83, 62, 127, 94, 44, 242, 249, 51, 40, 108, 143, 96, 88, 57, 86, 104, 0]
Volume: 12.2761
Cost: 19327
Route: [0, 7, 38, 149, 89, 191, 214, 222, 226, 228, 43, 10, 118, 246, 136, 53, 178, 164, 169, 181, 37, 126, 76, 177, 0]
Volume: 11.648
Cost: 15070
Route: [0, 189, 238, 66, 230, 153, 156, 206, 168, 36, 218, 69, 63, 196, 197, 202, 46, 109, 147, 243, 125, 102, 158, 139, 6, 14, 15, 32, 162, 13, 0]
Volume: 12.456
Cost: 25438
Route: [0, 161, 1, 23, 229, 112, 199, 244, 150, 154, 205, 144, 167, 4, 210, 45, 225, 12, 91, 21, 212, 141, 165, 148, 58, 0]
Volume: 12.304
Cost: 20167
Route: [0, 74, 132, 55, 29, 120, 42, 81, 31, 159, 39, 188, 26, 219, 115, 223, 175, 180, 173, 30, 97, 103, 184, 201, 116, 187, 215, 60, 166, 0]
Volume: 12.3941
Cost: 24063
Route: [0, 75, 79, 213, 208, 18, 54, 193, 49, 231, 124, 61, 227, 152, 121, 198, 134, 128, 160, 233, 234, 3, 247, 183, 129, 90, 237, 20, 155, 245, 59, 0]
Volume: 12.388
Cost: 17855
Route: [0, 239, 113, 111, 16, 117, 171, 34, 137, 119, 78, 130, 107, 241, 133, 77, 33, 224, 0]
Volume: 11.9059
Cost: 11499
Route: [0, 114, 192, 235, 138, 190, 142, 174, 146, 151, 82, 0]
Volume: 7.496
Cost: 7817
Route: [0, 207, 209, 73, 105, 70, 122, 67, 22, 170, 87, 56, 5, 93, 232, 131, 100, 186, 28, 98, 50, 0]
Volume: 11.5
Cost: 30163
Route: [0, 182, 9, 25, 217, 92, 140, 101, 85, 176, 48, 157, 200, 163, 0]
Volume: 8.1222
Cost: 8196
