OFV: 26994.0

Route: [0, 371, 269, 110, 165, 162, 102, 416, 120, 447, 33, 443, 417, 158, 240, 28, 248, 77, 123, 470, 346, 72, 133, 159, 47, 22, 183, 78, 292, 145, 308, 57, 485, 405, 392, 386, 235, 43, 251, 173, 396, 214, 0]
Volume: 11.2741
Cost: 2166
Route: [0, 352, 154, 276, 336, 138, 257, 425, 316, 237, 164, 95, 365, 31, 300, 422, 419, 241, 233, 24, 368, 209, 75, 175, 390, 134, 298, 296, 466, 338, 330, 208, 301, 312, 455, 236, 142, 479, 382, 218, 126, 448, 0]
Volume: 8.8052
Cost: 1766
Route: [0, 37, 220, 303, 132, 197, 299, 498, 6, 348, 180, 8, 324, 414, 55, 136, 398, 199, 281, 325, 482, 471, 395, 4, 321, 62, 32, 63, 265, 167, 400, 375, 3, 337, 111, 437, 343, 373, 73, 451, 369, 227, 0]
Volume: 8.5081
Cost: 2246
Route: [0, 267, 334, 135, 445, 201, 275, 469, 166, 283, 185, 356, 287, 432, 124, 10, 129, 449, 271, 318, 231, 14, 272, 39, 203, 88, 89, 121, 319, 15, 282, 29, 311, 171, 454, 223, 200, 345, 51, 354, 306, 246, 0]
Volume: 12.2663
Cost: 1326
Route: [0, 358, 253, 151, 107, 291, 404, 277, 21, 270, 389, 491, 329, 397, 273, 104, 97, 317, 264, 115, 351, 188, 286, 249, 412, 202, 34, 36, 192, 79, 380, 465, 486, 387, 349, 342, 260, 207, 247, 160, 181, 0]
Volume: 9.605
Cost: 1330
Route: [0, 68, 305, 186, 256, 177, 42, 339, 168, 84, 406, 106, 313, 459, 434, 229, 446, 71, 427, 297, 18, 30, 403, 464, 328, 435, 204, 433, 450, 473, 320, 194, 16, 280, 119, 411, 50, 152, 401, 478, 261, 424, 489, 211, 83, 288, 0]
Volume: 10.9801
Cost: 948
Route: [0, 82, 415, 80, 304, 393, 426, 163, 268, 219, 45, 153, 193, 381, 255, 225, 86, 350, 189, 105, 59, 101, 474, 149, 376, 232, 147, 384, 67, 361, 461, 379, 155, 413, 40, 332, 114, 468, 274, 394, 60, 35, 442, 440, 331, 0]
Volume: 8.3791
Cost: 1900
Route: [0, 409, 190, 494, 441, 314, 70, 262, 23, 117, 295, 92, 205, 258, 347, 279, 17, 378, 289, 407, 363, 213, 490, 99, 452, 391, 148, 483, 263, 143, 131, 252, 385, 353, 217, 284, 484, 0]
Volume: 9.3341
Cost: 1518
Route: [0, 172, 64, 25, 38, 94, 157, 150, 195, 139, 429, 178, 460, 65, 170, 118, 423, 327, 439, 372, 242, 198, 481, 457, 364, 285, 127, 44, 436, 344, 69, 52, 46, 2, 322, 137, 238, 182, 112, 431, 408, 0]
Volume: 11.6821
Cost: 4337
Route: [0, 58, 98, 48, 438, 335, 428, 326, 497, 19, 49, 456, 388, 383, 187, 377, 430, 156, 216, 66, 7, 91, 477, 266, 100, 475, 493, 27, 462, 487, 243, 179, 212, 302, 85, 355, 9, 0]
Volume: 11.401
Cost: 2412
Route: [0, 76, 174, 221, 458, 161, 278, 56, 169, 93, 128, 259, 26, 254, 41, 81, 140, 307, 453, 61, 410, 370, 130, 495, 122, 239, 499, 359, 290, 53, 250, 103, 309, 146, 315, 421, 340, 492, 176, 141, 480, 0]
Volume: 9.962
Cost: 1916
Route: [0, 333, 96, 374, 463, 90, 222, 323, 341, 399, 5, 226, 230, 362, 184, 74, 109, 12, 87, 476, 472, 245, 215, 116, 418, 402, 54, 224, 13, 113, 206, 444, 293, 244, 0]
Volume: 7.358
Cost: 3938
Route: [0, 234, 1, 191, 488, 196, 11, 310, 210, 144, 357, 20, 420, 360, 467, 366, 228, 367, 496, 108, 125, 294, 0]
Volume: 6.501
Cost: 1191
