OFV: 288784.0

Route: [0, 233, 40, 203, 67, 54, 195, 127, 50, 215, 168, 71, 220, 107, 112, 224, 60, 29, 116, 10, 174, 103, 171, 227, 172, 166, 109, 167, 231, 120, 187, 77, 183, 100, 0]
Volume: 12.352
Cost: 40053
Route: [0, 218, 86, 59, 204, 57, 115, 105, 153, 14, 56, 131, 35, 179, 12, 31, 200, 155, 178, 128, 185, 85, 89, 73, 33, 0]
Volume: 12.022
Cost: 19258
Route: [0, 230, 160, 22, 154, 1, 37, 245, 52, 238, 146, 142, 249, 2, 44, 148, 79, 117, 229, 102, 152, 3, 119, 97, 137, 121, 48, 0]
Volume: 11.41
Cost: 40639
Route: [0, 72, 58, 80, 210, 213, 222, 197, 151, 181, 243, 158, 87, 82, 91, 244, 136, 159, 95, 78, 189, 38, 236, 198, 248, 39, 11, 182, 36, 216, 144, 0]
Volume: 12.3761
Cost: 30977
Route: [0, 193, 199, 30, 246, 241, 196, 188, 132, 223, 90, 143, 130, 212, 113, 94, 134, 122, 161, 111, 61, 8, 135, 194, 0]
Volume: 12.5
Cost: 42142
Route: [0, 101, 65, 93, 147, 118, 150, 16, 217, 164, 7, 75, 104, 32, 45, 84, 55, 24, 88, 170, 26, 5, 140, 237, 173, 0]
Volume: 12.3941
Cost: 22698
Route: [0, 34, 201, 232, 141, 225, 157, 226, 46, 129, 124, 25, 192, 62, 162, 133, 176, 126, 19, 4, 165, 0]
Volume: 12.3601
Cost: 30554
Route: [0, 156, 43, 64, 13, 53, 202, 99, 186, 81, 66, 0]
Volume: 7.388
Cost: 3970
Route: [0, 175, 70, 28, 9, 145, 221, 92, 18, 123, 163, 68, 169, 139, 106, 177, 63, 190, 27, 191, 211, 184, 208, 96, 180, 41, 247, 114, 205, 0]
Volume: 12.478
Cost: 21533
Route: [0, 219, 108, 51, 207, 138, 20, 15, 17, 49, 47, 98, 149, 228, 110, 125, 69, 234, 6, 206, 74, 239, 242, 214, 235, 83, 21, 76, 240, 42, 23, 209, 0]
Volume: 12.19
Cost: 36960
