OFV: 16144.0

Route: [0, 8, 20, 1, 4, 96, 51, 35, 75, 71, 58, 86, 33, 29, 40, 6, 53, 99, 59, 79, 64, 54, 66, 14, 45, 18, 0]
Volume: 4.5631
Cost: 3613
Route: [0, 12, 57, 26, 30, 73, 63, 88, 83, 74, 16, 70, 21, 15, 62, 77, 90, 36, 65, 81, 44, 17, 0]
Volume: 4.712
Cost: 3963
Route: [0, 48, 55, 89, 87, 60, 84, 76, 98, 97, 13, 31, 41, 67, 37, 25, 61, 82, 9, 95, 11, 0]
Volume: 4.9269
Cost: 2735
Route: [0, 27, 43, 34, 93, 5, 68, 32, 38, 56, 24, 94, 23, 69, 92, 47, 39, 0]
Volume: 4.3992
Cost: 3742
Route: [0, 7, 46, 85, 78, 49, 52, 80, 10, 2, 19, 42, 3, 22, 50, 72, 91, 28, 0]
Volume: 3.963
Cost: 2091
