OFV: 88482.0

Route: [0, 358, 360, 224, 130, 381, 231, 191, 334, 166, 444, 205, 280, 470, 147, 372, 240, 181, 3, 342, 409, 235, 193, 244, 418, 287, 111, 96, 221, 97, 140, 277, 466, 399, 127, 108, 445, 349, 248, 380, 250, 125, 52, 401, 4, 242, 198, 369, 126, 92, 461, 330, 446, 402, 158, 50, 344, 408, 429, 485, 243, 131, 382, 262, 354, 436, 368, 414, 348, 361, 142, 17, 264, 8, 94, 393, 58, 216, 139, 443, 145, 412, 38, 373, 439, 267, 153, 482, 325, 0]
Volume: 10.2355
Cost: 18540
Route: [0, 375, 241, 351, 11, 474, 487, 73, 137, 475, 294, 223, 239, 428, 320, 298, 67, 62, 263, 447, 271, 346, 103, 306, 278, 176, 434, 159, 254, 279, 326, 156, 84, 289, 120, 54, 194, 177, 364, 455, 251, 451, 498, 283, 227, 378, 68, 352, 53, 390, 76, 165, 183, 65, 121, 179, 72, 228, 138, 34, 114, 392, 202, 299, 288, 71, 143, 141, 171, 411, 353, 274, 132, 495, 322, 86, 168, 275, 499, 460, 367, 187, 160, 70, 284, 99, 203, 356, 210, 338, 80, 157, 319, 450, 61, 335, 425, 488, 0]
Volume: 11.9806
Cost: 12948
Route: [0, 496, 211, 307, 407, 123, 134, 489, 494, 265, 440, 14, 133, 169, 9, 456, 115, 167, 395, 291, 420, 7, 469, 366, 459, 478, 91, 101, 297, 174, 384, 355, 389, 442, 400, 406, 104, 268, 345, 491, 112, 261, 256, 276, 266, 492, 170, 286, 371, 196, 314, 161, 118, 329, 129, 232, 128, 477, 135, 249, 19, 155, 82, 379, 304, 85, 150, 317, 238, 302, 21, 253, 362, 383, 105, 26, 74, 476, 441, 394, 178, 5, 437, 95, 301, 0]
Volume: 10.9902
Cost: 16980
Route: [0, 260, 385, 233, 313, 282, 296, 10, 79, 1, 457, 164, 448, 124, 374, 60, 51, 47, 324, 110, 218, 208, 370, 119, 431, 229, 31, 247, 230, 343, 149, 421, 106, 182, 18, 136, 426, 341, 100, 318, 186, 0]
Volume: 5.0047
Cost: 9402
Route: [0, 357, 404, 33, 90, 55, 258, 185, 300, 172, 56, 213, 6, 376, 204, 234, 214, 49, 13, 410, 57, 471, 462, 465, 416, 432, 154, 449, 452, 359, 415, 328, 163, 201, 293, 102, 245, 12, 316, 484, 151, 22, 199, 252, 226, 347, 311, 365, 388, 37, 66, 458, 77, 109, 43, 36, 309, 215, 413, 220, 83, 87, 483, 308, 75, 24, 396, 197, 272, 333, 281, 337, 403, 321, 323, 464, 78, 41, 122, 35, 46, 305, 473, 257, 93, 146, 292, 438, 435, 255, 303, 81, 107, 339, 20, 0]
Volume: 10.9391
Cost: 11448
Route: [0, 225, 340, 423, 481, 480, 180, 350, 212, 397, 27, 113, 387, 200, 479, 377, 417, 312, 273, 270, 454, 497, 184, 45, 422, 493, 419, 28, 188, 295, 63, 391, 206, 237, 332, 192, 486, 175, 463, 217, 64, 453, 16, 29, 15, 405, 285, 116, 39, 42, 490, 40, 173, 246, 98, 44, 117, 48, 236, 290, 144, 398, 59, 363, 2, 259, 386, 430, 269, 189, 89, 190, 310, 467, 424, 315, 207, 327, 468, 222, 336, 30, 148, 219, 433, 209, 152, 88, 25, 32, 195, 69, 331, 162, 472, 23, 427, 0]
Volume: 12.4176
Cost: 19164
