OFV: 14629.0

Route: [0, 32, 19, 61, 88, 99, 24, 55, 62, 57, 91, 7, 42, 33, 2, 5, 70, 82, 8, 40, 77, 4, 18, 25, 43, 68, 54, 74, 0]
Volume: 12.162
Cost: 2524
Route: [0, 85, 93, 37, 80, 36, 50, 28, 16, 17, 13, 96, 98, 30, 71, 69, 39, 38, 14, 11, 92, 48, 66, 83, 0]
Volume: 9.882
Cost: 3939
Route: [0, 86, 46, 31, 67, 58, 10, 6, 95, 81, 41, 52, 76, 44, 1, 35, 72, 79, 65, 90, 97, 89, 12, 26, 9, 94, 0]
Volume: 12.4679
Cost: 4088
Route: [0, 21, 60, 29, 27, 56, 23, 84, 51, 15, 64, 34, 45, 20, 49, 75, 3, 73, 47, 53, 22, 63, 87, 59, 78, 0]
Volume: 11.944
Cost: 4078
