OFV: 112683.0

Route: [0, 18, 42, 5, 43, 11, 15, 28, 57, 0]
Volume: 4.884
Cost: 10490
Route: [0, 34, 40, 53, 63, 73, 12, 37, 55, 26, 31, 68, 51, 0]
Volume: 4.744
Cost: 11279
Route: [0, 62, 74, 9, 59, 27, 64, 16, 33, 0]
Volume: 4.0181
Cost: 20326
Route: [0, 23, 36, 4, 6, 52, 69, 49, 39, 10, 72, 0]
Volume: 4.746
Cost: 13952
Route: [0, 35, 14, 61, 56, 58, 1, 17, 44, 0]
Volume: 4.812
Cost: 14921
Route: [0, 3, 29, 54, 21, 0]
Volume: 4.0
Cost: 5346
Route: [0, 24, 13, 45, 25, 48, 0]
Volume: 4.134
Cost: 6967
Route: [0, 8, 47, 70, 67, 71, 2, 41, 60, 46, 0]
Volume: 4.298
Cost: 14654
Route: [0, 30, 38, 66, 65, 50, 22, 20, 19, 7, 32, 0]
Volume: 4.698
Cost: 14748
