OFV: 47511.0

Route: [0, 53, 1, 56, 90, 77, 75, 96, 47, 40, 54, 52, 85, 0]
Volume: 4.8291
Cost: 6288
Route: [0, 48, 44, 21, 51, 8, 49, 29, 84, 94, 37, 38, 6, 78, 24, 68, 73, 7, 70, 67, 27, 57, 0]
Volume: 4.749
Cost: 8220
Route: [0, 76, 89, 4, 64, 58, 2, 93, 71, 41, 74, 86, 46, 35, 33, 16, 87, 9, 97, 59, 14, 88, 0]
Volume: 4.719
Cost: 10139
Route: [0, 55, 12, 5, 17, 69, 36, 22, 11, 83, 13, 63, 32, 28, 0]
Volume: 4.185
Cost: 8121
Route: [0, 10, 65, 19, 98, 61, 72, 23, 79, 81, 20, 91, 34, 80, 60, 82, 26, 39, 95, 0]
Volume: 4.189
Cost: 7882
Route: [0, 62, 45, 92, 25, 18, 99, 42, 50, 3, 66, 31, 30, 15, 43, 0]
Volume: 3.719
Cost: 6861
