OFV: 1473483.0

Route: [0, 266, 276, 299, 317, 334, 411, 449, 484, 342, 101, 27, 227, 375, 405, 39, 380, 448, 264, 395, 34, 219, 271, 197, 195, 275, 0]
Volume: 4.9971
Cost: 53755
Route: [0, 199, 55, 153, 257, 3, 64, 78, 236, 445, 13, 194, 286, 348, 282, 467, 204, 11, 7, 0]
Volume: 4.9851
Cost: 59902
Route: [0, 325, 233, 381, 293, 106, 442, 6, 168, 466, 127, 486, 416, 270, 295, 482, 427, 218, 305, 287, 290, 85, 0]
Volume: 4.9052
Cost: 62983
Route: [0, 336, 59, 124, 239, 224, 294, 255, 251, 157, 166, 160, 280, 114, 455, 468, 215, 0]
Volume: 4.741
Cost: 46723
Route: [0, 406, 45, 388, 302, 328, 58, 360, 180, 170, 311, 496, 431, 261, 458, 259, 401, 353, 483, 140, 319, 408, 137, 189, 29, 371, 379, 0]
Volume: 4.99
Cost: 62905
Route: [0, 487, 447, 76, 330, 417, 235, 397, 425, 198, 438, 376, 439, 84, 350, 72, 87, 303, 291, 0]
Volume: 4.9771
Cost: 61437
Route: [0, 387, 88, 253, 73, 4, 125, 433, 102, 31, 384, 62, 373, 200, 179, 141, 164, 126, 91, 316, 44, 459, 9, 470, 359, 346, 80, 154, 0]
Volume: 4.912
Cost: 60545
Route: [0, 374, 424, 105, 436, 250, 75, 234, 356, 339, 430, 130, 10, 457, 56, 314, 63, 231, 115, 67, 0]
Volume: 4.877
Cost: 52669
Route: [0, 413, 178, 107, 403, 463, 138, 461, 136, 143, 30, 173, 116, 210, 205, 213, 312, 33, 474, 341, 1, 0]
Volume: 4.9831
Cost: 62958
Route: [0, 247, 245, 352, 14, 307, 152, 47, 344, 320, 443, 20, 296, 57, 123, 452, 368, 390, 132, 181, 188, 201, 108, 0]
Volume: 4.8941
Cost: 63514
Route: [0, 338, 358, 386, 337, 313, 301, 284, 243, 0]
Volume: 1.724
Cost: 41673
Route: [0, 222, 347, 326, 35, 146, 469, 402, 22, 133, 155, 186, 43, 382, 249, 477, 17, 248, 171, 426, 277, 254, 324, 471, 65, 434, 19, 151, 49, 196, 357, 79, 0]
Volume: 4.968
Cost: 64831
Route: [0, 165, 97, 407, 148, 265, 142, 113, 331, 349, 163, 158, 241, 40, 26, 460, 364, 492, 396, 0]
Volume: 4.958
Cost: 72624
Route: [0, 129, 462, 60, 122, 281, 451, 174, 8, 252, 28, 228, 221, 340, 38, 145, 112, 51, 423, 0]
Volume: 4.9441
Cost: 55687
Route: [0, 5, 100, 369, 363, 184, 90, 70, 66, 135, 15, 238, 366, 98, 345, 0]
Volume: 4.658
Cost: 47615
Route: [0, 404, 362, 12, 389, 272, 71, 161, 93, 385, 497, 74, 61, 216, 209, 435, 16, 109, 0]
Volume: 4.3441
Cost: 42018
Route: [0, 120, 498, 191, 94, 229, 476, 409, 480, 361, 383, 42, 392, 237, 230, 315, 494, 211, 183, 0]
Volume: 4.9561
Cost: 58264
Route: [0, 103, 421, 111, 223, 391, 279, 182, 21, 418, 246, 82, 207, 220, 323, 354, 351, 464, 308, 0]
Volume: 4.9561
Cost: 54087
Route: [0, 343, 273, 50, 144, 429, 437, 365, 175, 139, 24, 260, 36, 169, 23, 54, 378, 96, 309, 478, 473, 41, 81, 118, 491, 68, 0]
Volume: 4.972
Cost: 60039
Route: [0, 52, 162, 355, 268, 495, 267, 393, 399, 274, 394, 367, 2, 187, 77, 372, 0]
Volume: 4.858
Cost: 45699
Route: [0, 48, 203, 485, 322, 298, 99, 83, 190, 192, 185, 121, 288, 398, 226, 450, 400, 156, 117, 422, 0]
Volume: 4.9601
Cost: 68011
Route: [0, 110, 488, 444, 202, 167, 177, 499, 321, 69, 285, 335, 104, 306, 0]
Volume: 4.958
Cost: 51263
Route: [0, 333, 332, 304, 283, 32, 25, 53, 150, 419, 489, 269, 410, 208, 232, 297, 454, 441, 370, 159, 217, 0]
Volume: 4.973
Cost: 63744
Route: [0, 432, 18, 493, 242, 258, 318, 225, 256, 240, 289, 244, 176, 310, 95, 0]
Volume: 4.964
Cost: 51496
Route: [0, 134, 479, 278, 206, 89, 456, 262, 212, 37, 490, 428, 86, 300, 147, 412, 119, 472, 46, 465, 263, 131, 453, 0]
Volume: 4.985
Cost: 58246
Route: [0, 415, 420, 214, 481, 475, 128, 92, 327, 193, 149, 292, 329, 414, 377, 172, 446, 440, 0]
Volume: 4.9361
Cost: 50795
