OFV: 291309.0

Route: [0, 239, 165, 164, 178, 54, 193, 184, 201, 187, 116, 58, 0]
Volume: 4.9421
Cost: 10407
Route: [0, 211, 185, 72, 99, 145, 216, 68, 84, 52, 27, 73, 0]
Volume: 4.926
Cost: 15196
Route: [0, 230, 93, 232, 100, 131, 186, 28, 98, 0]
Volume: 4.8361
Cost: 20093
Route: [0, 182, 9, 25, 176, 140, 101, 92, 85, 48, 157, 0]
Volume: 4.9541
Cost: 7084
Route: [0, 71, 40, 108, 172, 123, 135, 127, 2, 94, 83, 62, 41, 179, 0]
Volume: 4.988
Cost: 14570
Route: [0, 23, 229, 199, 112, 244, 154, 150, 21, 212, 181, 169, 148, 37, 126, 76, 177, 0]
Volume: 4.9179
Cost: 11737
Route: [0, 215, 60, 79, 208, 213, 166, 113, 111, 224, 0]
Volume: 4.65
Cost: 6994
Route: [0, 35, 64, 204, 109, 46, 147, 125, 243, 102, 158, 240, 105, 0]
Volume: 4.836
Cost: 18049
Route: [0, 104, 86, 43, 155, 245, 0]
Volume: 4.93
Cost: 8250
Route: [0, 95, 74, 132, 55, 29, 42, 120, 88, 81, 57, 0]
Volume: 4.944
Cost: 11631
Route: [0, 189, 67, 122, 70, 14, 15, 32, 13, 7, 38, 0]
Volume: 4.174
Cost: 8601
Route: [0, 114, 117, 171, 34, 205, 144, 167, 4, 210, 45, 225, 12, 91, 0]
Volume: 4.758
Cost: 16350
Route: [0, 161, 1, 77, 33, 137, 119, 78, 130, 241, 107, 133, 0]
Volume: 4.908
Cost: 10757
Route: [0, 249, 51, 242, 44, 221, 11, 106, 0]
Volume: 4.954
Cost: 13516
Route: [0, 31, 39, 159, 96, 143, 188, 26, 219, 134, 160, 233, 234, 3, 237, 53, 0]
Volume: 4.992
Cost: 17379
Route: [0, 49, 231, 124, 227, 121, 152, 198, 115, 128, 20, 0]
Volume: 4.9701
Cost: 13781
Route: [0, 218, 22, 170, 87, 56, 5, 153, 156, 206, 168, 36, 66, 238, 192, 0]
Volume: 4.8679
Cost: 21571
Route: [0, 75, 149, 89, 191, 228, 226, 222, 214, 59, 16, 0]
Volume: 4.852
Cost: 7386
Route: [0, 217, 10, 118, 136, 90, 247, 129, 183, 246, 0]
Volume: 4.9361
Cost: 11063
Route: [0, 235, 174, 142, 138, 190, 50, 146, 151, 82, 200, 163, 0]
Volume: 4.334
Cost: 9644
Route: [0, 207, 209, 162, 8, 248, 19, 195, 47, 17, 236, 220, 0]
Volume: 4.894
Cost: 8557
Route: [0, 18, 30, 97, 61, 223, 175, 180, 173, 103, 141, 0]
Volume: 4.858
Cost: 17644
Route: [0, 203, 65, 80, 24, 194, 110, 69, 63, 196, 197, 6, 139, 202, 0]
Volume: 4.978
Cost: 11049
