OFV: 17650.0

Route: [0, 65, 89, 66, 40, 61, 18, 31, 81, 32, 75, 60, 84, 49, 68, 3, 12, 22, 0]
Volume: 4.6231
Cost: 4681
Route: [0, 36, 23, 80, 30, 57, 17, 4, 43, 19, 69, 37, 1, 39, 35, 25, 48, 16, 52, 15, 14, 0]
Volume: 4.874
Cost: 2401
Route: [0, 67, 74, 20, 77, 95, 38, 45, 51, 47, 53, 46, 33, 41, 85, 8, 71, 93, 98, 44, 42, 97, 26, 0]
Volume: 4.951
Cost: 3502
Route: [0, 50, 11, 5, 70, 24, 83, 62, 59, 82, 10, 79, 28, 76, 64, 73, 96, 94, 29, 9, 92, 54, 63, 88, 27, 0]
Volume: 4.893
Cost: 4665
Route: [0, 78, 13, 34, 55, 86, 7, 58, 21, 6, 91, 2, 72, 87, 90, 56, 99, 0]
Volume: 4.566
Cost: 2401
