OFV: 84770.0

Route: [0, 12, 24, 180, 29, 213, 175, 56, 271, 125, 450, 331, 474, 434, 347, 486, 50, 243, 323, 467, 349, 438, 115, 197, 235, 108, 158, 198, 306, 460, 490, 52, 225, 350, 269, 246, 265, 137, 124, 97, 30, 482, 360, 0]
Volume: 4.8645
Cost: 7781
Route: [0, 424, 114, 135, 386, 384, 232, 451, 408, 461, 38, 305, 466, 444, 234, 266, 342, 488, 411, 262, 346, 194, 442, 90, 72, 118, 0]
Volume: 3.8243
Cost: 3179
Route: [0, 209, 73, 433, 421, 146, 325, 340, 449, 35, 39, 134, 51, 400, 371, 112, 492, 133, 4, 81, 138, 334, 499, 121, 320, 18, 45, 285, 127, 161, 87, 413, 270, 170, 227, 68, 330, 316, 309, 284, 390, 0]
Volume: 4.9742
Cost: 7824
Route: [0, 430, 281, 391, 123, 454, 70, 435, 14, 423, 495, 163, 279, 132, 95, 27, 183, 288, 268, 283, 362, 299, 445, 369, 42, 468, 54, 141, 363, 274, 313, 181, 253, 417, 387, 241, 33, 366, 172, 0]
Volume: 4.2929
Cost: 6740
Route: [0, 255, 402, 240, 105, 136, 289, 476, 359, 46, 463, 212, 26, 341, 200, 307, 150, 452, 98, 185, 257, 290, 160, 8, 156, 496, 276, 173, 79, 60, 249, 406, 343, 76, 88, 374, 472, 71, 78, 370, 0]
Volume: 4.8065
Cost: 7148
Route: [0, 308, 230, 7, 236, 405, 440, 498, 119, 186, 162, 222, 210, 184, 252, 205, 140, 455, 318, 106, 453, 167, 62, 63, 484, 291, 381, 407, 165, 49, 23, 0]
Volume: 4.656
Cost: 4044
Route: [0, 480, 215, 483, 375, 377, 142, 244, 314, 248, 32, 55, 489, 425, 355, 75, 287, 315, 179, 295, 259, 358, 2, 171, 40, 113, 367, 250, 317, 0]
Volume: 4.8128
Cost: 7150
Route: [0, 228, 364, 37, 34, 382, 376, 426, 182, 211, 19, 321, 159, 22, 494, 251, 336, 157, 80, 485, 428, 310, 147, 326, 422, 13, 277, 272, 459, 247, 91, 464, 66, 263, 164, 109, 273, 393, 10, 256, 477, 0]
Volume: 4.825
Cost: 6089
Route: [0, 17, 446, 48, 462, 493, 332, 214, 361, 20, 267, 412, 101, 143, 231, 404, 335, 439, 242, 487, 348, 471, 389, 296, 280, 92, 497, 149, 148, 278, 481, 427, 116, 199, 223, 333, 103, 401, 64, 192, 0]
Volume: 4.9675
Cost: 6325
Route: [0, 220, 82, 429, 190, 385, 388, 43, 258, 130, 94, 237, 293, 419, 327, 436, 126, 372, 89, 475, 432, 21, 0]
Volume: 3.1045
Cost: 4199
Route: [0, 443, 418, 107, 120, 193, 5, 176, 441, 139, 478, 301, 469, 319, 470, 351, 47, 479, 292, 312, 65, 69, 398, 329, 6, 96, 86, 102, 201, 67, 3, 187, 0]
Volume: 4.988
Cost: 3620
Route: [0, 152, 207, 380, 83, 202, 294, 353, 403, 456, 221, 465, 31, 395, 415, 61, 145, 394, 131, 378, 473, 338, 491, 178, 379, 254, 448, 344, 36, 208, 328, 399, 356, 339, 151, 59, 144, 396, 188, 298, 41, 260, 383, 168, 0]
Volume: 4.9557
Cost: 6259
Route: [0, 153, 196, 216, 85, 104, 409, 11, 352, 166, 354, 437, 100, 177, 58, 206, 110, 345, 174, 303, 189, 458, 53, 420, 233, 357, 111, 410, 218, 155, 224, 57, 226, 324, 25, 286, 261, 302, 368, 275, 117, 238, 0]
Volume: 4.9611
Cost: 7255
Route: [0, 203, 239, 219, 264, 365, 169, 300, 229, 84, 322, 128, 392, 1, 93, 447, 297, 431, 204, 245, 217, 414, 457, 304, 129, 122, 311, 416, 99, 74, 154, 282, 16, 191, 9, 28, 397, 15, 195, 44, 77, 337, 373, 0]
Volume: 4.8531
Cost: 7157
