OFV: 19795.0

Route: [0, 97, 137, 2, 236, 8, 238, 157, 13, 131, 140, 89, 17, 210, 167, 166, 4, 211, 74, 175, 189, 19, 209, 227, 225, 39, 190, 206, 112, 249, 22, 186, 223, 96, 162, 24, 179, 87, 153, 53, 73, 240, 124, 217, 21, 219, 221, 16, 241, 239, 41, 204, 104, 246, 183, 181, 9, 57, 182, 172, 154, 54, 105, 185, 7, 78, 184, 180, 26, 0]
Volume: 10.2479
Cost: 8292
Route: [0, 29, 198, 94, 213, 11, 101, 199, 52, 107, 226, 77, 233, 174, 126, 237, 220, 169, 151, 234, 61, 145, 59, 113, 82, 45, 6, 243, 71, 133, 48, 178, 214, 242, 147, 152, 165, 5, 80, 85, 15, 150, 146, 132, 91, 123, 116, 12, 25, 176, 90, 136, 129, 95, 114, 14, 235, 195, 30, 103, 230, 160, 197, 163, 149, 244, 102, 173, 56, 139, 88, 196, 218, 35, 192, 3, 159, 66, 33, 62, 76, 36, 117, 34, 118, 109, 32, 38, 232, 0]
Volume: 10.293
Cost: 6576
Route: [0, 81, 100, 187, 44, 188, 193, 110, 158, 93, 122, 64, 231, 43, 177, 63, 98, 168, 171, 208, 141, 20, 229, 31, 86, 228, 247, 83, 121, 111, 18, 27, 138, 69, 68, 70, 155, 50, 135, 148, 75, 28, 120, 212, 79, 215, 115, 164, 60, 92, 40, 119, 67, 142, 1, 207, 10, 51, 222, 248, 127, 65, 128, 202, 203, 245, 23, 99, 144, 108, 49, 216, 201, 161, 46, 156, 37, 170, 191, 84, 55, 134, 47, 200, 143, 72, 58, 125, 205, 194, 42, 130, 106, 224, 0]
Volume: 9.812
Cost: 4927
