OFV: 19666.0

Route: [0, 85, 31, 34, 7, 45, 29, 26, 62, 98, 97, 72, 99, 0]
Volume: 4.88
Cost: 2210
Route: [0, 30, 47, 8, 10, 60, 73, 4, 69, 71, 58, 43, 15, 0]
Volume: 4.8881
Cost: 2767
Route: [0, 81, 75, 35, 88, 96, 22, 83, 63, 49, 32, 79, 0]
Volume: 4.926
Cost: 2592
Route: [0, 64, 52, 38, 3, 51, 90, 2, 25, 39, 40, 70, 0]
Volume: 4.726
Cost: 2705
Route: [0, 27, 65, 74, 37, 24, 55, 6, 93, 18, 0]
Volume: 4.298
Cost: 1840
Route: [0, 12, 61, 17, 23, 89, 21, 77, 80, 9, 50, 86, 0]
Volume: 4.964
Cost: 485
Route: [0, 92, 36, 59, 41, 46, 28, 78, 0]
Volume: 4.856
Cost: 1850
Route: [0, 91, 20, 14, 0]
Volume: 2.72
Cost: 3835
Route: [0, 68, 66, 13, 19, 54, 87, 57, 5, 56, 16, 0]
Volume: 4.9081
Cost: 939
Route: [0, 44, 11, 42, 48, 82, 33, 94, 76, 53, 1, 84, 95, 67, 0]
Volume: 4.8
Cost: 443
