OFV: 125012.0

Route: [0, 435, 3, 341, 457, 249, 488, 73, 4, 360, 33, 408, 301, 55, 494, 17, 275, 18, 266, 109, 426, 0]
Volume: 4.7911
Cost: 5336
Route: [0, 333, 380, 262, 192, 156, 137, 141, 411, 135, 470, 441, 445, 222, 310, 29, 0]
Volume: 4.938
Cost: 3893
Route: [0, 448, 37, 162, 436, 268, 295, 276, 294, 431, 460, 116, 388, 59, 477, 318, 198, 221, 272, 130, 252, 315, 144, 317, 311, 0]
Volume: 4.7851
Cost: 5273
Route: [0, 371, 418, 357, 242, 143, 350, 379, 422, 169, 99, 451, 490, 486, 196, 461, 394, 184, 427, 487, 32, 165, 402, 0]
Volume: 4.9911
Cost: 6185
Route: [0, 331, 80, 413, 261, 302, 101, 209, 296, 220, 352, 409, 97, 438, 202, 238, 31, 119, 321, 329, 368, 160, 0]
Volume: 4.9711
Cost: 5140
Route: [0, 206, 180, 229, 354, 142, 419, 446, 303, 6, 398, 251, 183, 253, 389, 455, 1, 324, 114, 223, 264, 313, 0]
Volume: 4.7899
Cost: 4927
Route: [0, 227, 274, 288, 492, 151, 63, 35, 327, 450, 286, 83, 76, 158, 364, 88, 259, 291, 482, 129, 178, 283, 479, 443, 121, 0]
Volume: 4.988
Cost: 5034
Route: [0, 474, 79, 437, 168, 93, 307, 362, 155, 425, 70, 399, 128, 432, 138, 244, 113, 111, 66, 277, 19, 384, 0]
Volume: 4.726
Cost: 4607
Route: [0, 87, 290, 46, 210, 469, 36, 115, 271, 343, 260, 270, 326, 166, 475, 177, 39, 231, 383, 298, 112, 328, 325, 353, 289, 0]
Volume: 4.9681
Cost: 5889
Route: [0, 194, 356, 215, 60, 423, 332, 442, 124, 239, 20, 403, 320, 468, 174, 89, 208, 157, 376, 134, 64, 462, 71, 161, 269, 181, 0]
Volume: 4.997
Cost: 5969
Route: [0, 466, 334, 77, 207, 167, 75, 400, 147, 120, 233, 314, 68, 293, 217, 237, 30, 369, 146, 190, 449, 338, 0]
Volume: 4.9419
Cost: 5112
Route: [0, 355, 404, 140, 456, 496, 279, 50, 123, 163, 420, 351, 110, 9, 363, 117, 81, 254, 40, 45, 305, 23, 43, 367, 126, 454, 349, 10, 257, 0]
Volume: 4.9932
Cost: 6456
Route: [0, 452, 200, 56, 345, 464, 216, 189, 463, 16, 373, 316, 434, 458, 212, 347, 459, 493, 240, 245, 49, 428, 11, 0]
Volume: 4.925
Cost: 5884
Route: [0, 224, 285, 337, 447, 465, 7, 108, 122, 489, 392, 182, 5, 226, 41, 197, 280, 204, 95, 0]
Volume: 4.816
Cost: 4849
Route: [0, 393, 483, 61, 164, 485, 415, 82, 361, 74, 42, 153, 440, 191, 205, 0]
Volume: 4.736
Cost: 4231
Route: [0, 91, 84, 105, 65, 107, 213, 246, 15, 149, 225, 185, 406, 273, 234, 499, 340, 0]
Volume: 4.913
Cost: 3682
Route: [0, 214, 150, 44, 385, 92, 336, 416, 323, 53, 375, 51, 467, 139, 308, 498, 96, 495, 287, 188, 0]
Volume: 4.859
Cost: 4931
Route: [0, 248, 480, 136, 211, 417, 86, 230, 370, 335, 106, 433, 284, 127, 175, 232, 424, 344, 0]
Volume: 4.988
Cost: 4661
Route: [0, 444, 78, 282, 179, 278, 386, 243, 319, 322, 13, 377, 171, 300, 391, 27, 396, 484, 186, 0]
Volume: 4.338
Cost: 6178
Route: [0, 292, 203, 26, 12, 98, 187, 0]
Volume: 2.417
Cost: 2390
Route: [0, 148, 100, 374, 69, 378, 382, 429, 342, 407, 366, 28, 421, 34, 25, 339, 195, 21, 131, 0]
Volume: 4.997
Cost: 4789
Route: [0, 312, 54, 453, 359, 346, 365, 330, 94, 497, 306, 8, 478, 430, 14, 62, 103, 152, 241, 472, 67, 381, 395, 0]
Volume: 4.898
Cost: 4377
Route: [0, 170, 372, 38, 57, 159, 48, 263, 304, 387, 145, 52, 414, 24, 476, 173, 72, 58, 265, 410, 172, 309, 0]
Volume: 4.821
Cost: 4575
Route: [0, 125, 297, 471, 401, 133, 267, 281, 390, 193, 218, 90, 439, 201, 299, 102, 491, 236, 85, 0]
Volume: 4.512
Cost: 4133
Route: [0, 219, 199, 250, 348, 132, 118, 247, 2, 256, 176, 481, 358, 412, 47, 154, 228, 473, 104, 255, 258, 405, 235, 397, 22, 0]
Volume: 4.9441
Cost: 6511
