OFV: 287510.0

Route: [0, 241, 215, 177, 223, 33, 38, 100, 128, 247, 63, 0]
Volume: 3.904
Cost: 7825
Route: [0, 53, 28, 228, 242, 187, 22, 124, 219, 152, 19, 153, 0]
Volume: 4.902
Cost: 24123
Route: [0, 30, 135, 116, 55, 198, 76, 127, 0]
Volume: 4.558
Cost: 8159
Route: [0, 208, 16, 214, 160, 140, 34, 61, 122, 234, 85, 0]
Volume: 4.906
Cost: 16368
Route: [0, 169, 60, 13, 120, 58, 112, 0]
Volume: 4.996
Cost: 11234
Route: [0, 31, 213, 70, 193, 35, 110, 238, 81, 173, 62, 0]
Volume: 4.896
Cost: 13280
Route: [0, 137, 199, 59, 246, 12, 99, 129, 164, 245, 163, 0]
Volume: 4.466
Cost: 13357
Route: [0, 204, 92, 239, 141, 209, 200, 107, 0]
Volume: 4.8541
Cost: 9313
Route: [0, 131, 104, 56, 66, 111, 155, 0]
Volume: 4.58
Cost: 9672
Route: [0, 181, 150, 210, 230, 162, 15, 11, 146, 220, 23, 41, 0]
Volume: 4.934
Cost: 14613
Route: [0, 8, 243, 196, 82, 178, 79, 231, 168, 18, 114, 133, 222, 0]
Volume: 4.55
Cost: 10653
Route: [0, 51, 71, 192, 91, 134, 78, 9, 43, 21, 236, 166, 0]
Volume: 4.6139
Cost: 8398
Route: [0, 48, 158, 212, 5, 185, 203, 207, 0]
Volume: 4.98
Cost: 9481
Route: [0, 24, 94, 149, 217, 113, 45, 42, 65, 0]
Volume: 4.624
Cost: 14554
Route: [0, 180, 189, 80, 125, 83, 229, 206, 6, 3, 211, 72, 179, 165, 0]
Volume: 4.9781
Cost: 11680
Route: [0, 126, 147, 224, 182, 167, 117, 87, 171, 157, 98, 123, 44, 148, 36, 84, 0]
Volume: 4.768
Cost: 14457
Route: [0, 145, 121, 186, 197, 118, 161, 136, 139, 108, 69, 73, 26, 0]
Volume: 4.946
Cost: 8965
Route: [0, 154, 142, 64, 46, 74, 97, 132, 240, 54, 14, 10, 7, 0]
Volume: 4.89
Cost: 7102
Route: [0, 49, 202, 67, 75, 17, 235, 156, 105, 101, 244, 190, 218, 0]
Volume: 4.912
Cost: 13524
Route: [0, 88, 119, 130, 47, 143, 191, 225, 1, 205, 20, 144, 194, 0]
Volume: 3.9941
Cost: 8199
Route: [0, 86, 27, 248, 40, 188, 183, 201, 103, 77, 249, 226, 32, 109, 68, 227, 170, 0]
Volume: 4.774
Cost: 16158
Route: [0, 50, 151, 29, 159, 4, 52, 39, 57, 106, 102, 90, 37, 184, 115, 232, 25, 138, 0]
Volume: 4.73
Cost: 21225
Route: [0, 237, 96, 2, 172, 174, 95, 175, 221, 233, 89, 176, 216, 93, 195, 0]
Volume: 4.9881
Cost: 15170
