OFV: 263968.0

Route: [0, 31, 70, 91, 2, 59, 3, 51, 38, 81, 24, 95, 57, 80, 6, 69, 62, 40, 75, 65, 0]
Volume: 12.4721
Cost: 43496
Route: [0, 14, 49, 15, 25, 1, 18, 82, 7, 22, 77, 30, 21, 61, 76, 85, 52, 96, 35, 84, 93, 8, 73, 83, 60, 28, 0]
Volume: 12.328
Cost: 53307
Route: [0, 9, 5, 78, 29, 34, 89, 0]
Volume: 2.772
Cost: 34071
Route: [0, 37, 88, 54, 48, 50, 16, 92, 87, 32, 44, 33, 47, 46, 45, 26, 17, 11, 74, 68, 23, 4, 94, 56, 79, 36, 10, 0]
Volume: 12.498
Cost: 75825
Route: [0, 71, 67, 41, 86, 27, 13, 64, 72, 97, 98, 42, 63, 19, 20, 90, 43, 12, 39, 99, 58, 53, 66, 55, 0]
Volume: 12.2561
Cost: 57269
