OFV: 9515.0

Route: [0, 83, 7, 55, 64, 31, 85, 92, 82, 78, 49, 19, 48, 51, 79, 0]
Volume: 4.207
Cost: 1300
Route: [0, 80, 91, 21, 6, 37, 35, 52, 41, 89, 27, 26, 61, 40, 70, 38, 0]
Volume: 4.727
Cost: 2110
Route: [0, 99, 24, 75, 15, 58, 56, 14, 46, 95, 16, 77, 10, 42, 18, 36, 62, 8, 39, 2, 23, 9, 17, 11, 81, 74, 20, 0]
Volume: 4.887
Cost: 1324
Route: [0, 29, 47, 97, 32, 67, 88, 59, 93, 33, 76, 68, 45, 71, 86, 87, 66, 63, 22, 44, 98, 84, 28, 72, 1, 5, 43, 0]
Volume: 4.9912
Cost: 2390
Route: [0, 12, 30, 57, 96, 4, 13, 53, 34, 60, 65, 25, 73, 90, 94, 54, 50, 69, 3, 0]
Volume: 4.6171
Cost: 2391
