OFV: 99265.0

Route: [0, 445, 459, 334, 139, 242, 31, 331, 102, 147, 248, 309, 48, 337, 11, 299, 431, 184, 265, 142, 69, 239, 421, 222, 64, 433, 212, 316, 246, 174, 114, 271, 233, 232, 424, 376, 81, 227, 258, 40, 132, 382, 398, 163, 370, 307, 306, 58, 173, 341, 0]
Volume: 12.1791
Cost: 9376
Route: [0, 472, 146, 360, 371, 480, 117, 245, 96, 352, 93, 106, 317, 260, 110, 403, 80, 494, 416, 434, 32, 206, 168, 254, 333, 417, 9, 229, 276, 454, 47, 16, 219, 487, 63, 204, 497, 498, 213, 13, 165, 314, 460, 196, 386, 167, 0]
Volume: 12.3572
Cost: 9238
Route: [0, 465, 151, 318, 324, 203, 210, 211, 492, 74, 302, 192, 443, 310, 152, 369, 330, 170, 247, 103, 91, 277, 201, 428, 107, 164, 230, 136, 44, 181, 397, 143, 198, 148, 4, 92, 458, 481, 121, 87, 220, 0]
Volume: 9.814
Cost: 8454
Route: [0, 149, 131, 313, 411, 374, 185, 418, 35, 43, 392, 61, 190, 130, 495, 367, 303, 482, 383, 105, 345, 455, 468, 320, 372, 66, 83, 343, 88, 26, 384, 496, 216, 3, 405, 286, 238, 73, 50, 144, 350, 0]
Volume: 9.9073
Cost: 6829
Route: [0, 205, 464, 59, 280, 477, 36, 449, 177, 440, 28, 357, 71, 89, 288, 109, 113, 363, 452, 274, 240, 39, 42, 412, 365, 364, 100, 295, 321, 94, 179, 346, 450, 135, 115, 329, 252, 171, 423, 414, 41, 339, 2, 22, 436, 0]
Volume: 11.2692
Cost: 7245
Route: [0, 328, 52, 272, 118, 437, 387, 400, 133, 426, 104, 268, 368, 1, 199, 463, 305, 359, 467, 394, 45, 296, 97, 24, 250, 8, 62, 127, 291, 342, 335, 325, 279, 283, 78, 410, 429, 457, 162, 176, 461, 0]
Volume: 11.0251
Cost: 6185
Route: [0, 273, 241, 60, 447, 419, 362, 214, 145, 389, 153, 226, 355, 218, 377, 124, 489, 456, 18, 385, 488, 128, 134, 356, 473, 120, 451, 29, 253, 278, 304, 191, 251, 123, 297, 108, 285, 158, 270, 348, 474, 0]
Volume: 12.007
Cost: 8409
Route: [0, 125, 289, 353, 15, 425, 427, 491, 284, 38, 349, 422, 269, 65, 208, 336, 188, 235, 202, 119, 243, 129, 159, 12, 448, 150, 420, 234, 340, 207, 72, 194, 49, 172, 112, 187, 380, 141, 323, 0]
Volume: 11.6233
Cost: 8212
Route: [0, 21, 484, 56, 225, 197, 264, 404, 160, 10, 315, 7, 68, 493, 155, 182, 237, 79, 76, 396, 476, 257, 53, 442, 308, 217, 326, 430, 478, 375, 75, 249, 157, 138, 381, 415, 209, 140, 298, 215, 180, 407, 388, 195, 82, 453, 300, 446, 292, 221, 137, 266, 402, 287, 0]
Volume: 11.4792
Cost: 11447
Route: [0, 379, 51, 358, 223, 20, 439, 86, 281, 438, 354, 475, 444, 290, 156, 101, 466, 99, 30, 338, 67, 393, 395, 469, 193, 175, 275, 462, 183, 378, 406, 244, 189, 186, 25, 0]
Volume: 10.763
Cost: 8380
Route: [0, 401, 27, 255, 236, 319, 37, 485, 408, 311, 116, 432, 14, 322, 486, 344, 366, 111, 55, 46, 312, 90, 294, 441, 327, 399, 332, 54, 84, 5, 413, 263, 85, 77, 200, 95, 34, 256, 0]
Volume: 12.0342
Cost: 7386
Route: [0, 166, 373, 19, 391, 435, 70, 409, 261, 479, 471, 33, 259, 6, 267, 262, 282, 98, 17, 122, 490, 499, 178, 228, 351, 390, 126, 169, 301, 224, 154, 231, 293, 57, 347, 161, 483, 470, 361, 23, 0]
Volume: 11.827
Cost: 8104
