OFV: 89346.0

Route: [0, 149, 224, 453, 388, 163, 404, 232, 354, 197, 488, 69, 264, 343, 65, 32, 196, 121, 234, 114, 499, 21, 167, 350, 56, 220, 73, 332, 35, 403, 95, 10, 355, 315, 0]
Volume: 4.1522
Cost: 5426
Route: [0, 430, 492, 384, 336, 309, 438, 423, 390, 437, 369, 314, 166, 187, 124, 477, 450, 106, 331, 181, 118, 262, 177, 72, 49, 134, 380, 490, 23, 185, 475, 275, 215, 126, 266, 495, 50, 0]
Volume: 3.9362
Cost: 6900
Route: [0, 240, 306, 219, 387, 471, 82, 460, 287, 337, 489, 308, 133, 171, 302, 396, 363, 299, 485, 200, 285, 273, 206, 480, 370, 265, 410, 2, 105, 146, 263, 311, 16, 112, 345, 140, 0]
Volume: 4.8011
Cost: 6644
Route: [0, 358, 284, 136, 143, 6, 392, 152, 159, 68, 77, 401, 252, 303, 318, 478, 145, 175, 147, 458, 236, 34, 97, 376, 28, 36, 132, 102, 63, 386, 497, 4, 361, 141, 27, 272, 289, 230, 445, 191, 353, 324, 352, 250, 413, 235, 259, 111, 0]
Volume: 4.558
Cost: 6464
Route: [0, 327, 202, 457, 317, 416, 107, 251, 201, 470, 139, 276, 66, 26, 37, 48, 24, 286, 411, 19, 395, 103, 210, 116, 338, 51, 86, 312, 441, 341, 165, 447, 110, 238, 375, 465, 335, 184, 47, 45, 57, 459, 451, 0]
Volume: 4.9741
Cost: 7027
Route: [0, 452, 283, 448, 321, 462, 117, 189, 382, 98, 417, 203, 46, 357, 372, 115, 60, 198, 271, 498, 182, 128, 158, 270, 81, 294, 325, 425, 398, 469, 295, 67, 216, 351, 211, 42, 244, 0]
Volume: 4.8161
Cost: 6126
Route: [0, 248, 43, 279, 310, 307, 436, 426, 131, 269, 367, 383, 40, 53, 20, 137, 319, 151, 155, 94, 12, 371, 217, 257, 366, 135, 55, 25, 393, 422, 442, 415, 3, 205, 293, 389, 75, 433, 168, 320, 127, 101, 0]
Volume: 4.9995
Cost: 7439
Route: [0, 178, 359, 161, 435, 385, 170, 400, 79, 1, 129, 38, 122, 406, 466, 377, 231, 71, 429, 278, 440, 212, 84, 339, 397, 78, 472, 254, 87, 0]
Volume: 4.9642
Cost: 3300
Route: [0, 281, 125, 15, 409, 304, 420, 153, 474, 432, 160, 494, 186, 89, 449, 193, 221, 496, 344, 54, 348, 434, 362, 17, 61, 298, 237, 31, 225, 473, 29, 424, 484, 0]
Volume: 4.0845
Cost: 5415
Route: [0, 74, 364, 330, 482, 62, 368, 209, 402, 428, 180, 227, 305, 88, 242, 154, 52, 120, 378, 381, 183, 247, 479, 64, 300, 138, 249, 316, 301, 394, 282, 297, 157, 39, 454, 446, 83, 90, 326, 192, 104, 0]
Volume: 4.992
Cost: 8620
Route: [0, 169, 245, 156, 218, 100, 96, 229, 172, 288, 455, 468, 41, 431, 476, 214, 260, 123, 246, 292, 258, 148, 243, 342, 291, 483, 421, 267, 59, 30, 208, 346, 241, 22, 119, 412, 467, 92, 419, 481, 0]
Volume: 4.913
Cost: 6743
Route: [0, 144, 456, 70, 261, 199, 280, 277, 274, 204, 13, 18, 313, 407, 223, 333, 176, 365, 226, 80, 109, 188, 328, 493, 296, 408, 194, 130, 439, 347, 253, 58, 323, 360, 391, 150, 334, 99, 322, 213, 255, 0]
Volume: 4.7657
Cost: 6919
Route: [0, 14, 373, 11, 486, 461, 85, 329, 91, 487, 190, 464, 174, 256, 44, 405, 222, 443, 93, 290, 414, 444, 0]
Volume: 2.211
Cost: 6812
Route: [0, 340, 418, 173, 8, 463, 239, 491, 268, 356, 427, 195, 179, 233, 399, 207, 228, 374, 33, 108, 76, 164, 162, 113, 9, 379, 142, 7, 349, 5, 0]
Volume: 3.8161
Cost: 5511
