OFV: 513907.0

Route: [0, 324, 225, 406, 21, 232, 138, 276, 425, 491, 405, 285, 260, 139, 482, 237, 122, 389, 451, 370, 185, 24, 459, 400, 447, 4, 44, 146, 125, 197, 97, 80, 115, 293, 263, 466, 430, 175, 281, 398, 306, 365, 381, 15, 183, 295, 195, 286, 312, 208, 411, 420, 390, 224, 307, 176, 415, 220, 74, 196, 388, 421, 255, 253, 13, 480, 277, 386, 339, 397, 259, 453, 142, 469, 101, 108, 105, 94, 345, 137, 373, 363, 313, 392, 59, 439, 171, 419, 27, 478, 353, 346, 242, 144, 227, 221, 384, 320, 136, 133, 198, 170, 5, 110, 374, 240, 458, 348, 156, 173, 180, 0]
Volume: 12.4591
Cost: 89748
Route: [0, 223, 465, 417, 362, 484, 113, 150, 396, 274, 22, 182, 438, 426, 117, 46, 134, 477, 23, 272, 266, 96, 292, 168, 189, 364, 399, 280, 317, 437, 327, 17, 355, 429, 366, 230, 219, 409, 177, 334, 311, 0]
Volume: 4.4646
Cost: 39934
Route: [0, 92, 446, 26, 326, 432, 251, 236, 349, 203, 32, 143, 407, 167, 441, 358, 315, 50, 271, 471, 120, 49, 428, 78, 314, 190, 483, 456, 235, 62, 73, 310, 85, 309, 206, 75, 418, 7, 70, 302, 270, 114, 296, 186, 367, 468, 460, 490, 250, 291, 165, 9, 393, 298, 58, 130, 162, 55, 90, 79, 380, 99, 368, 352, 442, 467, 476, 210, 448, 382, 2, 157, 91, 303, 328, 188, 245, 410, 155, 169, 336, 343, 403, 493, 401, 104, 112, 231, 361, 87, 254, 244, 0]
Volume: 11.881
Cost: 63843
Route: [0, 445, 201, 229, 341, 455, 116, 209, 192, 333, 47, 337, 372, 431, 383, 212, 377, 131, 31, 174, 252, 8, 301, 427, 375, 449, 351, 10, 464, 261, 394, 29, 102, 278, 462, 151, 194, 489, 416, 200, 77, 443, 243, 282, 267, 42, 127, 452, 172, 148, 53, 124, 461, 297, 71, 81, 36, 141, 356, 6, 18, 247, 64, 264, 283, 28, 149, 214, 249, 350, 178, 215, 273, 126, 347, 486, 67, 371, 434, 294, 268, 218, 60, 246, 344, 256, 61, 66, 300, 129, 228, 499, 262, 241, 0]
Volume: 11.3505
Cost: 127344
Route: [0, 329, 1, 233, 119, 222, 470, 111, 121, 412, 340, 179, 454, 38, 357, 107, 290, 35, 140, 152, 321, 191, 435, 109, 103, 159, 76, 216, 440, 154, 164, 265, 444, 332, 16, 450, 213, 161, 408, 338, 316, 41, 207, 69, 485, 385, 481, 495, 95, 11, 492, 83, 404, 304, 422, 473, 153, 63, 479, 269, 54, 248, 135, 424, 287, 335, 257, 34, 37, 474, 331, 275, 322, 369, 299, 89, 45, 65, 217, 14, 19, 205, 204, 258, 498, 496, 202, 145, 423, 123, 376, 82, 43, 239, 436, 160, 475, 387, 0]
Volume: 12.4582
Cost: 129447
Route: [0, 488, 402, 100, 48, 3, 51, 68, 25, 238, 379, 487, 318, 330, 472, 360, 39, 354, 305, 395, 308, 414, 12, 497, 184, 226, 163, 288, 325, 413, 132, 93, 359, 86, 211, 391, 234, 378, 166, 323, 199, 128, 57, 40, 158, 56, 30, 20, 147, 463, 84, 88, 279, 118, 494, 457, 433, 289, 193, 342, 284, 319, 33, 52, 98, 187, 181, 72, 106, 0]
Volume: 8.3017
Cost: 63591
