OFV: 42046.0

Route: [0, 236, 21, 43, 166, 51, 192, 91, 178, 79, 82, 133, 114, 168, 231, 18, 196, 71, 134, 78, 9, 243, 88, 0]
Volume: 9.3601
Cost: 2225
Route: [0, 30, 76, 198, 55, 116, 135, 38, 100, 128, 247, 63, 33, 177, 223, 215, 165, 107, 200, 181, 150, 169, 141, 92, 239, 204, 218, 66, 155, 111, 41, 0]
Volume: 12.4741
Cost: 4186
Route: [0, 154, 64, 132, 74, 240, 97, 46, 54, 142, 14, 10, 7, 8, 99, 164, 245, 129, 94, 149, 217, 113, 86, 45, 42, 65, 0]
Volume: 12.2322
Cost: 3032
Route: [0, 241, 36, 84, 121, 186, 197, 118, 161, 136, 195, 96, 182, 167, 216, 89, 176, 93, 139, 108, 69, 73, 26, 0]
Volume: 10.034
Cost: 3372
Route: [0, 126, 147, 237, 180, 189, 80, 125, 83, 98, 123, 157, 171, 87, 117, 234, 2, 172, 85, 224, 179, 72, 0]
Volume: 12.452
Cost: 3504
Route: [0, 53, 104, 56, 28, 67, 202, 120, 60, 13, 31, 213, 193, 70, 75, 17, 235, 105, 156, 187, 101, 244, 190, 152, 19, 153, 127, 0]
Volume: 12.354
Cost: 4306
Route: [0, 50, 163, 29, 212, 185, 207, 203, 5, 159, 4, 25, 232, 115, 37, 184, 138, 109, 32, 68, 170, 227, 0]
Volume: 12.456
Cost: 3836
Route: [0, 48, 158, 24, 151, 106, 102, 90, 52, 57, 39, 103, 188, 183, 77, 201, 249, 145, 0]
Volume: 12.2121
Cost: 4749
Route: [0, 22, 124, 219, 228, 242, 162, 15, 220, 146, 11, 23, 210, 230, 35, 110, 238, 81, 173, 62, 58, 112, 209, 49, 131, 0]
Volume: 12.016
Cost: 4709
Route: [0, 222, 119, 59, 137, 199, 12, 246, 194, 144, 20, 1, 205, 191, 225, 143, 47, 130, 0]
Volume: 11.364
Cost: 2461
Route: [0, 27, 226, 248, 40, 44, 148, 211, 6, 229, 206, 3, 174, 95, 175, 61, 34, 122, 233, 221, 208, 214, 160, 140, 16, 0]
Volume: 12.0781
Cost: 5666
