OFV: 115637.0

Route: [0, 94, 43, 91, 1, 33, 70, 14, 42, 61, 21, 77, 10, 4, 39, 55, 69, 64, 0]
Volume: 4.261
Cost: 17847
Route: [0, 74, 52, 59, 12, 35, 66, 28, 87, 15, 34, 20, 57, 38, 83, 96, 86, 9, 5, 46, 73, 60, 18, 22, 58, 95, 65, 36, 0]
Volume: 4.622
Cost: 26587
Route: [0, 78, 90, 88, 67, 99, 53, 81, 50, 98, 8, 16, 79, 51, 63, 76, 41, 27, 7, 3, 26, 31, 85, 32, 0]
Volume: 4.6031
Cost: 22578
Route: [0, 17, 47, 45, 54, 25, 6, 44, 24, 82, 2, 92, 37, 13, 0]
Volume: 3.887
Cost: 26494
Route: [0, 72, 97, 30, 71, 29, 19, 93, 40, 75, 56, 89, 23, 11, 84, 62, 68, 80, 49, 48, 0]
Volume: 4.9751
Cost: 22131
