OFV: 425651.0

Route: [0, 152, 476, 289, 105, 240, 136, 402, 255, 203, 0]
Volume: 1.0605
Cost: 5240
Route: [0, 330, 316, 68, 201, 67, 3, 247, 64, 187, 318, 205, 140, 91, 464, 263, 164, 86, 66, 109, 478, 319, 301, 469, 139, 441, 176, 418, 284, 0]
Volume: 4.689
Cost: 16517
Route: [0, 236, 90, 194, 411, 104, 305, 350, 225, 52, 490, 460, 306, 158, 198, 11, 352, 166, 354, 437, 100, 213, 252, 180, 24, 407, 165, 12, 49, 107, 0]
Volume: 4.7191
Cost: 22380
Route: [0, 257, 160, 303, 189, 348, 439, 233, 53, 420, 458, 404, 231, 267, 57, 125, 474, 331, 450, 347, 486, 50, 243, 349, 115, 438, 323, 467, 493, 446, 48, 462, 108, 235, 409, 466, 342, 488, 346, 442, 72, 118, 390, 0]
Volume: 4.8946
Cost: 38908
Route: [0, 33, 256, 364, 37, 313, 181, 274, 363, 341, 26, 445, 229, 376, 84, 128, 182, 322, 321, 211, 413, 87, 18, 121, 320, 288, 268, 283, 299, 362, 19, 382, 300, 169, 212, 463, 253, 417, 387, 241, 0]
Volume: 4.9935
Cost: 28017
Route: [0, 430, 281, 391, 239, 250, 317, 454, 337, 14, 70, 373, 123, 435, 44, 195, 397, 28, 16, 282, 154, 134, 51, 400, 371, 112, 304, 311, 122, 129, 74, 99, 133, 492, 416, 414, 457, 499, 45, 285, 127, 161, 264, 219, 359, 0]
Volume: 4.992
Cost: 35593
Route: [0, 424, 381, 168, 383, 260, 471, 389, 302, 275, 368, 117, 238, 32, 248, 314, 55, 489, 425, 355, 142, 244, 75, 287, 315, 179, 295, 259, 375, 377, 336, 468, 54, 141, 294, 34, 170, 227, 0]
Volume: 4.9834
Cost: 40934
Route: [0, 228, 443, 23, 120, 193, 5, 102, 459, 272, 277, 13, 185, 290, 92, 497, 149, 148, 278, 116, 427, 481, 396, 41, 56, 110, 345, 206, 58, 177, 384, 186, 386, 135, 114, 440, 405, 0]
Volume: 4.826
Cost: 25996
Route: [0, 96, 292, 312, 353, 150, 403, 456, 221, 465, 31, 395, 415, 61, 131, 394, 378, 473, 145, 338, 491, 178, 379, 254, 448, 339, 151, 59, 296, 356, 208, 328, 344, 36, 98, 479, 47, 351, 470, 393, 273, 10, 0]
Volume: 4.9961
Cost: 25507
Route: [0, 366, 380, 83, 202, 200, 307, 369, 42, 426, 159, 1, 392, 494, 22, 93, 215, 483, 431, 204, 358, 2, 217, 245, 447, 297, 251, 157, 80, 485, 428, 310, 147, 452, 326, 422, 192, 453, 167, 62, 484, 63, 291, 0]
Volume: 4.9677
Cost: 35780
Route: [0, 220, 82, 429, 190, 385, 388, 43, 258, 130, 94, 71, 237, 293, 78, 370, 21, 432, 327, 436, 372, 89, 475, 97, 30, 85, 124, 265, 137, 269, 246, 444, 234, 266, 262, 308, 230, 7, 0]
Volume: 4.9831
Cost: 34752
Route: [0, 360, 196, 216, 153, 482, 126, 419, 472, 374, 88, 76, 79, 173, 60, 249, 343, 406, 276, 332, 197, 434, 214, 101, 143, 155, 218, 410, 174, 111, 357, 335, 242, 487, 144, 8, 280, 496, 156, 399, 329, 398, 65, 69, 6, 477, 172, 0]
Volume: 4.9422
Cost: 45290
Route: [0, 498, 119, 38, 408, 222, 461, 451, 162, 232, 29, 210, 184, 175, 188, 298, 271, 361, 20, 412, 224, 226, 324, 25, 286, 261, 223, 199, 333, 103, 401, 455, 106, 0]
Volume: 4.9979
Cost: 31794
Route: [0, 480, 17, 73, 209, 433, 325, 146, 421, 340, 449, 39, 35, 9, 191, 15, 77, 423, 495, 163, 279, 132, 183, 95, 27, 138, 113, 171, 4, 334, 81, 40, 367, 270, 365, 207, 46, 309, 0]
Volume: 4.841
Cost: 38943
