OFV: 192606.0

Route: [0, 423, 374, 206, 441, 476, 74, 394, 178, 472, 0]
Volume: 4.95
Cost: 3623
Route: [0, 95, 335, 425, 488, 0]
Volume: 2.366
Cost: 1228
Route: [0, 383, 105, 26, 192, 332, 237, 391, 60, 295, 63, 188, 0]
Volume: 4.608
Cost: 5023
Route: [0, 11, 294, 223, 399, 127, 108, 499, 460, 367, 104, 210, 0]
Volume: 4.972
Cost: 3447
Route: [0, 90, 55, 172, 56, 300, 185, 258, 0]
Volume: 4.848
Cost: 2023
Route: [0, 280, 12, 72, 252, 326, 156, 84, 311, 120, 289, 121, 0]
Volume: 4.974
Cost: 4769
Route: [0, 57, 465, 416, 154, 449, 138, 34, 114, 202, 288, 151, 228, 245, 269, 363, 261, 256, 0]
Volume: 4.978
Cost: 3879
Route: [0, 277, 466, 219, 30, 88, 25, 32, 195, 69, 331, 0]
Volume: 4.976
Cost: 5410
Route: [0, 51, 47, 324, 110, 218, 208, 17, 257, 360, 0]
Volume: 4.964
Cost: 4802
Route: [0, 33, 491, 112, 310, 467, 132, 495, 322, 0]
Volume: 4.732
Cost: 3203
Route: [0, 357, 414, 348, 361, 142, 370, 436, 368, 211, 0]
Volume: 4.946
Cost: 3013
Route: [0, 358, 53, 76, 378, 390, 352, 68, 165, 87, 483, 308, 0]
Volume: 4.996
Cost: 3343
Route: [0, 340, 486, 175, 463, 217, 64, 453, 42, 341, 100, 18, 136, 426, 444, 0]
Volume: 4.6681
Cost: 6195
Route: [0, 61, 236, 44, 117, 393, 321, 323, 24, 94, 0]
Volume: 4.956
Cost: 3613
Route: [0, 445, 349, 248, 380, 52, 125, 424, 0]
Volume: 4.886
Cost: 3644
Route: [0, 80, 442, 400, 406, 160, 268, 203, 356, 345, 0]
Volume: 4.944
Cost: 2630
Route: [0, 266, 276, 13, 410, 49, 286, 0]
Volume: 4.952
Cost: 2728
Route: [0, 462, 471, 432, 359, 452, 415, 328, 59, 398, 0]
Volume: 4.98
Cost: 3386
Route: [0, 249, 116, 39, 16, 29, 15, 285, 405, 31, 247, 230, 186, 0]
Volume: 4.9201
Cost: 4929
Route: [0, 157, 338, 70, 284, 99, 0]
Volume: 4.938
Cost: 2382
Route: [0, 351, 389, 474, 137, 475, 487, 73, 0]
Volume: 4.836
Cost: 2170
Route: [0, 213, 6, 492, 170, 371, 196, 129, 161, 314, 234, 0]
Volume: 4.8121
Cost: 2792
Route: [0, 454, 364, 455, 279, 254, 159, 235, 193, 244, 287, 0]
Volume: 4.914
Cost: 4117
Route: [0, 260, 385, 233, 313, 282, 481, 480, 397, 212, 350, 0]
Volume: 4.662
Cost: 1850
Route: [0, 187, 190, 89, 189, 2, 259, 386, 430, 0]
Volume: 4.986
Cost: 3840
Route: [0, 302, 82, 150, 317, 238, 373, 439, 153, 267, 0]
Volume: 4.692
Cost: 4387
Route: [0, 81, 5, 437, 429, 485, 243, 131, 382, 262, 35, 264, 107, 0]
Volume: 4.572
Cost: 5207
Route: [0, 417, 365, 388, 37, 54, 66, 183, 83, 220, 75, 0]
Volume: 4.872
Cost: 3665
Route: [0, 19, 155, 379, 304, 85, 21, 253, 362, 0]
Volume: 4.904
Cost: 3248
Route: [0, 355, 174, 297, 96, 111, 221, 140, 459, 366, 469, 478, 91, 23, 427, 0]
Volume: 4.872
Cost: 3626
Route: [0, 493, 419, 422, 45, 497, 184, 28, 387, 200, 479, 27, 113, 0]
Volume: 4.996
Cost: 4439
Route: [0, 7, 9, 420, 167, 291, 395, 115, 456, 482, 325, 0]
Volume: 4.916
Cost: 4289
Route: [0, 375, 354, 41, 46, 305, 119, 122, 318, 0]
Volume: 4.986
Cost: 3382
Route: [0, 290, 163, 201, 293, 102, 144, 0]
Volume: 4.954
Cost: 3446
Route: [0, 377, 67, 447, 346, 271, 205, 0]
Volume: 4.9779
Cost: 3654
Route: [0, 404, 309, 215, 36, 43, 413, 109, 77, 179, 458, 65, 0]
Volume: 4.652
Cost: 3355
Route: [0, 3, 316, 484, 22, 392, 299, 199, 171, 353, 0]
Volume: 4.86
Cost: 4047
Route: [0, 496, 50, 344, 408, 384, 101, 0]
Volume: 4.9102
Cost: 3408
Route: [0, 166, 401, 103, 176, 306, 86, 275, 168, 0]
Volume: 4.828
Cost: 3941
Route: [0, 20, 431, 229, 473, 93, 146, 438, 292, 435, 255, 303, 339, 0]
Volume: 4.94
Cost: 3603
Route: [0, 273, 336, 433, 209, 152, 148, 97, 0]
Volume: 4.9861
Cost: 3994
Route: [0, 301, 246, 403, 58, 216, 337, 477, 135, 38, 0]
Volume: 4.9661
Cost: 4110
Route: [0, 204, 214, 376, 329, 118, 412, 128, 232, 490, 173, 98, 48, 0]
Volume: 4.9721
Cost: 4115
Route: [0, 307, 489, 494, 265, 133, 169, 14, 440, 134, 123, 407, 0]
Volume: 4.744
Cost: 3145
Route: [0, 315, 250, 278, 143, 141, 71, 411, 274, 450, 319, 0]
Volume: 4.856
Cost: 4072
Route: [0, 241, 343, 149, 421, 106, 182, 162, 0]
Volume: 4.886
Cost: 4094
Route: [0, 191, 231, 4, 242, 198, 347, 226, 369, 126, 92, 461, 402, 446, 330, 158, 0]
Volume: 4.69
Cost: 4981
Route: [0, 312, 194, 177, 498, 283, 251, 451, 434, 224, 0]
Volume: 4.962
Cost: 4021
Route: [0, 270, 222, 468, 327, 207, 428, 320, 239, 298, 62, 263, 227, 418, 0]
Volume: 4.818
Cost: 4737
Route: [0, 145, 40, 139, 443, 464, 396, 272, 197, 333, 281, 78, 8, 0]
Volume: 4.9641
Cost: 3914
Route: [0, 225, 296, 10, 79, 448, 124, 164, 457, 1, 180, 0]
Volume: 4.822
Cost: 2823
Route: [0, 342, 409, 181, 240, 372, 147, 470, 130, 381, 334, 0]
Volume: 4.94
Cost: 2864
