OFV: 53412.0

Route: [0, 185, 223, 291, 250, 384, 49, 327, 283, 29, 149, 303, 492, 268, 172, 391, 376, 88, 206, 299, 145, 143, 392, 460, 488, 472, 122, 0]
Volume: 3.1685
Cost: 3161
Route: [0, 23, 316, 10, 99, 438, 35, 406, 263, 386, 200, 440, 216, 127, 478, 109, 277, 323, 183, 169, 447, 225, 347, 432, 56, 264, 53, 85, 287, 48, 448, 483, 43, 305, 163, 0]
Volume: 4.6011
Cost: 3215
Route: [0, 385, 130, 259, 36, 393, 363, 187, 207, 198, 466, 34, 296, 453, 452, 311, 19, 256, 317, 235, 175, 57, 329, 103, 297, 232, 165, 180, 246, 15, 427, 132, 416, 286, 421, 419, 0]
Volume: 3.8005
Cost: 3098
Route: [0, 209, 144, 194, 434, 401, 192, 304, 170, 234, 104, 342, 87, 307, 398, 493, 244, 372, 54, 150, 90, 62, 13, 154, 106, 486, 383, 101, 158, 210, 230, 69, 7, 63, 140, 374, 166, 213, 275, 139, 260, 226, 435, 160, 24, 98, 433, 247, 159, 201, 288, 0]
Volume: 4.8627
Cost: 3456
Route: [0, 267, 203, 241, 44, 465, 93, 473, 211, 352, 215, 455, 496, 396, 208, 410, 292, 224, 415, 116, 353, 400, 356, 156, 490, 413, 28, 494, 20, 467, 326, 485, 381, 449, 191, 346, 498, 0]
Volume: 4.6531
Cost: 3325
Route: [0, 306, 5, 112, 320, 429, 397, 380, 451, 8, 151, 337, 197, 227, 204, 76, 390, 418, 233, 72, 469, 378, 45, 314, 359, 408, 257, 479, 17, 41, 499, 476, 365, 254, 399, 152, 403, 338, 27, 30, 0]
Volume: 4.5757
Cost: 5791
Route: [0, 222, 402, 495, 417, 196, 245, 407, 60, 66, 319, 61, 89, 189, 475, 387, 119, 182, 358, 360, 321, 370, 270, 217, 73, 295, 300, 199, 313, 94, 39, 325, 377, 444, 457, 105, 83, 4, 0]
Volume: 4.7866
Cost: 3196
Route: [0, 462, 369, 269, 293, 315, 70, 481, 184, 128, 11, 193, 117, 79, 281, 445, 195, 333, 102, 348, 343, 312, 219, 231, 205, 162, 214, 167, 141, 261, 136, 33, 78, 77, 168, 68, 25, 133, 463, 228, 1, 461, 279, 0]
Volume: 4.8121
Cost: 5538
Route: [0, 367, 135, 379, 108, 50, 349, 115, 294, 362, 6, 361, 302, 341, 100, 202, 86, 176, 336, 456, 471, 51, 420, 9, 382, 237, 248, 16, 289, 0]
Volume: 4.1931
Cost: 3078
Route: [0, 404, 65, 42, 285, 236, 186, 436, 330, 395, 134, 441, 229, 470, 331, 249, 284, 324, 389, 164, 446, 220, 95, 484, 110, 437, 0]
Volume: 4.401
Cost: 3654
Route: [0, 71, 75, 252, 188, 37, 125, 178, 239, 12, 425, 322, 280, 26, 480, 97, 155, 497, 161, 80, 310, 489, 96, 458, 443, 351, 107, 32, 328, 375, 439, 424, 126, 111, 131, 253, 0]
Volume: 3.7016
Cost: 3282
Route: [0, 278, 276, 92, 350, 174, 114, 354, 81, 177, 255, 46, 487, 345, 266, 290, 179, 430, 344, 21, 55, 412, 148, 3, 454, 426, 2, 212, 357, 482, 301, 423, 309, 422, 18, 0]
Volume: 4.4711
Cost: 3195
Route: [0, 123, 366, 355, 31, 59, 474, 450, 67, 138, 442, 157, 173, 121, 468, 82, 74, 428, 335, 147, 332, 340, 477, 308, 120, 298, 282, 265, 52, 388, 394, 0]
Volume: 4.5362
Cost: 3506
Route: [0, 113, 137, 171, 262, 411, 58, 258, 459, 251, 273, 124, 218, 274, 272, 364, 190, 414, 431, 371, 91, 409, 0]
Volume: 3.434
Cost: 2731
Route: [0, 40, 318, 221, 240, 84, 129, 271, 47, 243, 22, 242, 64, 373, 368, 146, 14, 38, 339, 491, 405, 153, 181, 118, 238, 464, 142, 334, 0]
Volume: 3.2555
Cost: 3186
