OFV: 493215.0

Route: [0, 68, 74, 23, 4, 94, 56, 79, 36, 17, 11, 10, 0]
Volume: 4.972
Cost: 56880
Route: [0, 54, 48, 50, 16, 92, 52, 96, 35, 84, 41, 86, 88, 0]
Volume: 4.992
Cost: 50689
Route: [0, 34, 89, 29, 78, 43, 20, 90, 19, 42, 63, 30, 0]
Volume: 4.9741
Cost: 62406
Route: [0, 1, 25, 82, 7, 22, 77, 76, 21, 0]
Volume: 4.894
Cost: 47152
Route: [0, 37, 8, 73, 28, 60, 83, 0]
Volume: 3.442
Cost: 35803
Route: [0, 55, 14, 31, 0]
Volume: 2.76
Cost: 18141
Route: [0, 26, 45, 46, 47, 33, 32, 44, 87, 93, 0]
Volume: 4.9999
Cost: 58102
Route: [0, 71, 67, 27, 13, 64, 72, 97, 98, 85, 61, 0]
Volume: 4.84
Cost: 47254
Route: [0, 49, 95, 57, 80, 24, 81, 38, 6, 69, 75, 65, 0]
Volume: 4.9681
Cost: 40030
Route: [0, 15, 70, 91, 2, 59, 51, 3, 5, 0]
Volume: 4.97
Cost: 37627
Route: [0, 9, 18, 12, 39, 99, 58, 53, 66, 62, 40, 0]
Volume: 4.9863
Cost: 39131
