OFV: 48901.0

Route: [0, 30, 83, 63, 29, 19, 90, 73, 7, 5, 43, 0]
Volume: 4.784
Cost: 5518
Route: [0, 6, 34, 8, 50, 62, 35, 17, 79, 57, 96, 38, 87, 0]
Volume: 4.948
Cost: 4211
Route: [0, 49, 11, 66, 24, 89, 84, 97, 20, 3, 28, 0]
Volume: 4.816
Cost: 5076
Route: [0, 72, 15, 69, 40, 53, 26, 12, 54, 78, 82, 67, 23, 48, 0]
Volume: 4.7121
Cost: 7098
Route: [0, 9, 27, 93, 86, 64, 55, 14, 4, 52, 68, 92, 39, 0]
Volume: 4.786
Cost: 6409
Route: [0, 51, 47, 88, 18, 44, 65, 77, 42, 45, 0]
Volume: 4.876
Cost: 3784
Route: [0, 1, 58, 13, 37, 21, 71, 22, 80, 0]
Volume: 4.97
Cost: 5077
Route: [0, 95, 25, 75, 61, 41, 98, 76, 81, 0]
Volume: 4.984
Cost: 4238
Route: [0, 16, 59, 85, 56, 99, 33, 10, 32, 46, 0]
Volume: 4.75
Cost: 2765
Route: [0, 31, 94, 91, 60, 74, 70, 2, 36, 0]
Volume: 4.852
Cost: 4725
