OFV: 242992.0

Route: [0, 67, 70, 73, 7, 68, 24, 6, 78, 17, 36, 69, 22, 11, 83, 82, 26, 39, 60, 80, 95, 34, 91, 81, 20, 79, 23, 72, 61, 98, 19, 47, 40, 96, 75, 77, 90, 56, 1, 0]
Volume: 8.8791
Cost: 98826
Route: [0, 48, 44, 21, 8, 49, 29, 84, 51, 94, 38, 37, 54, 76, 89, 4, 64, 58, 97, 59, 14, 88, 27, 57, 62, 0]
Volume: 7.7701
Cost: 57853
Route: [0, 55, 10, 5, 12, 53, 28, 32, 63, 13, 45, 92, 25, 99, 18, 65, 42, 50, 30, 31, 15, 2, 66, 3, 74, 86, 46, 33, 35, 87, 16, 9, 71, 41, 93, 52, 85, 43, 0]
Volume: 11.0782
Cost: 86313
