OFV: 895295.0

Route: [0, 324, 225, 406, 21, 232, 138, 276, 425, 405, 98, 187, 33, 342, 319, 285, 260, 139, 482, 237, 389, 451, 370, 446, 236, 251, 326, 432, 0]
Volume: 11.942
Cost: 34058
Route: [0, 122, 190, 141, 36, 302, 270, 127, 416, 200, 77, 443, 243, 282, 267, 42, 452, 172, 148, 367, 468, 460, 490, 165, 291, 250, 9, 393, 461, 284, 52, 0]
Volume: 12.368
Cost: 56021
Route: [0, 246, 233, 119, 357, 107, 492, 385, 316, 408, 161, 213, 338, 207, 41, 485, 481, 495, 95, 11, 255, 404, 387, 0]
Volume: 12.3701
Cost: 46360
Route: [0, 92, 185, 24, 459, 149, 214, 249, 350, 273, 215, 355, 17, 317, 437, 327, 280, 222, 96, 168, 292, 272, 266, 22, 438, 182, 426, 117, 274, 156, 0]
Volume: 12.33
Cost: 36894
Route: [0, 26, 28, 283, 143, 314, 441, 358, 315, 50, 471, 271, 120, 49, 428, 78, 57, 40, 158, 56, 30, 20, 147, 407, 167, 6, 18, 247, 64, 264, 178, 126, 347, 409, 0]
Volume: 12.4381
Cost: 44973
Route: [0, 486, 67, 349, 203, 32, 400, 447, 4, 197, 146, 125, 115, 293, 263, 44, 97, 80, 429, 366, 219, 230, 177, 334, 0]
Volume: 12.43
Cost: 33757
Route: [0, 104, 403, 169, 336, 343, 155, 31, 131, 377, 455, 47, 372, 337, 431, 383, 333, 116, 192, 209, 212, 341, 229, 201, 445, 0]
Volume: 12.2
Cost: 77329
Route: [0, 488, 402, 113, 150, 345, 137, 373, 395, 318, 360, 39, 313, 392, 239, 59, 27, 478, 353, 346, 242, 221, 227, 144, 43, 82, 436, 51, 0]
Volume: 12.3161
Cost: 31820
Route: [0, 348, 133, 198, 458, 240, 170, 5, 484, 228, 223, 465, 417, 362, 499, 262, 241, 0]
Volume: 11.0401
Cost: 17831
Route: [0, 329, 454, 421, 290, 35, 140, 152, 321, 191, 435, 109, 159, 76, 103, 16, 444, 265, 164, 332, 154, 216, 440, 450, 69, 226, 100, 0]
Volume: 12.4841
Cost: 53545
Route: [0, 256, 218, 294, 268, 434, 60, 94, 12, 497, 184, 325, 413, 132, 93, 359, 288, 163, 61, 66, 300, 129, 0]
Volume: 11.8142
Cost: 29321
Route: [0, 344, 25, 238, 379, 487, 330, 472, 354, 363, 419, 171, 439, 384, 423, 202, 145, 498, 496, 205, 204, 258, 19, 123, 376, 305, 308, 414, 180, 0]
Volume: 12.176
Cost: 41639
Route: [0, 311, 483, 456, 235, 62, 73, 310, 85, 309, 206, 418, 463, 88, 84, 75, 106, 0]
Volume: 12.322
Cost: 34148
Route: [0, 1, 63, 479, 269, 54, 248, 135, 335, 287, 424, 257, 34, 299, 217, 45, 89, 65, 37, 14, 474, 331, 275, 322, 369, 136, 320, 110, 374, 0]
Volume: 12.316
Cost: 89995
Route: [0, 466, 430, 281, 128, 175, 365, 398, 306, 381, 15, 183, 295, 195, 286, 312, 411, 208, 420, 224, 307, 176, 390, 199, 378, 179, 234, 153, 68, 48, 173, 0]
Volume: 12.4082
Cost: 53253
Route: [0, 361, 289, 375, 449, 351, 10, 476, 210, 448, 382, 2, 157, 91, 303, 427, 301, 328, 188, 8, 245, 410, 174, 252, 493, 401, 112, 254, 0]
Volume: 12.494
Cost: 49756
Route: [0, 72, 244, 231, 87, 457, 433, 442, 467, 298, 58, 130, 162, 55, 90, 79, 380, 99, 368, 352, 494, 193, 491, 0]
Volume: 12.17
Cost: 37694
Route: [0, 371, 399, 364, 189, 470, 111, 121, 412, 340, 166, 323, 415, 220, 74, 38, 196, 388, 83, 391, 304, 477, 23, 134, 46, 396, 3, 0]
Volume: 12.4081
Cost: 46616
Route: [0, 160, 86, 101, 108, 469, 142, 453, 259, 397, 13, 253, 480, 277, 386, 339, 211, 422, 473, 105, 475, 0]
Volume: 12.438
Cost: 37682
Route: [0, 356, 118, 279, 81, 7, 70, 297, 71, 114, 296, 186, 464, 261, 278, 462, 194, 489, 151, 102, 29, 394, 53, 124, 181, 0]
Volume: 12.474
Cost: 42603
