OFV: 49735.0

Route: [0, 75, 176, 140, 101, 85, 20, 214, 222, 226, 245, 191, 228, 43, 178, 53, 187, 116, 215, 60, 208, 79, 213, 166, 113, 111, 0]
Volume: 12.3741
Cost: 3316
Route: [0, 189, 122, 67, 218, 230, 156, 153, 232, 93, 131, 100, 186, 28, 98, 151, 146, 114, 192, 239, 0]
Volume: 12.216
Cost: 5993
Route: [0, 149, 58, 148, 165, 164, 18, 10, 118, 136, 39, 31, 159, 2, 83, 94, 127, 62, 81, 88, 120, 42, 74, 29, 55, 132, 248, 0]
Volume: 12.478
Cost: 3668
Route: [0, 163, 184, 201, 54, 103, 193, 49, 231, 124, 227, 219, 121, 152, 198, 134, 115, 128, 160, 233, 234, 3, 90, 247, 183, 129, 237, 246, 155, 59, 0]
Volume: 12.202
Cost: 5508
Route: [0, 209, 162, 8, 195, 19, 95, 179, 41, 242, 44, 221, 172, 123, 135, 57, 86, 104, 217, 92, 48, 157, 200, 0]
Volume: 12.3481
Cost: 3954
Route: [0, 207, 182, 9, 25, 235, 190, 138, 142, 174, 50, 82, 137, 133, 107, 241, 130, 78, 33, 119, 77, 224, 0]
Volume: 12.4841
Cost: 3392
Route: [0, 13, 32, 73, 52, 27, 64, 240, 204, 84, 109, 46, 125, 243, 147, 102, 158, 68, 216, 72, 99, 11, 145, 185, 211, 106, 47, 17, 236, 220, 0]
Volume: 12.4641
Cost: 6729
Route: [0, 71, 249, 51, 40, 108, 96, 143, 188, 26, 30, 97, 61, 223, 175, 180, 173, 225, 45, 91, 12, 21, 212, 181, 141, 169, 37, 126, 76, 177, 0]
Volume: 12.4861
Cost: 6999
Route: [0, 89, 117, 23, 229, 112, 244, 150, 154, 210, 205, 144, 4, 167, 199, 171, 34, 161, 1, 16, 0]
Volume: 11.9959
Cost: 4099
Route: [0, 35, 203, 70, 65, 80, 24, 194, 110, 63, 196, 197, 139, 202, 6, 69, 22, 170, 87, 56, 5, 206, 168, 36, 66, 238, 105, 14, 15, 7, 38, 0]
Volume: 12.196
Cost: 6077
