OFV: 492579.0

Route: [0, 282, 91, 71, 318, 218, 245, 206, 396, 62, 252, 240, 447, 104, 119, 303, 389, 305, 155, 235, 239, 153, 21, 168, 414, 53, 51, 316, 473, 427, 385, 169, 0]
Volume: 4.816
Cost: 31520
Route: [0, 496, 328, 259, 287, 35, 247, 412, 145, 420, 367, 243, 188, 123, 220, 258, 315, 31, 236, 128, 408, 444, 442, 186, 191, 0]
Volume: 4.0831
Cost: 31904
Route: [0, 85, 39, 194, 184, 469, 144, 61, 457, 64, 377, 341, 150, 129, 449, 286, 384, 363, 429, 122, 498, 383, 433, 17, 139, 337, 11, 405, 342, 58, 152, 159, 181, 387, 75, 458, 314, 295, 229, 399, 173, 335, 353, 378, 336, 0]
Volume: 4.9435
Cost: 50476
Route: [0, 284, 484, 43, 251, 38, 388, 380, 464, 23, 436, 413, 390, 497, 141, 304, 213, 319, 196, 172, 325, 306, 434, 343, 291, 57, 406, 211, 371, 425, 133, 256, 443, 432, 202, 276, 97, 422, 106, 125, 292, 333, 24, 307, 460, 177, 312, 489, 178, 99, 0]
Volume: 4.8591
Cost: 49726
Route: [0, 309, 479, 117, 451, 280, 0]
Volume: 0.596
Cost: 7070
Route: [0, 34, 418, 234, 118, 59, 13, 134, 495, 16, 226, 230, 430, 233, 285, 375, 18, 462, 340, 334, 269, 326, 398, 164, 78, 364, 476, 439, 465, 205, 175, 257, 162, 421, 300, 0]
Volume: 4.7781
Cost: 42615
Route: [0, 130, 308, 200, 27, 10, 94, 126, 44, 471, 132, 55, 344, 357, 331, 400, 204, 330, 249, 381, 349, 472, 219, 394, 263, 494, 135, 185, 283, 459, 183, 393, 0]
Volume: 4.8055
Cost: 31280
Route: [0, 352, 373, 453, 493, 7, 101, 491, 267, 456, 440, 146, 86, 22, 212, 149, 424, 416, 403, 190, 8, 468, 225, 402, 253, 15, 478, 142, 452, 244, 411, 109, 311, 46, 182, 60, 124, 0]
Volume: 4.9991
Cost: 29796
Route: [0, 201, 116, 277, 37, 346, 379, 391, 114, 231, 82, 487, 165, 382, 266, 324, 87, 163, 12, 264, 294, 499, 28, 216, 370, 221, 437, 89, 199, 84, 279, 138, 288, 113, 354, 198, 98, 461, 68, 66, 0]
Volume: 4.884
Cost: 46292
Route: [0, 41, 73, 327, 441, 265, 299, 49, 3, 81, 455, 415, 26, 301, 365, 110, 270, 207, 48, 272, 313, 297, 214, 2, 419, 95, 45, 176, 180, 160, 217, 448, 242, 0]
Volume: 4.8005
Cost: 32510
Route: [0, 369, 410, 147, 25, 261, 254, 156, 111, 50, 108, 105, 486, 1, 90, 374, 361, 426, 161, 5, 223, 255, 450, 140, 392, 423, 238, 395, 237, 79, 488, 446, 362, 67, 250, 241, 358, 112, 222, 193, 401, 224, 120, 102, 195, 56, 0]
Volume: 4.9211
Cost: 34988
Route: [0, 100, 339, 33, 131, 29, 210, 347, 376, 88, 368, 107, 317, 170, 189, 151, 262, 248, 466, 404, 278, 483, 467, 166, 329, 187, 228, 454, 74, 492, 290, 271, 323, 332, 481, 275, 69, 9, 36, 0]
Volume: 4.918
Cost: 40090
Route: [0, 83, 208, 490, 115, 154, 148, 197, 179, 70, 474, 321, 42, 477, 366, 322, 428, 232, 80, 359, 274, 435, 47, 157, 93, 6, 372, 281, 192, 407, 397, 215, 355, 20, 96, 445, 63, 174, 298, 143, 475, 30, 227, 103, 356, 480, 19, 0]
Volume: 4.9471
Cost: 37234
Route: [0, 470, 351, 438, 65, 293, 463, 40, 302, 409, 431, 386, 167, 121, 209, 76, 77, 137, 485, 417, 246, 273, 54, 289, 360, 203, 310, 482, 52, 158, 268, 171, 72, 350, 338, 345, 260, 348, 92, 296, 14, 136, 127, 320, 4, 32, 0]
Volume: 4.9671
Cost: 27078
