OFV: 554976.0

Route: [0, 144, 350, 114, 271, 233, 232, 424, 376, 81, 160, 10, 253, 154, 231, 293, 304, 191, 251, 178, 351, 282, 399, 327, 90, 294, 441, 6, 267, 179, 94, 321, 46, 312, 295, 100, 39, 42, 384, 478, 375, 496, 440, 357, 28, 401, 0]
Volume: 10.633
Cost: 48930
Route: [0, 328, 52, 23, 137, 266, 211, 492, 74, 268, 104, 368, 1, 199, 463, 305, 467, 359, 394, 45, 97, 296, 24, 495, 408, 325, 279, 283, 459, 69, 171, 423, 414, 64, 41, 339, 50, 2, 22, 0]
Volume: 9.939
Cost: 36793
Route: [0, 80, 403, 494, 416, 281, 86, 439, 254, 168, 206, 32, 434, 354, 438, 417, 30, 338, 67, 99, 475, 444, 290, 466, 101, 156, 20, 358, 223, 51, 106, 93, 352, 96, 245, 146, 472, 360, 0]
Volume: 11.8763
Cost: 39710
Route: [0, 464, 113, 363, 457, 372, 83, 66, 157, 415, 381, 138, 344, 366, 412, 365, 364, 55, 11, 299, 431, 337, 48, 309, 248, 346, 450, 135, 115, 329, 252, 70, 263, 95, 34, 258, 40, 132, 382, 141, 447, 0]
Volume: 12.352
Cost: 43192
Route: [0, 379, 110, 260, 353, 125, 289, 226, 355, 218, 377, 65, 235, 336, 208, 188, 202, 119, 243, 129, 159, 448, 12, 150, 420, 234, 340, 207, 72, 194, 49, 172, 29, 451, 356, 473, 120, 380, 0]
Volume: 11.8404
Cost: 40514
Route: [0, 60, 323, 419, 362, 214, 145, 389, 153, 124, 18, 456, 489, 488, 128, 385, 134, 187, 112, 398, 493, 155, 307, 306, 58, 173, 370, 163, 182, 237, 79, 76, 301, 169, 278, 57, 483, 470, 161, 347, 361, 228, 499, 54, 84, 5, 413, 7, 315, 68, 241, 273, 0]
Volume: 12.2902
Cost: 80893
Route: [0, 317, 15, 425, 427, 491, 284, 393, 38, 349, 422, 269, 469, 395, 193, 275, 175, 462, 244, 406, 378, 183, 9, 276, 454, 47, 229, 16, 219, 487, 63, 204, 497, 498, 213, 13, 165, 314, 460, 333, 371, 480, 117, 0]
Volume: 12.4339
Cost: 51500
Route: [0, 272, 458, 92, 196, 386, 324, 203, 210, 437, 387, 400, 133, 426, 300, 446, 73, 238, 286, 197, 185, 280, 78, 410, 430, 405, 418, 35, 43, 392, 61, 222, 433, 212, 316, 246, 174, 0]
Volume: 8.3113
Cost: 39938
Route: [0, 411, 313, 461, 149, 131, 465, 402, 167, 118, 152, 310, 302, 192, 443, 369, 330, 170, 247, 103, 91, 277, 201, 428, 44, 230, 136, 164, 107, 397, 181, 143, 198, 148, 4, 220, 121, 87, 481, 287, 0]
Volume: 10.4541
Cost: 39129
Route: [0, 484, 21, 56, 225, 445, 59, 216, 3, 130, 342, 291, 62, 127, 250, 335, 8, 109, 27, 255, 236, 319, 303, 383, 482, 105, 345, 455, 343, 88, 26, 75, 249, 486, 111, 184, 257, 476, 53, 442, 308, 217, 265, 404, 85, 77, 200, 256, 436, 0]
Volume: 12.1812
Cost: 44638
Route: [0, 205, 374, 36, 449, 177, 477, 71, 89, 190, 162, 176, 334, 139, 242, 331, 147, 31, 102, 261, 479, 409, 471, 33, 259, 332, 262, 98, 17, 122, 490, 390, 123, 297, 126, 224, 108, 285, 348, 227, 270, 158, 474, 0]
Volume: 12.2721
Cost: 39923
Route: [0, 166, 373, 19, 435, 391, 264, 421, 396, 142, 239, 326, 429, 452, 274, 240, 288, 37, 485, 367, 311, 432, 116, 14, 322, 320, 468, 407, 180, 209, 140, 215, 298, 195, 388, 82, 453, 221, 292, 318, 151, 189, 186, 25, 341, 0]
Volume: 11.7021
Cost: 49816
