OFV: 37051.0

Route: [0, 91, 70, 33, 1, 55, 39, 10, 61, 77, 21, 4, 42, 69, 0]
Volume: 4.9901
Cost: 3495
Route: [0, 22, 60, 18, 9, 58, 95, 65, 96, 48, 0]
Volume: 4.57
Cost: 3441
Route: [0, 63, 41, 7, 27, 3, 76, 31, 0]
Volume: 4.472
Cost: 2854
Route: [0, 47, 45, 89, 56, 23, 75, 11, 84, 68, 80, 49, 36, 64, 0]
Volume: 4.908
Cost: 5146
Route: [0, 26, 85, 94, 43, 14, 8, 16, 81, 50, 98, 0]
Volume: 5.0
Cost: 3555
Route: [0, 78, 88, 90, 99, 53, 37, 0]
Volume: 4.938
Cost: 3374
Route: [0, 17, 32, 0]
Volume: 2.9081
Cost: 1231
Route: [0, 13, 72, 71, 30, 97, 62, 93, 40, 19, 29, 0]
Volume: 4.98
Cost: 3389
Route: [0, 34, 20, 57, 15, 87, 12, 28, 35, 66, 74, 52, 59, 0]
Volume: 4.872
Cost: 3461
Route: [0, 67, 82, 92, 2, 24, 44, 6, 54, 25, 79, 51, 0]
Volume: 4.942
Cost: 4049
Route: [0, 46, 73, 5, 86, 83, 38, 0]
Volume: 4.834
Cost: 3056
