OFV: 194505.0

Route: [0, 28, 84, 50, 37, 64, 56, 93, 46, 13, 26, 85, 95, 79, 97, 47, 41, 7, 63, 14, 44, 43, 86, 72, 66, 10, 45, 0]
Volume: 7.9451
Cost: 54095
Route: [0, 61, 60, 21, 11, 98, 15, 2, 40, 58, 42, 71, 23, 19, 90, 17, 76, 20, 8, 3, 9, 70, 82, 30, 75, 78, 38, 91, 4, 52, 77, 33, 32, 51, 31, 83, 96, 69, 1, 12, 0]
Volume: 10.7489
Cost: 70738
Route: [0, 36, 57, 55, 35, 81, 34, 48, 62, 29, 74, 25, 27, 65, 99, 73, 59, 6, 67, 18, 80, 94, 22, 39, 49, 53, 16, 88, 92, 87, 89, 54, 24, 5, 68, 0]
Volume: 11.1419
Cost: 69672
