OFV: 1142420.0

Route: [0, 388, 394, 160, 24, 435, 159, 494, 484, 95, 69, 166, 213, 275, 202, 374, 140, 63, 265, 257, 17, 479, 168, 41, 499, 476, 365, 254, 399, 1, 461, 152, 403, 338, 27, 30, 0]
Volume: 4.9452
Cost: 97839
Route: [0, 10, 239, 178, 488, 322, 25, 441, 470, 229, 172, 308, 129, 428, 61, 19, 256, 311, 50, 231, 295, 290, 147, 383, 62, 94, 39, 325, 313, 199, 263, 438, 406, 35, 200, 235, 341, 414, 190, 364, 110, 12, 425, 49, 0]
Volume: 4.868
Cost: 99634
Route: [0, 304, 111, 52, 29, 378, 181, 487, 377, 74, 96, 302, 273, 396, 317, 272, 349, 13, 73, 218, 138, 287, 53, 468, 294, 455, 143, 270, 300, 486, 386, 80, 90, 243, 261, 167, 490, 482, 321, 412, 360, 370, 115, 8, 33, 204, 227, 286, 381, 449, 0]
Volume: 4.9961
Cost: 96628
Route: [0, 267, 309, 232, 57, 103, 329, 301, 405, 491, 153, 176, 118, 238, 464, 117, 348, 466, 296, 221, 453, 436, 330, 105, 34, 444, 240, 457, 395, 255, 46, 326, 467, 246, 15, 180, 0]
Volume: 4.9065
Cost: 73514
Route: [0, 58, 411, 258, 107, 351, 303, 492, 149, 247, 252, 379, 390, 141, 340, 251, 150, 283, 22, 458, 310, 489, 333, 136, 473, 26, 274, 47, 361, 97, 48, 448, 3, 67, 82, 120, 352, 324, 368, 182, 387, 119, 230, 493, 0]
Volume: 4.9939
Cost: 96728
Route: [0, 359, 260, 226, 98, 433, 312, 456, 233, 145, 121, 183, 373, 161, 164, 339, 76, 344, 451, 420, 197, 173, 459, 14, 54, 480, 99, 431, 427, 165, 20, 416, 113, 288, 18, 0]
Volume: 4.8025
Cost: 82507
Route: [0, 367, 101, 146, 64, 497, 215, 389, 208, 100, 284, 268, 299, 106, 154, 214, 162, 38, 217, 430, 345, 21, 496, 45, 432, 56, 447, 264, 124, 225, 347, 392, 415, 132, 442, 85, 157, 408, 437, 0]
Volume: 4.9581
Cost: 88480
Route: [0, 92, 7, 28, 139, 155, 32, 86, 336, 335, 72, 126, 271, 343, 477, 452, 89, 84, 108, 358, 319, 471, 327, 454, 219, 134, 460, 423, 485, 450, 75, 114, 16, 191, 135, 37, 122, 289, 0]
Volume: 4.9411
Cost: 85845
Route: [0, 385, 419, 123, 346, 498, 278, 462, 174, 474, 42, 285, 236, 401, 71, 307, 222, 402, 171, 194, 291, 187, 417, 355, 36, 207, 70, 223, 144, 65, 276, 137, 398, 369, 422, 363, 409, 0]
Volume: 4.1951
Cost: 59441
Route: [0, 404, 130, 495, 91, 203, 259, 250, 31, 393, 125, 142, 193, 9, 382, 237, 248, 320, 465, 241, 429, 44, 43, 445, 397, 281, 380, 350, 342, 104, 234, 481, 184, 128, 11, 315, 23, 185, 163, 0]
Volume: 4.7211
Cost: 64992
Route: [0, 210, 158, 446, 220, 78, 77, 68, 298, 2, 212, 357, 426, 413, 469, 375, 439, 424, 328, 189, 60, 66, 372, 337, 51, 371, 306, 5, 334, 0]
Volume: 4.9622
Cost: 88170
Route: [0, 209, 316, 245, 293, 269, 81, 354, 366, 198, 244, 407, 421, 83, 87, 112, 186, 131, 177, 262, 170, 472, 196, 384, 192, 318, 434, 305, 59, 280, 93, 483, 175, 79, 151, 55, 297, 195, 102, 475, 169, 188, 201, 282, 4, 0]
Volume: 4.9759
Cost: 84512
Route: [0, 40, 253, 314, 332, 443, 242, 148, 418, 266, 211, 6, 205, 179, 391, 109, 323, 88, 440, 127, 410, 362, 331, 277, 206, 376, 478, 216, 116, 292, 224, 400, 356, 156, 353, 249, 133, 463, 228, 279, 0]
Volume: 4.9871
Cost: 124130
