OFV: 33110.0

Route: [0, 61, 24, 54, 89, 23, 71, 19, 90, 87, 16, 88, 92, 53, 49, 22, 39, 94, 80, 5, 12, 68, 45, 86, 43, 0]
Volume: 10.9421
Cost: 8887
Route: [0, 72, 10, 66, 64, 37, 56, 73, 59, 6, 67, 18, 65, 99, 27, 25, 74, 29, 62, 48, 34, 81, 35, 55, 63, 0]
Volume: 12.452
Cost: 8308
Route: [0, 17, 76, 20, 8, 3, 9, 70, 82, 91, 38, 4, 52, 77, 30, 78, 75, 33, 32, 51, 31, 69, 83, 96, 1, 0]
Volume: 12.1921
Cost: 8293
Route: [0, 28, 84, 50, 93, 46, 26, 85, 95, 13, 79, 97, 47, 41, 7, 14, 44, 36, 57, 60, 42, 40, 58, 21, 98, 15, 2, 11, 0]
Volume: 11.5622
Cost: 7622
