OFV: 192705.0

Route: [0, 23, 307, 22, 460, 391, 7, 69, 64, 168, 429, 0]
Volume: 4.924
Cost: 4626
Route: [0, 154, 437, 180, 265, 189, 0]
Volume: 4.4081
Cost: 2385
Route: [0, 424, 148, 278, 457, 485, 128, 114, 124, 130, 276, 408, 0]
Volume: 4.718
Cost: 3724
Route: [0, 245, 224, 454, 442, 458, 14, 371, 257, 160, 0]
Volume: 4.944
Cost: 3496
Route: [0, 188, 392, 61, 146, 342, 77, 420, 96, 310, 421, 336, 170, 410, 482, 0]
Volume: 4.9401
Cost: 4353
Route: [0, 100, 361, 147, 5, 443, 31, 481, 120, 430, 1, 149, 0]
Volume: 4.97
Cost: 4606
Route: [0, 283, 203, 489, 281, 199, 109, 97, 219, 0]
Volume: 4.606
Cost: 2132
Route: [0, 50, 104, 142, 201, 349, 42, 144, 95, 315, 0]
Volume: 4.98
Cost: 3043
Route: [0, 483, 36, 261, 308, 335, 54, 40, 462, 316, 452, 339, 0]
Volume: 4.878
Cost: 3088
Route: [0, 112, 403, 220, 409, 464, 15, 328, 300, 0]
Volume: 4.852
Cost: 2631
Route: [0, 4, 52, 436, 182, 432, 225, 473, 162, 103, 0]
Volume: 4.932
Cost: 3118
Route: [0, 474, 122, 266, 213, 359, 380, 175, 17, 72, 242, 0]
Volume: 4.96
Cost: 4483
Route: [0, 258, 400, 356, 46, 389, 43, 399, 330, 221, 255, 397, 329, 0]
Volume: 4.878
Cost: 3337
Route: [0, 478, 235, 463, 322, 133, 439, 190, 138, 155, 16, 0]
Volume: 4.824
Cost: 4277
Route: [0, 449, 121, 253, 450, 294, 171, 453, 396, 0]
Volume: 4.792
Cost: 3093
Route: [0, 480, 384, 382, 152, 227, 455, 388, 334, 347, 325, 0]
Volume: 4.8901
Cost: 4424
Route: [0, 13, 247, 84, 74, 45, 469, 53, 0]
Volume: 4.486
Cost: 2821
Route: [0, 135, 271, 143, 321, 401, 41, 205, 110, 309, 158, 0]
Volume: 4.634
Cost: 3570
Route: [0, 491, 35, 179, 102, 466, 198, 81, 33, 156, 0]
Volume: 4.9581
Cost: 3248
Route: [0, 304, 178, 204, 319, 216, 434, 378, 364, 226, 387, 262, 324, 0]
Volume: 4.844
Cost: 4674
Route: [0, 431, 117, 260, 86, 499, 471, 419, 185, 284, 273, 426, 487, 165, 0]
Volume: 4.746
Cost: 3813
Route: [0, 55, 193, 187, 479, 132, 306, 192, 423, 323, 0]
Volume: 4.886
Cost: 3370
Route: [0, 129, 196, 314, 62, 264, 57, 63, 390, 183, 240, 357, 414, 0]
Volume: 4.948
Cost: 4492
Route: [0, 475, 299, 248, 210, 83, 26, 3, 30, 151, 0]
Volume: 4.8
Cost: 2766
Route: [0, 282, 239, 177, 73, 427, 67, 209, 2, 0]
Volume: 4.644
Cost: 3530
Route: [0, 25, 76, 402, 447, 212, 495, 0]
Volume: 4.9039
Cost: 2908
Route: [0, 377, 287, 91, 136, 318, 438, 0]
Volume: 4.94
Cost: 2916
Route: [0, 470, 75, 451, 111, 494, 233, 37, 161, 118, 0]
Volume: 4.994
Cost: 3869
Route: [0, 234, 229, 98, 351, 411, 302, 327, 71, 0]
Volume: 4.94
Cost: 3687
Route: [0, 181, 404, 476, 217, 456, 246, 406, 0]
Volume: 4.628
Cost: 2469
Route: [0, 493, 285, 422, 296, 58, 134, 137, 274, 0]
Volume: 4.168
Cost: 3185
Route: [0, 88, 153, 254, 21, 405, 105, 169, 337, 496, 355, 145, 0]
Volume: 4.904
Cost: 4145
Route: [0, 68, 354, 32, 211, 256, 200, 231, 0]
Volume: 4.892
Cost: 4631
Route: [0, 93, 243, 468, 9, 172, 195, 8, 125, 393, 467, 126, 0]
Volume: 4.948
Cost: 3023
Route: [0, 24, 269, 215, 375, 365, 366, 290, 115, 0]
Volume: 4.966
Cost: 3237
Route: [0, 228, 279, 412, 19, 370, 39, 386, 250, 89, 444, 0]
Volume: 4.622
Cost: 3579
Route: [0, 295, 492, 164, 207, 275, 252, 184, 191, 167, 0]
Volume: 5.0
Cost: 4450
Route: [0, 131, 214, 272, 267, 66, 477, 123, 297, 174, 157, 341, 298, 0]
Volume: 4.866
Cost: 4621
Route: [0, 428, 127, 206, 59, 311, 395, 440, 360, 270, 376, 6, 0]
Volume: 4.986
Cost: 3739
Route: [0, 230, 368, 194, 80, 498, 251, 398, 488, 241, 113, 291, 237, 301, 0]
Volume: 4.662
Cost: 5004
Route: [0, 47, 11, 249, 358, 48, 288, 277, 150, 0]
Volume: 4.9
Cost: 3186
Route: [0, 305, 20, 418, 44, 435, 92, 56, 218, 379, 374, 18, 0]
Volume: 4.638
Cost: 4616
Route: [0, 331, 163, 106, 292, 29, 87, 28, 140, 186, 0]
Volume: 4.582
Cost: 3178
Route: [0, 332, 116, 372, 338, 445, 350, 10, 176, 0]
Volume: 4.982
Cost: 3764
Route: [0, 362, 38, 99, 317, 303, 159, 312, 197, 280, 313, 202, 65, 0]
Volume: 4.836
Cost: 5119
Route: [0, 49, 373, 108, 348, 289, 472, 60, 369, 433, 0]
Volume: 4.654
Cost: 2855
Route: [0, 27, 343, 344, 407, 446, 416, 222, 0]
Volume: 4.918
Cost: 3389
Route: [0, 139, 119, 236, 417, 381, 12, 425, 51, 268, 263, 0]
Volume: 4.828
Cost: 4002
Route: [0, 34, 394, 286, 352, 484, 346, 367, 232, 320, 363, 173, 385, 259, 101, 0]
Volume: 4.72
Cost: 4589
Route: [0, 166, 223, 238, 441, 78, 208, 90, 326, 486, 0]
Volume: 4.604
Cost: 3180
Route: [0, 79, 340, 459, 85, 293, 0]
Volume: 4.9859
Cost: 3314
Route: [0, 333, 70, 141, 82, 244, 353, 497, 415, 448, 0]
Volume: 4.9421
Cost: 3370
Route: [0, 94, 413, 490, 345, 465, 461, 383, 107, 0]
Volume: 4.398
Cost: 3580
