OFV: 471597.0

Route: [0, 169, 97, 28, 376, 36, 102, 319, 151, 4, 361, 141, 27, 174, 464, 256, 329, 190, 12, 461, 25, 393, 422, 442, 324, 352, 259, 250, 235, 413, 415, 3, 205, 389, 293, 320, 168, 75, 433, 127, 373, 486, 11, 14, 101, 405, 222, 443, 482, 192, 104, 451, 0]
Volume: 4.9435
Cost: 50354
Route: [0, 244, 327, 38, 122, 406, 241, 467, 22, 119, 412, 193, 221, 496, 344, 89, 140, 263, 311, 16, 112, 146, 345, 211, 351, 67, 295, 216, 186, 449, 54, 348, 208, 346, 339, 84, 92, 0]
Volume: 4.8991
Cost: 49436
Route: [0, 248, 144, 43, 364, 330, 62, 93, 88, 242, 209, 368, 402, 428, 180, 227, 305, 52, 69, 488, 197, 354, 232, 224, 453, 149, 388, 163, 404, 297, 199, 261, 70, 358, 0]
Volume: 4.9321
Cost: 31214
Route: [0, 452, 377, 231, 71, 466, 203, 417, 357, 60, 115, 182, 158, 498, 271, 483, 342, 291, 421, 267, 30, 59, 362, 17, 61, 298, 237, 128, 198, 429, 278, 321, 87, 0]
Volume: 4.8355
Cost: 22890
Route: [0, 279, 310, 307, 436, 230, 289, 272, 155, 94, 85, 217, 257, 366, 371, 135, 191, 445, 353, 55, 487, 91, 44, 131, 426, 269, 383, 367, 40, 53, 20, 63, 386, 497, 137, 132, 56, 220, 332, 35, 73, 403, 95, 424, 0]
Volume: 4.9545
Cost: 38522
Route: [0, 299, 200, 485, 285, 273, 206, 480, 370, 265, 410, 105, 2, 379, 142, 309, 336, 438, 423, 331, 390, 437, 369, 166, 124, 314, 477, 450, 106, 187, 181, 118, 26, 37, 286, 276, 66, 470, 171, 74, 0]
Volume: 4.9695
Cost: 38199
Route: [0, 340, 337, 460, 489, 287, 419, 448, 382, 98, 468, 431, 41, 476, 214, 156, 218, 100, 96, 225, 288, 455, 229, 172, 292, 260, 123, 246, 258, 148, 31, 397, 189, 462, 117, 78, 254, 392, 481, 0]
Volume: 4.1736
Cost: 33720
Route: [0, 280, 277, 138, 249, 183, 64, 479, 247, 300, 313, 13, 18, 274, 204, 395, 176, 51, 86, 312, 441, 341, 165, 447, 110, 238, 375, 335, 465, 184, 47, 45, 57, 459, 290, 154, 120, 378, 381, 316, 301, 394, 282, 90, 326, 484, 0]
Volume: 4.9911
Cost: 41364
Route: [0, 240, 440, 212, 46, 372, 243, 434, 270, 81, 294, 325, 425, 398, 469, 42, 432, 160, 494, 281, 420, 15, 409, 125, 304, 153, 474, 245, 268, 239, 491, 173, 384, 492, 308, 0]
Volume: 4.8851
Cost: 40108
Route: [0, 363, 396, 302, 202, 457, 416, 107, 251, 201, 178, 161, 435, 219, 306, 387, 471, 418, 170, 385, 82, 79, 400, 129, 1, 359, 444, 0]
Volume: 3.7847
Cost: 5181
Route: [0, 133, 414, 8, 463, 356, 195, 427, 179, 399, 233, 228, 207, 374, 76, 164, 108, 33, 162, 113, 9, 7, 349, 266, 495, 126, 275, 185, 475, 50, 215, 23, 490, 380, 262, 134, 72, 49, 177, 411, 48, 24, 139, 317, 0]
Volume: 4.9798
Cost: 53224
Route: [0, 446, 157, 407, 223, 333, 365, 408, 296, 493, 194, 323, 360, 99, 213, 322, 334, 150, 255, 391, 439, 130, 253, 58, 347, 328, 226, 109, 80, 188, 338, 210, 103, 116, 19, 454, 39, 456, 83, 111, 0]
Volume: 4.6491
Cost: 36656
Route: [0, 430, 284, 136, 143, 472, 6, 159, 68, 77, 34, 147, 458, 236, 303, 145, 478, 175, 318, 21, 350, 167, 234, 65, 121, 114, 343, 264, 499, 32, 196, 473, 29, 252, 401, 152, 283, 355, 10, 315, 5, 0]
Volume: 4.9861
Cost: 30729
