OFV: 657152.0

Route: [0, 69, 120, 378, 381, 57, 375, 110, 238, 184, 47, 45, 465, 335, 459, 290, 154, 52, 488, 197, 232, 484, 0]
Volume: 4.889
Cost: 35033
Route: [0, 309, 336, 438, 423, 331, 390, 181, 118, 262, 134, 72, 49, 177, 26, 37, 48, 276, 66, 139, 202, 457, 0]
Volume: 4.958
Cost: 30960
Route: [0, 317, 416, 107, 251, 201, 178, 161, 435, 79, 400, 170, 385, 82, 129, 1, 219, 359, 444, 0]
Volume: 4.011
Cost: 5025
Route: [0, 365, 328, 347, 253, 323, 360, 391, 334, 322, 213, 99, 150, 255, 130, 439, 58, 226, 80, 109, 188, 19, 24, 0]
Volume: 4.9601
Cost: 32813
Route: [0, 279, 436, 230, 289, 272, 155, 445, 353, 191, 324, 235, 413, 250, 259, 352, 442, 55, 487, 91, 386, 497, 137, 0]
Volume: 4.86
Cost: 31653
Route: [0, 307, 367, 383, 269, 222, 443, 209, 368, 402, 428, 180, 227, 305, 88, 242, 93, 62, 482, 0]
Volume: 4.729
Cost: 29502
Route: [0, 414, 265, 410, 105, 2, 9, 113, 233, 207, 228, 179, 399, 374, 245, 268, 239, 491, 384, 492, 0]
Volume: 4.9022
Cost: 23558
Route: [0, 452, 38, 440, 339, 397, 212, 377, 382, 98, 417, 203, 466, 231, 71, 278, 189, 321, 462, 117, 87, 0]
Volume: 4.8251
Cost: 12779
Route: [0, 240, 159, 147, 458, 236, 303, 478, 68, 77, 152, 78, 472, 284, 136, 143, 6, 392, 254, 5, 0]
Volume: 4.948
Cost: 15168
Route: [0, 430, 448, 429, 357, 60, 198, 115, 182, 128, 291, 483, 342, 421, 267, 30, 59, 84, 92, 0]
Volume: 4.9391
Cost: 20108
Route: [0, 176, 51, 86, 312, 441, 341, 194, 408, 493, 296, 165, 447, 274, 204, 13, 18, 138, 83, 111, 0]
Volume: 4.869
Cost: 22390
Route: [0, 249, 183, 64, 479, 247, 300, 313, 407, 223, 333, 395, 210, 338, 116, 103, 454, 199, 0]
Volume: 4.919
Cost: 19595
Route: [0, 406, 140, 146, 263, 311, 16, 112, 345, 211, 351, 67, 216, 295, 304, 125, 15, 409, 281, 420, 153, 474, 0]
Volume: 4.997
Cost: 43086
Route: [0, 372, 229, 468, 41, 431, 476, 258, 260, 123, 246, 292, 288, 455, 214, 156, 218, 100, 96, 225, 172, 148, 31, 0]
Volume: 4.998
Cost: 30415
Route: [0, 470, 273, 7, 349, 106, 450, 187, 437, 124, 369, 166, 314, 477, 142, 379, 162, 164, 33, 108, 76, 195, 427, 356, 0]
Volume: 4.9681
Cost: 36347
Route: [0, 248, 461, 25, 393, 422, 75, 433, 168, 320, 127, 101, 14, 373, 486, 11, 293, 205, 389, 3, 415, 464, 0]
Volume: 4.939
Cost: 40772
Route: [0, 74, 149, 453, 224, 388, 354, 163, 404, 297, 157, 280, 277, 39, 456, 358, 0]
Volume: 4.7842
Cost: 13683
Route: [0, 40, 53, 20, 63, 151, 4, 361, 141, 27, 319, 102, 36, 132, 376, 97, 28, 481, 0]
Volume: 4.9661
Cost: 20465
Route: [0, 310, 426, 131, 174, 256, 85, 329, 190, 12, 366, 371, 135, 217, 257, 94, 44, 405, 90, 326, 0]
Volume: 4.953
Cost: 27933
Route: [0, 446, 286, 411, 380, 490, 23, 215, 266, 495, 126, 275, 185, 475, 50, 0]
Volume: 4.894
Cost: 33642
Route: [0, 169, 419, 122, 119, 412, 467, 22, 469, 42, 432, 160, 494, 186, 398, 54, 348, 434, 362, 17, 61, 298, 237, 0]
Volume: 4.94
Cost: 34766
Route: [0, 144, 43, 330, 364, 316, 301, 394, 282, 261, 70, 192, 104, 451, 0]
Volume: 4.717
Cost: 11695
Route: [0, 133, 299, 173, 8, 463, 370, 480, 206, 200, 485, 285, 171, 363, 396, 302, 0]
Volume: 4.243
Cost: 13453
Route: [0, 244, 327, 306, 471, 387, 418, 287, 337, 489, 460, 308, 0]
Volume: 3.539
Cost: 3530
Route: [0, 401, 252, 350, 21, 167, 234, 65, 114, 264, 343, 499, 121, 32, 196, 473, 29, 283, 10, 355, 315, 0]
Volume: 4.823
Cost: 26446
Route: [0, 145, 175, 318, 34, 56, 220, 332, 35, 73, 403, 95, 424, 0]
Volume: 4.9059
Cost: 13098
Route: [0, 340, 46, 271, 158, 498, 243, 270, 81, 294, 325, 425, 89, 449, 496, 221, 344, 193, 208, 241, 346, 0]
Volume: 4.999
Cost: 29237
