OFV: 371720.0

Route: [0, 8, 74, 53, 44, 77, 37, 55, 34, 78, 97, 61, 3, 58, 6, 20, 17, 75, 87, 43, 65, 68, 47, 4, 42, 36, 95, 46, 0]
Volume: 12.362
Cost: 103274
Route: [0, 27, 35, 81, 13, 91, 85, 16, 63, 14, 2, 48, 31, 67, 49, 92, 9, 45, 50, 59, 11, 56, 0]
Volume: 12.4142
Cost: 74420
Route: [0, 15, 51, 70, 62, 7, 0]
Volume: 3.688
Cost: 44544
Route: [0, 66, 79, 71, 52, 28, 90, 21, 80, 32, 38, 29, 88, 83, 89, 69, 40, 5, 98, 73, 86, 1, 82, 0]
Volume: 12.386
Cost: 70923
Route: [0, 33, 23, 64, 12, 24, 26, 19, 96, 54, 84, 30, 94, 41, 99, 72, 10, 22, 25, 18, 76, 39, 57, 93, 60, 0]
Volume: 12.428
Cost: 78559
