OFV: 56053.0

Route: [0, 194, 8, 234, 6, 239, 206, 74, 242, 214, 83, 21, 235, 76, 27, 63, 106, 177, 190, 240, 42, 23, 191, 139, 211, 184, 208, 96, 41, 180, 0]
Volume: 12.496
Cost: 5220
Route: [0, 156, 237, 173, 166, 172, 90, 188, 196, 223, 132, 246, 241, 143, 212, 130, 113, 94, 134, 122, 64, 0]
Volume: 10.4321
Cost: 6478
Route: [0, 48, 53, 202, 99, 186, 81, 193, 22, 154, 1, 245, 37, 52, 238, 44, 148, 249, 2, 142, 146, 13, 0]
Volume: 10.602
Cost: 6257
Route: [0, 144, 65, 93, 150, 216, 36, 16, 217, 164, 7, 80, 210, 182, 75, 104, 32, 45, 84, 55, 24, 138, 20, 207, 51, 108, 3, 119, 5, 140, 0]
Volume: 11.724
Cost: 5732
Route: [0, 100, 73, 195, 127, 50, 215, 168, 218, 59, 86, 57, 204, 115, 105, 71, 153, 131, 14, 56, 35, 220, 107, 12, 179, 183, 155, 178, 128, 185, 85, 33, 0]
Volume: 12.27
Cost: 4278
Route: [0, 230, 247, 10, 116, 174, 227, 103, 171, 231, 187, 120, 109, 167, 77, 60, 29, 224, 112, 31, 200, 161, 111, 61, 0]
Volume: 11.762
Cost: 5727
Route: [0, 201, 232, 25, 225, 124, 129, 157, 226, 46, 141, 49, 17, 15, 47, 98, 149, 228, 69, 110, 125, 199, 30, 135, 66, 0]
Volume: 11.702
Cost: 8214
Route: [0, 101, 152, 97, 137, 70, 175, 28, 209, 9, 221, 92, 145, 18, 123, 163, 169, 68, 117, 79, 229, 102, 121, 219, 0]
Volume: 11.984
Cost: 4494
Route: [0, 43, 89, 233, 40, 203, 67, 54, 34, 62, 192, 162, 133, 176, 147, 19, 126, 118, 4, 165, 0]
Volume: 12.3161
Cost: 3084
Route: [0, 26, 170, 88, 72, 58, 213, 248, 198, 39, 11, 222, 95, 78, 91, 243, 158, 87, 151, 181, 236, 197, 38, 244, 82, 189, 159, 136, 160, 114, 205, 0]
Volume: 12.1821
Cost: 6569
