OFV: 950944.0

Route: [0, 437, 124, 166, 187, 390, 331, 181, 118, 262, 74, 0]
Volume: 4.974
Cost: 25969
Route: [0, 421, 208, 241, 467, 22, 119, 412, 92, 0]
Volume: 4.9841
Cost: 20560
Route: [0, 229, 172, 455, 288, 292, 468, 431, 41, 476, 214, 260, 123, 246, 258, 148, 115, 198, 0]
Volume: 4.938
Cost: 20113
Route: [0, 244, 401, 252, 196, 32, 264, 473, 29, 283, 0]
Volume: 4.92
Cost: 24168
Route: [0, 131, 366, 371, 217, 257, 44, 405, 90, 0]
Volume: 4.948
Cost: 26401
Route: [0, 438, 336, 309, 142, 379, 9, 113, 399, 207, 374, 0]
Volume: 4.8559
Cost: 24234
Route: [0, 299, 370, 265, 410, 105, 2, 233, 228, 179, 162, 108, 33, 164, 76, 427, 195, 444, 0]
Volume: 4.926
Cost: 20841
Route: [0, 357, 372, 60, 271, 342, 291, 483, 59, 267, 0]
Volume: 4.9321
Cost: 17235
Route: [0, 62, 209, 428, 180, 305, 227, 88, 242, 316, 0]
Volume: 4.99
Cost: 23503
Route: [0, 120, 184, 47, 45, 465, 335, 375, 110, 238, 378, 381, 301, 282, 0]
Volume: 4.862
Cost: 18954
Route: [0, 169, 306, 387, 471, 418, 385, 82, 1, 129, 219, 359, 0]
Volume: 4.852
Cost: 3151
Route: [0, 496, 193, 221, 344, 54, 348, 434, 270, 31, 0]
Volume: 4.926
Cost: 23510
Route: [0, 183, 64, 479, 247, 300, 313, 13, 18, 249, 488, 197, 354, 0]
Volume: 4.952
Cost: 17721
Route: [0, 144, 272, 289, 230, 155, 94, 85, 329, 190, 12, 27, 102, 0]
Volume: 4.984
Cost: 25767
Route: [0, 248, 135, 25, 373, 486, 433, 75, 168, 320, 293, 389, 205, 3, 415, 464, 0]
Volume: 4.972
Cost: 29193
Route: [0, 34, 147, 458, 236, 303, 145, 175, 318, 234, 65, 121, 114, 343, 499, 167, 350, 21, 0]
Volume: 4.952
Cost: 17355
Route: [0, 177, 72, 49, 134, 380, 266, 495, 23, 215, 50, 317, 0]
Volume: 4.94
Cost: 32893
Route: [0, 159, 478, 56, 220, 35, 73, 332, 403, 68, 77, 152, 95, 0]
Volume: 4.9061
Cost: 14820
Route: [0, 436, 256, 174, 461, 393, 422, 442, 191, 445, 353, 55, 487, 91, 0]
Volume: 4.996
Cost: 27029
Route: [0, 469, 295, 216, 211, 351, 67, 160, 494, 432, 42, 186, 89, 398, 346, 84, 0]
Volume: 4.9861
Cost: 31431
Route: [0, 363, 396, 302, 202, 416, 107, 251, 201, 111, 0]
Volume: 4.654
Cost: 3073
Route: [0, 453, 224, 149, 388, 163, 404, 297, 199, 261, 70, 358, 0]
Volume: 4.996
Cost: 10671
Route: [0, 243, 362, 17, 61, 298, 237, 128, 158, 498, 182, 0]
Volume: 4.996
Cost: 18394
Route: [0, 446, 286, 26, 411, 37, 48, 276, 66, 139, 457, 0]
Volume: 4.998
Cost: 16410
Route: [0, 176, 341, 493, 296, 408, 194, 130, 439, 58, 347, 328, 447, 274, 204, 138, 277, 394, 0]
Volume: 4.974
Cost: 23162
Route: [0, 430, 87, 284, 136, 143, 6, 472, 254, 355, 10, 315, 5, 0]
Volume: 4.9782
Cost: 5883
Route: [0, 122, 466, 377, 382, 98, 203, 417, 406, 231, 71, 278, 0]
Volume: 4.944
Cost: 13195
Route: [0, 310, 367, 383, 40, 53, 497, 137, 0]
Volume: 4.718
Cost: 16395
Route: [0, 340, 97, 28, 376, 132, 36, 0]
Volume: 4.7941
Cost: 13173
Route: [0, 452, 429, 440, 212, 339, 397, 0]
Volume: 4.972
Cost: 11167
Route: [0, 327, 38, 419, 448, 321, 462, 117, 78, 392, 0]
Volume: 4.996
Cost: 9851
Route: [0, 470, 485, 200, 285, 273, 480, 414, 8, 173, 492, 0]
Volume: 4.784
Cost: 13590
Route: [0, 280, 407, 223, 333, 395, 338, 210, 103, 116, 454, 39, 0]
Volume: 4.922
Cost: 17072
Route: [0, 279, 269, 222, 443, 402, 368, 93, 482, 0]
Volume: 4.8961
Cost: 22418
Route: [0, 463, 420, 281, 409, 15, 125, 304, 153, 474, 0]
Volume: 4.942
Cost: 26525
Route: [0, 326, 364, 330, 43, 456, 83, 192, 104, 424, 484, 481, 0]
Volume: 4.9481
Cost: 12187
Route: [0, 57, 459, 290, 154, 52, 69, 232, 0]
Volume: 4.904
Cost: 29969
Route: [0, 7, 349, 126, 275, 185, 475, 490, 369, 477, 314, 106, 450, 423, 206, 171, 0]
Volume: 4.9781
Cost: 38065
Route: [0, 133, 356, 245, 268, 239, 491, 384, 0]
Volume: 4.6941
Cost: 16693
Route: [0, 307, 20, 63, 151, 141, 361, 4, 319, 0]
Volume: 4.892
Cost: 18551
Route: [0, 240, 451, 178, 161, 435, 79, 400, 170, 287, 337, 489, 460, 308, 0]
Volume: 4.97
Cost: 4524
Route: [0, 30, 425, 263, 311, 16, 112, 146, 345, 140, 449, 0]
Volume: 4.99
Cost: 39244
Route: [0, 426, 127, 11, 101, 14, 413, 235, 250, 259, 352, 324, 386, 0]
Volume: 4.998
Cost: 41290
Route: [0, 365, 226, 80, 109, 441, 51, 86, 188, 19, 24, 0]
Volume: 4.9301
Cost: 19550
Route: [0, 157, 312, 253, 323, 360, 391, 334, 150, 99, 213, 322, 255, 165, 0]
Volume: 4.974
Cost: 31247
Route: [0, 46, 81, 325, 294, 156, 100, 218, 96, 225, 189, 0]
Volume: 4.926
Cost: 33797
