OFV: 217286.0

Route: [0, 131, 104, 56, 75, 17, 187, 228, 242, 23, 162, 15, 11, 146, 220, 218, 66, 111, 155, 41, 0]
Volume: 4.8351
Cost: 16359
Route: [0, 94, 212, 5, 185, 207, 203, 170, 227, 68, 32, 109, 57, 39, 226, 217, 0]
Volume: 4.956
Cost: 18413
Route: [0, 51, 71, 192, 91, 178, 79, 82, 196, 133, 18, 168, 231, 114, 78, 134, 9, 243, 236, 21, 166, 43, 8, 88, 0]
Volume: 4.951
Cost: 13826
Route: [0, 31, 213, 70, 193, 210, 230, 35, 16, 81, 62, 58, 112, 208, 221, 233, 89, 176, 216, 93, 195, 145, 27, 86, 113, 45, 42, 65, 0]
Volume: 4.908
Cost: 20947
Route: [0, 121, 186, 197, 118, 161, 136, 139, 49, 169, 181, 150, 209, 200, 108, 69, 73, 26, 0]
Volume: 4.933
Cost: 10598
Route: [0, 50, 164, 129, 99, 245, 151, 149, 29, 159, 4, 52, 106, 102, 90, 37, 184, 115, 25, 232, 138, 0]
Volume: 4.8381
Cost: 20613
Route: [0, 154, 46, 64, 240, 132, 54, 74, 142, 97, 14, 10, 7, 0]
Volume: 1.763
Cost: 7102
Route: [0, 126, 147, 180, 189, 80, 125, 83, 206, 229, 3, 174, 234, 167, 96, 224, 179, 72, 0]
Volume: 4.991
Cost: 12530
Route: [0, 141, 60, 120, 13, 173, 238, 110, 214, 160, 140, 34, 175, 61, 122, 95, 182, 2, 172, 85, 0]
Volume: 4.979
Cost: 18583
Route: [0, 48, 158, 211, 6, 117, 87, 171, 157, 98, 123, 188, 183, 201, 103, 77, 249, 248, 40, 44, 148, 36, 84, 237, 165, 107, 0]
Volume: 4.9431
Cost: 19865
Route: [0, 53, 204, 92, 239, 202, 67, 28, 22, 124, 219, 235, 156, 105, 101, 244, 190, 152, 19, 153, 0]
Volume: 4.8411
Cost: 25221
Route: [0, 241, 177, 223, 215, 33, 63, 247, 100, 128, 38, 30, 135, 116, 55, 198, 76, 127, 0]
Volume: 3.702
Cost: 13197
Route: [0, 222, 119, 130, 47, 143, 191, 225, 1, 205, 20, 144, 194, 12, 59, 246, 137, 199, 24, 163, 0]
Volume: 4.904
Cost: 20032
