OFV: 16677.0

Route: [0, 86, 76, 16, 96, 90, 2, 78, 52, 15, 0]
Volume: 4.968
Cost: 2130
Route: [0, 48, 10, 3, 53, 91, 72, 11, 61, 50, 68, 37, 87, 0]
Volume: 4.8821
Cost: 1997
Route: [0, 46, 80, 7, 93, 30, 58, 47, 44, 49, 0]
Volume: 4.132
Cost: 761
Route: [0, 20, 1, 70, 54, 83, 57, 85, 25, 43, 34, 82, 64, 18, 0]
Volume: 4.9
Cost: 1209
Route: [0, 56, 24, 98, 89, 75, 40, 0]
Volume: 4.6461
Cost: 993
Route: [0, 22, 81, 38, 88, 21, 71, 9, 73, 0]
Volume: 4.766
Cost: 774
Route: [0, 45, 51, 13, 42, 41, 55, 26, 0]
Volume: 4.882
Cost: 1742
Route: [0, 79, 23, 19, 67, 17, 29, 62, 69, 0]
Volume: 4.982
Cost: 1330
Route: [0, 6, 74, 84, 14, 32, 0]
Volume: 4.78
Cost: 1405
Route: [0, 28, 35, 59, 94, 33, 27, 5, 99, 4, 0]
Volume: 4.852
Cost: 1703
Route: [0, 36, 63, 31, 92, 77, 97, 0]
Volume: 4.866
Cost: 630
Route: [0, 12, 65, 66, 60, 95, 39, 8, 0]
Volume: 2.2301
Cost: 2003
