OFV: 692896.0

Route: [0, 462, 461, 383, 107, 491, 35, 143, 341, 298, 227, 455, 388, 334, 347, 325, 184, 382, 152, 147, 252, 275, 207, 164, 492, 39, 250, 370, 386, 89, 430, 120, 481, 443, 31, 5, 220, 403, 36, 15, 300, 328, 0]
Volume: 12.084
Cost: 63082
Route: [0, 438, 55, 24, 365, 375, 178, 204, 319, 362, 431, 117, 260, 86, 499, 471, 419, 426, 487, 273, 185, 284, 379, 20, 418, 155, 350, 82, 141, 162, 402, 76, 447, 244, 353, 497, 415, 448, 381, 425, 12, 51, 268, 263, 229, 354, 32, 256, 200, 14, 371, 257, 81, 271, 0]
Volume: 11.6045
Cost: 70053
Route: [0, 304, 318, 136, 91, 193, 187, 479, 287, 324, 132, 306, 262, 387, 216, 434, 226, 364, 378, 317, 99, 38, 303, 159, 312, 266, 213, 359, 380, 175, 17, 197, 280, 313, 202, 148, 278, 424, 485, 128, 457, 114, 124, 366, 130, 276, 290, 239, 282, 177, 0]
Volume: 10.282
Cost: 65342
Route: [0, 428, 423, 192, 410, 18, 170, 336, 420, 310, 96, 421, 445, 338, 374, 92, 56, 218, 44, 435, 190, 138, 439, 235, 463, 133, 322, 77, 146, 342, 61, 392, 246, 475, 495, 119, 236, 417, 320, 232, 231, 286, 352, 230, 368, 84, 74, 469, 53, 0]
Volume: 11.803
Cost: 70437
Route: [0, 228, 242, 165, 122, 474, 203, 283, 23, 489, 307, 281, 301, 13, 247, 194, 367, 346, 484, 363, 173, 385, 259, 139, 210, 358, 436, 188, 48, 182, 432, 225, 473, 212, 103, 277, 16, 101, 10, 394, 34, 406, 482, 323, 129, 196, 444, 0]
Volume: 10.5869
Cost: 56250
Route: [0, 295, 49, 238, 166, 223, 441, 78, 208, 90, 326, 433, 486, 449, 121, 253, 470, 75, 451, 460, 22, 429, 168, 64, 63, 255, 330, 399, 43, 221, 389, 46, 400, 356, 57, 264, 62, 390, 240, 183, 357, 414, 305, 315, 234, 0]
Volume: 11.247
Cost: 58919
Route: [0, 331, 144, 95, 373, 108, 348, 289, 472, 369, 60, 112, 483, 464, 409, 153, 1, 254, 21, 206, 127, 59, 311, 395, 405, 105, 496, 337, 169, 360, 440, 270, 376, 361, 191, 384, 50, 104, 142, 201, 349, 261, 54, 308, 335, 0]
Volume: 12.3891
Cost: 53733
Route: [0, 377, 97, 219, 33, 156, 237, 291, 113, 80, 498, 251, 398, 241, 488, 458, 442, 454, 224, 211, 411, 351, 98, 272, 214, 131, 412, 279, 19, 123, 477, 66, 267, 297, 174, 198, 157, 179, 466, 102, 94, 413, 490, 345, 465, 321, 401, 41, 205, 110, 0]
Volume: 10.449
Cost: 67490
Route: [0, 480, 40, 316, 452, 339, 160, 309, 158, 245, 135, 199, 109, 45, 332, 116, 372, 404, 476, 217, 456, 52, 4, 47, 248, 11, 249, 30, 83, 26, 3, 151, 299, 288, 181, 176, 150, 258, 0]
Volume: 8.409
Cost: 53290
Route: [0, 25, 333, 70, 302, 71, 327, 215, 269, 73, 427, 67, 209, 2, 468, 9, 292, 28, 140, 134, 87, 29, 285, 422, 296, 58, 106, 195, 172, 8, 125, 126, 467, 393, 111, 494, 69, 161, 344, 233, 37, 118, 355, 145, 68, 72, 478, 408, 0]
Volume: 12.457
Cost: 72161
Route: [0, 115, 167, 93, 243, 493, 163, 186, 137, 274, 79, 340, 459, 85, 293, 453, 396, 171, 294, 450, 391, 7, 222, 407, 446, 416, 314, 397, 329, 100, 154, 437, 180, 265, 189, 343, 27, 88, 6, 42, 65, 149, 0]
Volume: 12.1272
Cost: 62139
