OFV: 545899.0

Route: [0, 299, 200, 485, 285, 206, 480, 370, 265, 410, 2, 374, 233, 399, 207, 228, 179, 162, 33, 164, 108, 76, 195, 427, 356, 268, 239, 491, 492, 0]
Volume: 12.2202
Cost: 24865
Route: [0, 133, 8, 463, 245, 153, 474, 420, 125, 304, 409, 15, 281, 432, 494, 160, 42, 186, 449, 193, 496, 221, 344, 398, 54, 348, 208, 346, 241, 467, 0]
Volume: 12.44
Cost: 33133
Route: [0, 210, 338, 51, 86, 312, 328, 296, 493, 408, 194, 323, 334, 150, 99, 213, 322, 255, 391, 360, 130, 439, 58, 253, 347, 165, 447, 116, 103, 19, 454, 39, 456, 74, 0]
Volume: 12.4882
Cost: 35578
Route: [0, 470, 273, 7, 349, 126, 50, 266, 495, 23, 215, 275, 185, 475, 490, 380, 118, 262, 134, 286, 276, 66, 139, 171, 396, 0]
Volume: 12.498
Cost: 43835
Route: [0, 157, 280, 249, 183, 64, 479, 247, 300, 313, 407, 223, 333, 18, 13, 24, 83, 358, 0]
Volume: 12.416
Cost: 18346
Route: [0, 169, 448, 440, 212, 339, 84, 382, 98, 417, 203, 406, 466, 377, 231, 71, 278, 321, 462, 117, 78, 254, 392, 0]
Volume: 12.186
Cost: 13228
Route: [0, 240, 97, 28, 376, 36, 132, 102, 319, 151, 4, 361, 141, 27, 426, 383, 367, 40, 53, 436, 131, 222, 443, 209, 368, 402, 428, 180, 305, 227, 93, 88, 242, 488, 197, 354, 232, 0]
Volume: 12.252
Cost: 37322
Route: [0, 452, 284, 136, 143, 472, 6, 159, 68, 77, 34, 56, 220, 73, 332, 35, 403, 152, 283, 10, 355, 315, 5, 0]
Volume: 12.18
Cost: 15385
Route: [0, 451, 248, 144, 43, 330, 364, 149, 224, 453, 388, 163, 404, 297, 199, 261, 192, 104, 424, 484, 0]
Volume: 8.3981
Cost: 12993
Route: [0, 244, 478, 147, 458, 236, 303, 145, 318, 175, 350, 21, 167, 234, 264, 343, 114, 499, 65, 121, 32, 196, 473, 29, 252, 401, 95, 0]
Volume: 11.7841
Cost: 27789
Route: [0, 46, 60, 115, 271, 158, 498, 243, 61, 298, 237, 291, 483, 342, 59, 30, 421, 267, 372, 31, 429, 189, 87, 0]
Volume: 12.3041
Cost: 21106
Route: [0, 69, 120, 378, 381, 57, 465, 335, 375, 110, 238, 45, 184, 47, 459, 290, 154, 52, 282, 70, 90, 326, 481, 0]
Volume: 12.02
Cost: 34819
Route: [0, 430, 38, 419, 122, 119, 412, 22, 469, 295, 216, 67, 351, 211, 345, 263, 311, 16, 112, 146, 140, 89, 425, 294, 325, 81, 434, 270, 362, 17, 128, 198, 92, 0]
Volume: 12.3762
Cost: 53261
Route: [0, 26, 177, 72, 49, 331, 181, 390, 437, 124, 369, 166, 477, 314, 106, 450, 187, 423, 438, 336, 309, 142, 379, 9, 113, 105, 414, 173, 384, 0]
Volume: 12.394
Cost: 34899
Route: [0, 446, 48, 411, 37, 395, 176, 365, 226, 80, 109, 188, 441, 341, 274, 204, 138, 277, 316, 301, 394, 111, 0]
Volume: 12.09
Cost: 20613
Route: [0, 340, 357, 468, 431, 41, 476, 260, 123, 246, 229, 172, 214, 156, 218, 100, 96, 225, 288, 455, 292, 258, 148, 182, 397, 0]
Volume: 12.348
Cost: 31132
Route: [0, 327, 306, 387, 471, 418, 489, 460, 287, 337, 308, 0]
Volume: 6.24
Cost: 3531
Route: [0, 363, 302, 202, 457, 317, 416, 107, 201, 251, 178, 161, 435, 79, 400, 170, 385, 82, 129, 1, 219, 359, 444, 0]
Volume: 12.1741
Cost: 5451
Route: [0, 279, 307, 445, 353, 191, 324, 352, 259, 250, 235, 413, 415, 320, 75, 168, 433, 127, 101, 14, 486, 373, 11, 205, 293, 389, 3, 25, 393, 422, 442, 55, 487, 91, 386, 497, 137, 0]
Volume: 12.4481
Cost: 45721
Route: [0, 310, 20, 63, 272, 289, 230, 155, 464, 174, 256, 94, 85, 329, 190, 12, 371, 135, 217, 257, 366, 461, 44, 405, 269, 62, 482, 0]
Volume: 12.3961
Cost: 32892
