OFV: 927692.0

Route: [0, 223, 142, 213, 109, 102, 117, 44, 67, 208, 185, 85, 0]
Volume: 4.98
Cost: 29799
Route: [0, 137, 118, 138, 128, 22, 201, 129, 210, 72, 18, 151, 2, 0]
Volume: 4.994
Cost: 47142
Route: [0, 121, 11, 6, 78, 122, 235, 73, 9, 81, 236, 0]
Volume: 4.928
Cost: 37123
Route: [0, 237, 71, 167, 144, 249, 131, 212, 220, 64, 192, 162, 99, 1, 0]
Volume: 4.992
Cost: 46936
Route: [0, 246, 41, 183, 96, 188, 0]
Volume: 4.96
Cost: 28534
Route: [0, 133, 199, 245, 92, 89, 148, 196, 211, 0]
Volume: 4.918
Cost: 25828
Route: [0, 130, 182, 165, 241, 206, 15, 7, 104, 87, 169, 145, 214, 25, 0]
Volume: 4.9201
Cost: 50658
Route: [0, 172, 66, 190, 32, 203, 238, 65, 244, 181, 159, 106, 16, 0]
Volume: 4.876
Cost: 38526
Route: [0, 42, 53, 24, 83, 123, 98, 209, 52, 28, 0]
Volume: 5.0
Cost: 70282
Route: [0, 36, 75, 218, 180, 155, 149, 70, 157, 37, 227, 164, 141, 95, 29, 189, 152, 88, 0]
Volume: 4.488
Cost: 42642
Route: [0, 90, 171, 147, 31, 216, 231, 91, 110, 119, 115, 191, 68, 84, 0]
Volume: 4.966
Cost: 50110
Route: [0, 225, 143, 153, 187, 221, 166, 113, 120, 194, 134, 240, 0]
Volume: 4.98
Cost: 40109
Route: [0, 100, 10, 125, 224, 79, 161, 86, 174, 243, 163, 33, 184, 0]
Volume: 4.84
Cost: 44462
Route: [0, 82, 126, 34, 160, 132, 40, 51, 0]
Volume: 4.9681
Cost: 46021
Route: [0, 49, 20, 14, 197, 150, 108, 0]
Volume: 4.9161
Cost: 28800
Route: [0, 229, 57, 4, 156, 139, 219, 248, 176, 124, 204, 0]
Volume: 4.996
Cost: 47130
Route: [0, 186, 80, 77, 69, 101, 43, 198, 195, 0]
Volume: 3.464
Cost: 27958
Route: [0, 27, 13, 217, 205, 177, 173, 222, 234, 202, 179, 59, 54, 3, 135, 35, 112, 39, 0]
Volume: 4.992
Cost: 51910
Route: [0, 58, 178, 146, 74, 60, 12, 97, 193, 230, 21, 0]
Volume: 4.858
Cost: 29849
Route: [0, 56, 239, 26, 233, 247, 61, 62, 63, 0]
Volume: 4.926
Cost: 29777
Route: [0, 107, 158, 200, 215, 50, 8, 17, 242, 0]
Volume: 4.792
Cost: 25261
Route: [0, 111, 103, 127, 136, 154, 168, 0]
Volume: 3.72
Cost: 15366
Route: [0, 45, 93, 226, 48, 140, 76, 232, 30, 47, 38, 170, 114, 0]
Volume: 4.9541
Cost: 37788
Route: [0, 19, 94, 105, 55, 5, 228, 207, 175, 23, 46, 116, 0]
Volume: 4.6781
Cost: 35681
