OFV: 13541.0

Route: [0, 14, 91, 20, 30, 94, 76, 53, 1, 56, 16, 0]
Volume: 3.698
Cost: 4141
Route: [0, 86, 11, 42, 48, 82, 33, 5, 63, 66, 54, 69, 57, 83, 23, 34, 45, 7, 29, 26, 44, 0]
Volume: 4.5961
Cost: 1209
Route: [0, 85, 31, 39, 79, 32, 8, 22, 60, 73, 4, 24, 74, 27, 37, 65, 93, 6, 55, 18, 0]
Volume: 4.5411
Cost: 1886
Route: [0, 70, 84, 90, 25, 2, 3, 51, 47, 89, 9, 80, 50, 21, 77, 49, 36, 92, 0]
Volume: 4.385
Cost: 1982
Route: [0, 81, 59, 41, 96, 19, 13, 10, 78, 40, 95, 38, 64, 52, 67, 0]
Volume: 4.269
Cost: 1159
Route: [0, 68, 87, 28, 61, 99, 72, 98, 97, 62, 46, 17, 71, 58, 43, 15, 88, 35, 75, 12, 0]
Volume: 4.6271
Cost: 3164
