OFV: 1078103.0

Route: [0, 92, 203, 32, 355, 400, 447, 4, 263, 293, 44, 146, 125, 115, 197, 97, 80, 429, 366, 219, 230, 126, 0]
Volume: 4.94
Cost: 30103
Route: [0, 375, 210, 448, 382, 2, 157, 91, 303, 328, 301, 427, 289, 33, 0]
Volume: 4.896
Cost: 47234
Route: [0, 231, 87, 457, 433, 442, 467, 476, 449, 351, 10, 79, 380, 193, 138, 0]
Volume: 4.86
Cost: 35880
Route: [0, 133, 458, 240, 348, 439, 171, 478, 27, 419, 353, 346, 242, 123, 376, 25, 238, 379, 487, 308, 61, 66, 0]
Volume: 4.861
Cost: 32697
Route: [0, 311, 190, 310, 309, 85, 456, 235, 62, 73, 483, 358, 441, 6, 18, 178, 347, 26, 0]
Volume: 4.511
Cost: 33556
Route: [0, 356, 118, 279, 114, 296, 186, 367, 250, 9, 393, 55, 90, 99, 368, 21, 406, 225, 324, 0]
Volume: 4.91
Cost: 39163
Route: [0, 122, 370, 206, 75, 418, 141, 36, 84, 463, 88, 81, 7, 70, 297, 71, 302, 270, 124, 181, 0]
Volume: 4.9952
Cost: 41375
Route: [0, 1, 323, 415, 220, 74, 107, 492, 481, 485, 495, 95, 11, 388, 357, 38, 196, 255, 404, 391, 134, 46, 180, 0]
Volume: 4.9761
Cost: 47298
Route: [0, 205, 204, 498, 423, 384, 221, 227, 144, 82, 43, 239, 59, 363, 313, 392, 436, 100, 0]
Volume: 4.85
Cost: 39043
Route: [0, 432, 326, 251, 236, 349, 28, 283, 264, 64, 247, 249, 350, 409, 177, 0]
Volume: 4.8141
Cost: 29834
Route: [0, 446, 273, 215, 24, 459, 149, 214, 143, 407, 167, 315, 50, 471, 271, 120, 49, 428, 78, 314, 334, 0]
Volume: 4.824
Cost: 32412
Route: [0, 198, 170, 5, 110, 136, 322, 369, 299, 34, 45, 217, 37, 14, 65, 89, 275, 474, 331, 19, 258, 496, 202, 145, 320, 374, 0]
Volume: 4.9479
Cost: 70823
Route: [0, 104, 31, 131, 174, 252, 155, 169, 336, 343, 403, 401, 112, 254, 244, 0]
Volume: 4.5209
Cost: 37175
Route: [0, 17, 466, 430, 175, 398, 306, 281, 365, 381, 15, 183, 195, 295, 286, 312, 390, 224, 378, 179, 234, 156, 0]
Volume: 4.806
Cost: 49419
Route: [0, 160, 473, 153, 13, 161, 213, 338, 408, 216, 440, 154, 424, 287, 257, 335, 135, 248, 479, 54, 269, 12, 387, 0]
Volume: 4.9801
Cost: 70839
Route: [0, 493, 245, 410, 8, 188, 377, 47, 337, 372, 431, 383, 333, 116, 209, 192, 212, 455, 341, 229, 201, 445, 0]
Volume: 4.7391
Cost: 73097
Route: [0, 246, 233, 23, 121, 412, 340, 166, 199, 307, 176, 420, 208, 411, 128, 57, 40, 158, 56, 30, 20, 147, 185, 0]
Volume: 4.9481
Cost: 47929
Route: [0, 218, 294, 268, 434, 67, 486, 327, 437, 317, 280, 117, 274, 396, 132, 413, 93, 359, 288, 163, 226, 3, 0]
Volume: 4.7091
Cost: 37215
Route: [0, 389, 451, 482, 237, 139, 260, 342, 285, 319, 52, 98, 425, 491, 405, 232, 72, 106, 0]
Volume: 4.7132
Cost: 27582
Route: [0, 256, 422, 454, 421, 450, 16, 444, 265, 164, 332, 109, 76, 103, 159, 435, 191, 321, 140, 152, 35, 290, 385, 316, 207, 41, 69, 83, 304, 477, 173, 0]
Volume: 5.0
Cost: 54592
Route: [0, 127, 267, 282, 243, 443, 77, 200, 416, 42, 452, 172, 148, 490, 162, 284, 276, 0]
Volume: 4.9879
Cost: 52309
Route: [0, 361, 494, 298, 58, 130, 464, 462, 489, 194, 151, 278, 102, 29, 394, 261, 53, 468, 460, 165, 291, 461, 352, 187, 0]
Volume: 4.973
Cost: 39527
Route: [0, 223, 465, 417, 362, 484, 113, 228, 499, 262, 241, 0]
Volume: 2.716
Cost: 11472
Route: [0, 488, 402, 129, 300, 150, 345, 137, 373, 395, 318, 330, 472, 360, 39, 354, 305, 414, 94, 497, 184, 105, 51, 0]
Volume: 4.946
Cost: 28806
Route: [0, 344, 86, 101, 108, 63, 469, 142, 453, 259, 397, 480, 253, 277, 386, 339, 211, 325, 68, 48, 0]
Volume: 4.9241
Cost: 38073
Route: [0, 329, 119, 222, 96, 292, 168, 272, 266, 111, 470, 22, 438, 182, 426, 189, 364, 399, 371, 60, 475, 0]
Volume: 4.928
Cost: 30650
