OFV: 67140.0

Route: [0, 47, 83, 36, 65, 81, 17, 44, 45, 14, 40, 6, 53, 99, 59, 79, 64, 33, 29, 19, 42, 2, 52, 80, 10, 22, 3, 50, 91, 0]
Volume: 12.454
Cost: 17474
Route: [0, 57, 26, 98, 97, 13, 31, 41, 67, 37, 25, 61, 82, 72, 11, 8, 0]
Volume: 9.494
Cost: 11852
Route: [0, 55, 95, 76, 9, 46, 85, 78, 49, 20, 18, 71, 58, 86, 96, 51, 75, 35, 66, 54, 1, 4, 28, 0]
Volume: 11.552
Cost: 13204
Route: [0, 12, 27, 23, 68, 32, 38, 56, 24, 94, 5, 34, 93, 43, 69, 92, 30, 73, 39, 0]
Volume: 12.076
Cost: 15796
Route: [0, 60, 48, 87, 84, 7, 89, 63, 88, 16, 70, 74, 15, 21, 77, 62, 90, 0]
Volume: 8.774
Cost: 8814
