OFV: 322780.0

Route: [0, 108, 127, 185, 35, 217, 205, 171, 62, 109, 46, 121, 23, 42, 117, 143, 246, 25, 70, 72, 2, 9, 50, 32, 73, 57, 180, 41, 0]
Volume: 12.446
Cost: 34998
Route: [0, 146, 26, 157, 237, 164, 201, 225, 27, 22, 191, 112, 182, 178, 249, 95, 229, 38, 116, 188, 167, 30, 51, 68, 74, 175, 0]
Volume: 12.3622
Cost: 30436
Route: [0, 111, 78, 142, 131, 156, 196, 44, 159, 47, 40, 37, 39, 8, 209, 49, 75, 243, 238, 147, 5, 58, 190, 20, 24, 148, 239, 0]
Volume: 12.088
Cost: 35540
Route: [0, 133, 79, 199, 184, 29, 122, 113, 174, 132, 99, 219, 220, 152, 151, 144, 118, 186, 210, 160, 86, 232, 207, 203, 84, 0]
Volume: 12.1441
Cost: 34426
Route: [0, 13, 163, 187, 140, 105, 130, 176, 218, 248, 224, 106, 169, 1, 103, 216, 98, 221, 83, 247, 235, 80, 102, 0]
Volume: 12.0501
Cost: 37480
Route: [0, 77, 60, 226, 208, 91, 63, 92, 125, 193, 245, 192, 126, 104, 139, 215, 161, 107, 110, 18, 198, 101, 97, 124, 4, 119, 223, 0]
Volume: 12.3381
Cost: 35626
Route: [0, 181, 88, 135, 154, 15, 206, 222, 197, 7, 65, 177, 211, 43, 17, 136, 48, 16, 54, 204, 64, 153, 59, 149, 19, 89, 0]
Volume: 8.676
Cost: 22854
Route: [0, 90, 85, 137, 200, 82, 230, 173, 166, 87, 120, 233, 6, 69, 100, 129, 145, 115, 36, 81, 189, 212, 165, 12, 179, 55, 150, 168, 67, 94, 244, 93, 53, 236, 0]
Volume: 12.4121
Cost: 28773
Route: [0, 31, 172, 227, 76, 241, 194, 213, 56, 242, 134, 138, 214, 3, 123, 240, 71, 61, 195, 34, 0]
Volume: 9.554
Cost: 35445
Route: [0, 114, 11, 21, 183, 66, 14, 45, 52, 158, 128, 202, 10, 231, 28, 170, 33, 155, 162, 228, 96, 234, 141, 0]
Volume: 12.432
Cost: 27202
