OFV: 63751.0

Route: [0, 57, 162, 192, 99, 64, 138, 201, 22, 176, 210, 72, 129, 182, 165, 241, 248, 156, 4, 139, 219, 104, 206, 15, 7, 87, 169, 145, 18, 234, 222, 177, 173, 202, 59, 179, 3, 54, 195, 204, 0]
Volume: 4.9806
Cost: 11384
Route: [0, 240, 186, 198, 114, 116, 84, 80, 77, 43, 101, 69, 36, 21, 49, 230, 58, 14, 20, 146, 74, 178, 97, 193, 12, 60, 82, 121, 152, 75, 88, 111, 103, 127, 0]
Volume: 4.3742
Cost: 8545
Route: [0, 45, 93, 226, 48, 140, 76, 68, 164, 141, 191, 79, 161, 86, 174, 243, 163, 123, 98, 83, 209, 55, 228, 5, 53, 24, 33, 184, 42, 94, 175, 105, 207, 23, 46, 19, 28, 52, 0]
Volume: 4.9386
Cost: 12153
Route: [0, 235, 73, 9, 11, 6, 78, 237, 122, 71, 194, 120, 225, 143, 167, 153, 187, 221, 166, 113, 126, 132, 34, 160, 40, 144, 249, 131, 212, 220, 128, 115, 224, 232, 125, 10, 100, 38, 30, 47, 170, 0]
Volume: 4.8615
Cost: 8807
Route: [0, 136, 2, 154, 16, 85, 168, 242, 29, 189, 37, 157, 70, 218, 155, 180, 149, 90, 227, 95, 119, 31, 147, 171, 216, 231, 110, 91, 56, 108, 236, 0]
Volume: 3.6255
Cost: 6455
Route: [0, 32, 190, 66, 172, 238, 65, 203, 244, 181, 112, 35, 135, 151, 214, 205, 124, 217, 13, 102, 117, 44, 109, 67, 208, 185, 118, 137, 183, 41, 96, 188, 1, 51, 63, 62, 197, 134, 81, 61, 150, 26, 247, 239, 233, 0]
Volume: 4.9391
Cost: 10892
Route: [0, 25, 211, 107, 229, 27, 130, 246, 223, 133, 50, 8, 17, 39, 158, 200, 215, 159, 106, 245, 199, 92, 196, 89, 148, 213, 142, 0]
Volume: 3.7955
Cost: 5515
