OFV: 96486.0

Route: [0, 22, 27, 55, 95, 50, 71, 8, 72, 84, 99, 13, 15, 29, 74, 86, 87, 6, 40, 61, 1, 75, 69, 53, 0]
Volume: 4.9792
Cost: 24964
Route: [0, 49, 2, 21, 24, 81, 97, 56, 88, 64, 90, 18, 16, 58, 36, 39, 33, 31, 73, 10, 35, 34, 0]
Volume: 4.919
Cost: 21673
Route: [0, 52, 32, 51, 82, 89, 43, 54, 57, 19, 44, 47, 80, 83, 26, 7, 96, 67, 59, 93, 91, 0]
Volume: 4.753
Cost: 22226
Route: [0, 68, 78, 45, 85, 5, 37, 9, 62, 76, 79, 60, 4, 12, 0]
Volume: 2.893
Cost: 5305
Route: [0, 23, 77, 30, 66, 20, 46, 3, 63, 65, 92, 28, 11, 41, 94, 17, 14, 42, 25, 70, 38, 98, 48, 0]
Volume: 3.903
Cost: 22318
