OFV: 36523.0

Route: [0, 40, 46, 98, 15, 48, 51, 49, 99, 66, 56, 68, 93, 58, 6, 95, 82, 50, 60, 14, 89, 67, 7, 94, 69, 5, 30, 33, 61, 1, 65, 73, 36, 37, 23, 18, 21, 44, 63, 59, 75, 16, 39, 81, 72, 0]
Volume: 11.875
Cost: 15366
Route: [0, 34, 26, 62, 35, 85, 76, 80, 17, 24, 10, 20, 29, 25, 45, 53, 96, 3, 55, 27, 54, 4, 87, 13, 71, 78, 57, 28, 83, 90, 32, 9, 11, 31, 92, 86, 70, 43, 97, 77, 52, 47, 41, 12, 0]
Volume: 12.1911
Cost: 16525
Route: [0, 88, 91, 2, 22, 79, 19, 38, 84, 42, 8, 74, 64, 0]
Volume: 2.4421
Cost: 4632
