OFV: 121089.0

Route: [0, 22, 83, 58, 60, 96, 98, 42, 90, 86, 81, 67, 46, 45, 28, 64, 61, 15, 19, 69, 37, 48, 0]
Volume: 4.5791
Cost: 30220
Route: [0, 50, 72, 24, 25, 13, 5, 80, 16, 18, 76, 92, 27, 20, 6, 12, 70, 14, 30, 47, 94, 41, 0]
Volume: 4.9301
Cost: 26038
Route: [0, 26, 43, 66, 88, 87, 97, 49, 99, 33, 91, 62, 79, 53, 82, 54, 21, 3, 0]
Volume: 4.955
Cost: 9513
Route: [0, 73, 74, 32, 68, 11, 29, 4, 7, 9, 59, 40, 71, 85, 77, 89, 34, 55, 38, 0]
Volume: 4.6941
Cost: 24207
Route: [0, 93, 63, 52, 17, 51, 31, 36, 2, 65, 44, 1, 8, 56, 78, 23, 95, 39, 84, 35, 57, 75, 10, 0]
Volume: 4.9851
Cost: 31111
