OFV: 87581.0

Route: [0, 233, 33, 49, 54, 119, 192, 165, 82, 248, 71, 194, 81, 78, 224, 31, 223, 162, 0]
Volume: 4.9099
Cost: 6277
Route: [0, 241, 140, 126, 190, 238, 181, 211, 60, 164, 246, 161, 249, 218, 63, 77, 203, 186, 0]
Volume: 4.9512
Cost: 4859
Route: [0, 38, 138, 11, 206, 167, 23, 74, 132, 145, 40, 4, 168, 50, 219, 102, 212, 6, 84, 45, 135, 0]
Volume: 4.97
Cost: 5496
Route: [0, 41, 243, 204, 47, 52, 15, 2, 125, 44, 184, 109, 188, 158, 114, 86, 176, 137, 122, 39, 226, 94, 97, 156, 0]
Volume: 4.996
Cost: 8188
Route: [0, 229, 144, 225, 0]
Volume: 1.2
Cost: 2538
Route: [0, 59, 160, 89, 166, 30, 221, 61, 87, 157, 147, 106, 179, 153, 173, 42, 196, 152, 75, 180, 239, 51, 0]
Volume: 4.942
Cost: 6642
Route: [0, 175, 99, 242, 107, 92, 68, 83, 214, 26, 207, 182, 108, 245, 5, 13, 0]
Volume: 4.865
Cost: 4416
Route: [0, 46, 53, 85, 73, 90, 199, 177, 220, 88, 159, 205, 139, 79, 134, 124, 10, 0]
Volume: 4.783
Cost: 5105
Route: [0, 43, 127, 17, 34, 189, 198, 217, 232, 65, 200, 14, 69, 146, 35, 62, 208, 149, 112, 0]
Volume: 4.995
Cost: 5791
Route: [0, 48, 187, 111, 171, 247, 32, 120, 209, 55, 210, 131, 213, 58, 222, 142, 148, 8, 185, 0]
Volume: 4.994
Cost: 6319
Route: [0, 20, 56, 230, 64, 16, 29, 37, 231, 201, 57, 21, 27, 193, 7, 104, 150, 105, 0]
Volume: 4.8361
Cost: 6537
Route: [0, 136, 195, 215, 80, 141, 154, 25, 163, 12, 18, 133, 128, 235, 3, 95, 36, 0]
Volume: 4.8481
Cost: 7604
Route: [0, 172, 24, 228, 121, 240, 116, 66, 191, 227, 174, 234, 123, 117, 151, 183, 113, 76, 72, 103, 19, 93, 244, 115, 96, 202, 0]
Volume: 4.994
Cost: 9819
Route: [0, 118, 1, 28, 169, 98, 170, 100, 155, 129, 237, 101, 178, 236, 216, 130, 110, 143, 70, 91, 22, 9, 197, 67, 0]
Volume: 4.9051
Cost: 7990
