OFV: 261311.0

Route: [0, 77, 75, 47, 40, 96, 32, 63, 13, 45, 92, 25, 99, 18, 65, 42, 30, 31, 50, 28, 0]
Volume: 10.8141
Cost: 54666
Route: [0, 48, 44, 21, 51, 8, 29, 84, 49, 94, 38, 37, 54, 76, 89, 4, 64, 58, 97, 59, 14, 0]
Volume: 12.246
Cost: 53882
Route: [0, 1, 56, 90, 19, 98, 61, 72, 23, 79, 20, 81, 91, 34, 60, 80, 82, 11, 83, 26, 39, 95, 53, 10, 57, 62, 0]
Volume: 10.602
Cost: 60008
Route: [0, 85, 52, 93, 41, 71, 9, 16, 87, 33, 35, 46, 86, 74, 15, 2, 3, 66, 43, 0]
Volume: 11.632
Cost: 43766
Route: [0, 55, 12, 5, 17, 36, 22, 69, 78, 24, 68, 7, 70, 73, 6, 67, 27, 88, 0]
Volume: 7.224
Cost: 48989
