OFV: 183650.0

Route: [0, 56, 156, 139, 199, 127, 189, 217, 147, 59, 146, 2, 131, 42, 228, 222, 231, 37, 0]
Volume: 4.997
Cost: 16352
Route: [0, 105, 112, 75, 212, 69, 9, 242, 206, 207, 214, 219, 22, 87, 91, 40, 70, 126, 235, 61, 0]
Volume: 4.901
Cost: 16442
Route: [0, 168, 134, 198, 95, 161, 14, 176, 223, 6, 113, 180, 104, 66, 130, 229, 1, 103, 36, 210, 159, 167, 0]
Volume: 4.9021
Cost: 25720
Route: [0, 237, 106, 166, 196, 213, 63, 177, 21, 71, 218, 124, 50, 43, 208, 4, 227, 155, 55, 150, 78, 0]
Volume: 4.9631
Cost: 13877
Route: [0, 41, 154, 249, 136, 163, 109, 111, 72, 33, 188, 28, 51, 170, 160, 5, 54, 215, 204, 34, 202, 152, 181, 142, 201, 0]
Volume: 4.884
Cost: 12605
Route: [0, 179, 169, 11, 31, 73, 35, 238, 47, 81, 162, 132, 221, 53, 171, 186, 93, 13, 118, 236, 26, 68, 0]
Volume: 4.98
Cost: 16296
Route: [0, 205, 216, 120, 148, 143, 191, 125, 220, 234, 246, 243, 96, 12, 157, 108, 149, 184, 232, 80, 38, 76, 174, 57, 0]
Volume: 5.0
Cost: 18717
Route: [0, 145, 85, 138, 89, 44, 27, 52, 98, 84, 3, 74, 7, 151, 29, 60, 200, 197, 62, 128, 110, 86, 79, 0]
Volume: 4.999
Cost: 13161
Route: [0, 24, 141, 90, 165, 185, 101, 92, 123, 67, 183, 19, 83, 211, 247, 178, 17, 0]
Volume: 4.9942
Cost: 12188
Route: [0, 49, 99, 117, 244, 20, 15, 240, 39, 65, 193, 164, 10, 233, 48, 194, 135, 30, 144, 88, 82, 241, 0]
Volume: 4.8971
Cost: 13597
Route: [0, 32, 190, 46, 192, 195, 129, 94, 18, 230, 102, 45, 209, 64, 16, 140, 119, 97, 175, 239, 116, 23, 133, 224, 0]
Volume: 4.907
Cost: 12230
Route: [0, 121, 114, 25, 100, 107, 122, 153, 173, 203, 158, 58, 226, 115, 77, 248, 172, 8, 187, 182, 245, 225, 137, 0]
Volume: 4.9991
Cost: 12465
