OFV: 467338.0

Route: [0, 58, 229, 37, 243, 249, 149, 192, 55, 8, 74, 129, 118, 194, 183, 143, 75, 103, 211, 72, 10, 27, 79, 147, 46, 150, 224, 237, 124, 108, 188, 208, 39, 64, 233, 0]
Volume: 4.932
Cost: 67627
Route: [0, 82, 234, 230, 83, 242, 116, 92, 17, 191, 4, 111, 15, 173, 57, 168, 78, 207, 77, 172, 112, 6, 135, 228, 104, 201, 182, 53, 159, 171, 203, 121, 42, 195, 206, 169, 26, 219, 41, 0]
Volume: 4.9386
Cost: 91301
Route: [0, 70, 153, 60, 34, 65, 136, 85, 89, 216, 106, 28, 160, 68, 105, 66, 222, 239, 56, 130, 80, 144, 21, 184, 125, 36, 30, 226, 176, 24, 148, 117, 61, 22, 95, 204, 157, 161, 97, 84, 86, 33, 102, 11, 238, 156, 240, 88, 181, 123, 0]
Volume: 4.977
Cost: 67325
Route: [0, 13, 63, 99, 131, 69, 134, 167, 248, 205, 218, 217, 59, 7, 31, 241, 51, 20, 196, 158, 189, 223, 231, 113, 18, 90, 98, 44, 114, 62, 137, 145, 132, 101, 142, 190, 100, 0]
Volume: 4.862
Cost: 64543
Route: [0, 245, 87, 94, 197, 140, 19, 244, 146, 45, 202, 174, 232, 155, 138, 1, 127, 54, 67, 43, 199, 154, 23, 235, 38, 225, 122, 14, 215, 165, 133, 2, 71, 141, 151, 9, 119, 115, 128, 200, 214, 96, 16, 152, 52, 220, 179, 76, 50, 35, 81, 198, 247, 246, 164, 0]
Volume: 4.7811
Cost: 92542
Route: [0, 209, 40, 163, 47, 180, 139, 32, 193, 110, 29, 221, 186, 162, 236, 213, 109, 91, 177, 107, 73, 210, 25, 187, 175, 5, 48, 170, 212, 3, 49, 12, 227, 93, 126, 185, 166, 178, 120, 0]
Volume: 4.7104
Cost: 84000
