OFV: 50909.0

Route: [0, 149, 192, 249, 55, 8, 207, 77, 172, 201, 135, 6, 182, 104, 228, 53, 112, 78, 237, 46, 150, 224, 147, 79, 27, 124, 108, 195, 216, 45, 19, 140, 244, 146, 202, 93, 126, 227, 12, 185, 166, 178, 120, 0]
Volume: 4.9505
Cost: 6550
Route: [0, 211, 72, 206, 169, 10, 233, 64, 39, 17, 208, 188, 4, 191, 111, 15, 173, 42, 159, 171, 121, 203, 57, 168, 74, 129, 118, 194, 219, 70, 41, 0]
Volume: 4.751
Cost: 7734
Route: [0, 82, 83, 230, 234, 242, 116, 92, 44, 62, 90, 114, 137, 98, 145, 132, 101, 113, 18, 231, 223, 158, 189, 196, 20, 7, 51, 31, 241, 183, 143, 75, 99, 131, 63, 13, 0]
Volume: 4.7465
Cost: 8630
Route: [0, 58, 229, 37, 243, 197, 245, 87, 94, 136, 61, 174, 54, 155, 127, 138, 1, 232, 67, 117, 9, 115, 119, 128, 21, 184, 36, 30, 125, 226, 80, 130, 144, 2, 71, 141, 151, 176, 24, 148, 66, 239, 56, 222, 133, 89, 165, 14, 215, 235, 38, 225, 122, 85, 103, 26, 0]
Volume: 4.956
Cost: 9594
Route: [0, 102, 33, 11, 238, 156, 240, 88, 181, 123, 32, 193, 214, 200, 96, 152, 16, 52, 220, 179, 76, 35, 50, 81, 139, 110, 29, 221, 186, 162, 236, 213, 210, 25, 209, 48, 212, 170, 49, 3, 0]
Volume: 4.9526
Cost: 9367
Route: [0, 190, 153, 34, 65, 205, 248, 217, 60, 134, 167, 218, 59, 142, 69, 100, 22, 86, 84, 157, 204, 97, 161, 95, 43, 199, 154, 105, 68, 160, 28, 106, 23, 109, 91, 107, 73, 177, 5, 175, 187, 163, 47, 180, 198, 247, 246, 164, 40, 0]
Volume: 4.8445
Cost: 9034
