OFV: 19967.0

Route: [0, 23, 52, 77, 85, 5, 37, 62, 76, 9, 79, 0]
Volume: 2.142
Cost: 1036
Route: [0, 12, 21, 22, 27, 55, 59, 19, 44, 47, 80, 83, 26, 7, 96, 67, 57, 32, 93, 91, 0]
Volume: 4.985
Cost: 3870
Route: [0, 51, 25, 42, 3, 46, 63, 65, 11, 94, 17, 41, 92, 28, 30, 66, 20, 14, 98, 70, 38, 82, 89, 43, 54, 48, 0]
Volume: 4.865
Cost: 5419
Route: [0, 68, 78, 45, 4, 60, 95, 50, 71, 8, 72, 84, 99, 13, 15, 29, 40, 61, 6, 87, 86, 74, 1, 53, 49, 2, 0]
Volume: 4.644
Cost: 5053
Route: [0, 75, 69, 24, 81, 97, 56, 88, 64, 90, 18, 16, 58, 39, 36, 10, 73, 33, 31, 35, 34, 0]
Volume: 4.8112
Cost: 4589
