OFV: 772778.0

Route: [0, 60, 393, 167, 239, 411, 20, 403, 293, 217, 34, 30, 369, 25, 339, 238, 31, 82, 361, 42, 153, 0]
Volume: 4.971
Cost: 32296
Route: [0, 362, 357, 33, 122, 489, 392, 182, 41, 226, 5, 212, 428, 16, 463, 373, 189, 154, 228, 473, 496, 279, 456, 163, 420, 140, 0]
Volume: 4.9801
Cost: 40306
Route: [0, 474, 148, 426, 109, 266, 437, 168, 79, 93, 138, 128, 432, 425, 70, 155, 399, 488, 73, 4, 360, 242, 196, 170, 372, 165, 402, 0]
Volume: 4.8701
Cost: 34089
Route: [0, 492, 151, 35, 63, 179, 45, 322, 193, 267, 471, 133, 401, 281, 390, 218, 90, 439, 201, 299, 99, 169, 386, 486, 461, 278, 454, 22, 0]
Volume: 4.9971
Cost: 34899
Route: [0, 243, 102, 236, 491, 85, 125, 297, 452, 216, 481, 412, 47, 358, 176, 464, 345, 256, 50, 123, 78, 0]
Volume: 4.9521
Cost: 40076
Route: [0, 91, 84, 105, 214, 44, 150, 385, 92, 53, 323, 336, 416, 219, 204, 280, 0]
Volume: 4.824
Cost: 26358
Route: [0, 371, 57, 72, 58, 265, 88, 259, 291, 482, 129, 370, 335, 466, 433, 27, 320, 468, 174, 443, 479, 121, 321, 185, 234, 338, 0]
Volume: 4.902
Cost: 32212
Route: [0, 418, 346, 453, 359, 365, 330, 497, 14, 62, 103, 458, 316, 434, 104, 255, 258, 405, 235, 397, 143, 350, 363, 117, 110, 9, 351, 349, 0]
Volume: 4.95
Cost: 35861
Route: [0, 203, 145, 222, 175, 445, 221, 130, 272, 252, 315, 144, 317, 311, 248, 319, 413, 261, 289, 10, 0]
Volume: 4.991
Cost: 31570
Route: [0, 26, 98, 52, 198, 318, 334, 77, 207, 324, 114, 442, 124, 431, 295, 162, 268, 276, 325, 353, 469, 210, 46, 36, 284, 410, 172, 257, 0]
Volume: 4.9891
Cost: 32556
Route: [0, 327, 450, 286, 394, 184, 490, 451, 76, 158, 83, 427, 263, 48, 309, 159, 227, 0]
Volume: 4.615
Cost: 20239
Route: [0, 288, 127, 166, 326, 448, 39, 177, 231, 383, 298, 112, 328, 436, 294, 37, 460, 75, 233, 135, 470, 441, 0]
Volume: 4.9691
Cost: 36204
Route: [0, 375, 308, 498, 96, 495, 287, 462, 161, 71, 269, 181, 188, 64, 134, 467, 139, 51, 0]
Volume: 4.615
Cost: 28597
Route: [0, 274, 230, 178, 333, 380, 262, 192, 156, 137, 141, 251, 253, 389, 455, 183, 483, 61, 149, 0]
Volume: 4.872
Cost: 31112
Route: [0, 307, 94, 306, 478, 430, 8, 152, 241, 472, 67, 347, 493, 459, 494, 301, 55, 275, 17, 18, 0]
Volume: 4.894
Cost: 29700
Route: [0, 340, 499, 89, 208, 283, 157, 376, 352, 97, 409, 220, 296, 209, 438, 202, 146, 190, 449, 0]
Volume: 4.9071
Cost: 27003
Route: [0, 12, 304, 387, 475, 480, 115, 343, 271, 260, 136, 417, 211, 270, 106, 86, 364, 414, 24, 476, 173, 487, 38, 32, 0]
Volume: 4.97
Cost: 30775
Route: [0, 224, 225, 302, 101, 400, 147, 120, 229, 354, 419, 142, 446, 303, 6, 398, 100, 374, 69, 378, 382, 421, 28, 237, 195, 21, 368, 0]
Volume: 4.9839
Cost: 38777
Route: [0, 404, 13, 377, 171, 300, 247, 2, 132, 118, 348, 250, 391, 422, 355, 0]
Volume: 4.9141
Cost: 33557
Route: [0, 206, 290, 87, 331, 484, 396, 80, 186, 0]
Volume: 1.476
Cost: 8982
Route: [0, 187, 440, 205, 424, 344, 232, 310, 29, 406, 273, 11, 197, 95, 395, 0]
Volume: 4.812
Cost: 19656
Route: [0, 341, 457, 7, 465, 108, 408, 245, 49, 240, 381, 199, 200, 56, 81, 254, 40, 379, 305, 23, 43, 367, 126, 282, 444, 0]
Volume: 4.881
Cost: 38563
Route: [0, 292, 74, 194, 356, 215, 164, 485, 415, 119, 131, 246, 15, 213, 65, 107, 329, 160, 313, 264, 0]
Volume: 4.905
Cost: 29525
Route: [0, 384, 435, 3, 249, 54, 312, 285, 337, 447, 244, 113, 111, 66, 277, 19, 0]
Volume: 4.806
Cost: 23026
Route: [0, 191, 423, 332, 223, 314, 68, 407, 366, 429, 342, 180, 116, 388, 59, 1, 477, 0]
Volume: 4.9979
Cost: 36839
