OFV: 122882.0

Route: [0, 317, 437, 327, 280, 399, 364, 189, 222, 470, 22, 426, 182, 117, 438, 274, 396, 86, 469, 142, 211, 422, 473, 153, 136, 0]
Volume: 9.4182
Cost: 6800
Route: [0, 413, 132, 325, 93, 359, 288, 163, 226, 94, 12, 497, 184, 105, 160, 345, 137, 373, 395, 308, 414, 436, 360, 0]
Volume: 10.432
Cost: 3492
Route: [0, 302, 270, 296, 186, 367, 250, 460, 490, 351, 449, 375, 476, 130, 58, 162, 55, 90, 79, 380, 99, 368, 467, 352, 442, 0]
Volume: 11.716
Cost: 4286
Route: [0, 38, 357, 388, 196, 11, 95, 495, 481, 485, 207, 316, 290, 35, 152, 140, 191, 321, 435, 6, 407, 167, 314, 0]
Volume: 11.4342
Cost: 6446
Route: [0, 295, 195, 183, 306, 430, 175, 281, 381, 398, 365, 15, 57, 40, 158, 56, 30, 20, 147, 315, 50, 441, 358, 271, 471, 120, 49, 428, 78, 0]
Volume: 11.988
Cost: 6058
Route: [0, 201, 229, 47, 337, 372, 431, 383, 333, 116, 209, 192, 212, 455, 341, 377, 131, 31, 445, 0]
Volume: 10.266
Cost: 8073
Route: [0, 267, 282, 443, 243, 77, 200, 416, 42, 127, 452, 148, 172, 489, 194, 151, 462, 261, 394, 29, 102, 278, 464, 53, 468, 9, 461, 0]
Volume: 12.12
Cost: 5449
Route: [0, 466, 263, 293, 400, 447, 4, 125, 197, 146, 115, 44, 97, 80, 355, 230, 126, 446, 26, 236, 251, 326, 432, 0]
Volume: 12.4361
Cost: 4641
Route: [0, 104, 112, 193, 260, 342, 98, 276, 232, 491, 138, 425, 405, 187, 181, 52, 33, 284, 319, 285, 361, 231, 87, 254, 244, 0]
Volume: 11.648
Cost: 4317
Route: [0, 227, 144, 107, 492, 385, 41, 69, 450, 161, 338, 408, 213, 61, 66, 300, 129, 100, 173, 156, 48, 3, 68, 51, 475, 180, 0]
Volume: 12.09
Cost: 5752
Route: [0, 356, 75, 118, 279, 88, 463, 84, 418, 465, 417, 362, 484, 113, 228, 0]
Volume: 11.57
Cost: 3321
Route: [0, 143, 283, 264, 64, 247, 18, 249, 350, 178, 190, 310, 85, 456, 235, 62, 73, 483, 309, 206, 141, 36, 0]
Volume: 9.298
Cost: 3983
Route: [0, 457, 433, 494, 289, 427, 301, 91, 303, 328, 188, 410, 245, 8, 174, 252, 493, 401, 403, 155, 169, 336, 343, 241, 499, 262, 0]
Volume: 12.204
Cost: 5790
Route: [0, 111, 121, 412, 340, 166, 323, 199, 224, 390, 307, 176, 220, 74, 415, 378, 179, 234, 404, 391, 304, 477, 134, 23, 46, 272, 266, 292, 168, 96, 0]
Volume: 11.8142
Cost: 6268
Route: [0, 171, 439, 478, 27, 419, 353, 346, 242, 221, 384, 320, 133, 198, 458, 348, 240, 170, 5, 110, 374, 0]
Volume: 11.366
Cost: 3891
Route: [0, 454, 421, 255, 13, 253, 480, 277, 386, 339, 397, 259, 453, 101, 108, 63, 54, 479, 269, 123, 376, 0]
Volume: 11.572
Cost: 6370
Route: [0, 119, 233, 371, 1, 329, 60, 246, 344, 256, 294, 268, 218, 434, 67, 486, 349, 203, 366, 219, 429, 32, 0]
Volume: 12.2802
Cost: 5339
Route: [0, 17, 216, 154, 440, 265, 444, 164, 332, 76, 109, 159, 103, 16, 257, 335, 424, 287, 83, 488, 402, 223, 0]
Volume: 10.4141
Cost: 7421
Route: [0, 43, 82, 239, 59, 363, 313, 392, 39, 330, 25, 238, 487, 379, 318, 472, 354, 305, 21, 406, 225, 72, 106, 0]
Volume: 7.0101
Cost: 3496
Route: [0, 71, 297, 70, 81, 7, 114, 124, 393, 291, 165, 298, 10, 210, 448, 382, 157, 2, 128, 312, 286, 411, 420, 208, 324, 0]
Volume: 10.258
Cost: 8106
Route: [0, 423, 202, 145, 498, 496, 205, 204, 258, 19, 34, 299, 89, 217, 65, 45, 37, 14, 331, 474, 275, 369, 322, 135, 248, 150, 387, 0]
Volume: 12.41
Cost: 8280
Route: [0, 215, 24, 459, 28, 149, 214, 273, 347, 409, 177, 334, 122, 482, 139, 237, 389, 451, 370, 185, 311, 92, 0]
Volume: 11.1939
Cost: 5303
