OFV: 22643.0

Route: [0, 21, 46, 91, 42, 68, 52, 60, 10, 20, 27, 53, 61, 29, 90, 86, 82, 11, 28, 89, 0]
Volume: 11.0841
Cost: 4575
Route: [0, 88, 95, 33, 81, 8, 41, 98, 35, 26, 66, 23, 13, 67, 1, 3, 37, 99, 19, 44, 25, 83, 38, 74, 0]
Volume: 10.146
Cost: 5301
Route: [0, 12, 72, 62, 31, 5, 16, 36, 93, 43, 4, 87, 92, 15, 78, 70, 50, 71, 94, 17, 97, 24, 0]
Volume: 12.2781
Cost: 3485
Route: [0, 7, 59, 84, 85, 18, 40, 54, 34, 49, 39, 75, 65, 22, 9, 51, 47, 45, 77, 0]
Volume: 11.038
Cost: 4948
Route: [0, 30, 64, 48, 96, 32, 2, 76, 69, 57, 55, 63, 14, 6, 79, 80, 58, 73, 56, 0]
Volume: 9.522
Cost: 4334
