OFV: 771943.0

Route: [0, 264, 115, 249, 286, 188, 412, 392, 386, 202, 34, 357, 20, 36, 0]
Volume: 10.648
Cost: 18883
Route: [0, 338, 476, 429, 213, 350, 86, 332, 151, 107, 477, 430, 66, 216, 383, 156, 377, 7, 0]
Volume: 12.3781
Cost: 28109
Route: [0, 387, 486, 465, 349, 342, 402, 215, 418, 224, 116, 54, 245, 250, 103, 160, 424, 261, 0]
Volume: 11.5021
Cost: 30214
Route: [0, 125, 367, 294, 108, 496, 37, 220, 396, 214, 173, 251, 43, 235, 144, 64, 228, 303, 172, 57, 212, 471, 312, 455, 236, 142, 479, 0]
Volume: 12.358
Cost: 48488
Route: [0, 323, 344, 112, 182, 263, 311, 171, 452, 391, 148, 99, 454, 199, 136, 281, 474, 101, 105, 59, 1, 176, 141, 480, 0]
Volume: 12.3699
Cost: 53663
Route: [0, 76, 499, 122, 239, 495, 444, 206, 149, 348, 180, 8, 219, 426, 304, 80, 153, 193, 381, 255, 340, 315, 146, 492, 421, 0]
Volume: 12.3639
Cost: 41015
Route: [0, 58, 48, 98, 438, 428, 497, 326, 335, 19, 49, 27, 435, 204, 433, 450, 416, 447, 320, 33, 330, 466, 308, 248, 0]
Volume: 12.4022
Cost: 33682
Route: [0, 197, 132, 301, 302, 178, 485, 382, 351, 464, 198, 139, 16, 284, 28, 493, 11, 60, 443, 395, 462, 100, 73, 192, 158, 233, 102, 126, 253, 484, 0]
Volume: 12.3361
Cost: 37954
Route: [0, 331, 154, 380, 309, 482, 291, 472, 306, 376, 324, 165, 39, 13, 201, 469, 299, 200, 40, 71, 293, 189, 415, 229, 317, 191, 288, 0]
Volume: 12.16
Cost: 33550
Route: [0, 405, 420, 360, 487, 208, 328, 310, 473, 210, 120, 194, 467, 265, 77, 321, 62, 32, 4, 63, 185, 283, 166, 0]
Volume: 12.326
Cost: 35954
Route: [0, 488, 119, 364, 135, 21, 411, 225, 143, 359, 51, 379, 70, 490, 67, 483, 29, 313, 106, 406, 459, 84, 434, 393, 268, 163, 498, 6, 384, 147, 232, 113, 445, 267, 337, 111, 437, 3, 0]
Volume: 12.16
Cost: 42951
Route: [0, 358, 68, 296, 390, 298, 368, 24, 385, 427, 275, 9, 345, 371, 244, 190, 441, 494, 14, 318, 271, 231, 272, 10, 124, 449, 129, 314, 85, 0]
Volume: 12.4941
Cost: 34591
Route: [0, 333, 463, 90, 96, 374, 222, 46, 2, 322, 238, 137, 408, 431, 52, 69, 341, 5, 399, 436, 226, 362, 230, 50, 334, 0]
Volume: 12.3319
Cost: 46159
Route: [0, 207, 260, 468, 274, 394, 131, 297, 18, 30, 403, 246, 15, 290, 155, 413, 460, 65, 118, 170, 423, 327, 439, 372, 242, 0]
Volume: 12.402
Cost: 36420
Route: [0, 81, 140, 307, 287, 162, 75, 209, 134, 175, 152, 453, 87, 53, 363, 279, 41, 442, 181, 343, 400, 0]
Volume: 11.9501
Cost: 30935
Route: [0, 448, 240, 91, 266, 388, 187, 456, 145, 292, 183, 47, 133, 72, 22, 78, 159, 346, 123, 470, 417, 179, 243, 475, 195, 150, 157, 94, 38, 25, 0]
Volume: 12.416
Cost: 36091
Route: [0, 254, 440, 247, 365, 164, 95, 316, 138, 276, 257, 336, 425, 237, 61, 404, 277, 121, 319, 282, 82, 446, 409, 373, 167, 375, 0]
Volume: 12.1082
Cost: 37234
Route: [0, 295, 205, 92, 117, 23, 262, 461, 361, 339, 177, 42, 186, 305, 256, 110, 88, 203, 354, 370, 223, 97, 347, 280, 196, 0]
Volume: 12.3021
Cost: 52623
Route: [0, 234, 26, 489, 252, 353, 45, 31, 130, 168, 104, 114, 356, 269, 258, 89, 355, 410, 432, 184, 325, 398, 414, 55, 109, 74, 12, 352, 0]
Volume: 12.488
Cost: 39972
Route: [0, 401, 478, 407, 17, 378, 289, 211, 83, 397, 273, 270, 389, 491, 329, 128, 259, 169, 93, 56, 278, 161, 458, 174, 221, 285, 127, 44, 0]
Volume: 12.14
Cost: 30892
Route: [0, 227, 451, 369, 366, 218, 35, 79, 300, 422, 419, 241, 457, 481, 217, 0]
Volume: 9.7981
Cost: 22563
