OFV: 76035.0

Route: [0, 162, 248, 68, 99, 212, 164, 168, 3, 196, 23, 203, 136, 0]
Volume: 4.506
Cost: 2195
Route: [0, 108, 239, 226, 126, 51, 106, 63, 55, 80, 211, 67, 190, 230, 140, 229, 64, 61, 0]
Volume: 4.8203
Cost: 5384
Route: [0, 221, 69, 43, 139, 182, 166, 11, 79, 22, 149, 9, 0]
Volume: 4.9961
Cost: 3175
Route: [0, 148, 173, 246, 66, 134, 0]
Volume: 4.672
Cost: 2724
Route: [0, 227, 86, 204, 119, 95, 88, 178, 115, 78, 187, 163, 0]
Volume: 4.826
Cost: 4193
Route: [0, 125, 142, 120, 90, 20, 46, 202, 59, 205, 238, 0]
Volume: 4.982
Cost: 2729
Route: [0, 8, 34, 74, 153, 133, 39, 206, 83, 0]
Volume: 4.9381
Cost: 2902
Route: [0, 4, 242, 110, 195, 40, 180, 45, 100, 152, 214, 13, 98, 117, 0]
Volume: 4.8562
Cost: 2971
Route: [0, 109, 243, 172, 218, 208, 0]
Volume: 4.96
Cost: 2602
Route: [0, 30, 7, 241, 223, 101, 116, 60, 240, 138, 135, 184, 219, 217, 77, 0]
Volume: 4.978
Cost: 3234
Route: [0, 36, 93, 224, 209, 42, 210, 53, 132, 17, 27, 165, 0]
Volume: 4.968
Cost: 3687
Route: [0, 25, 73, 158, 156, 41, 161, 183, 122, 85, 121, 216, 235, 0]
Volume: 4.768
Cost: 3028
Route: [0, 70, 94, 144, 207, 185, 232, 175, 57, 137, 129, 0]
Volume: 4.914
Cost: 2658
Route: [0, 49, 145, 52, 76, 102, 146, 225, 188, 215, 244, 33, 58, 0]
Volume: 4.964
Cost: 3348
Route: [0, 131, 19, 197, 10, 237, 200, 75, 147, 198, 1, 167, 96, 194, 31, 0]
Volume: 4.992
Cost: 3103
Route: [0, 50, 171, 47, 191, 170, 234, 103, 213, 87, 0]
Volume: 4.914
Cost: 1428
Route: [0, 169, 118, 157, 91, 14, 24, 32, 81, 71, 65, 0]
Volume: 4.728
Cost: 3904
Route: [0, 56, 112, 37, 5, 62, 35, 151, 38, 107, 44, 150, 54, 130, 236, 181, 18, 0]
Volume: 4.924
Cost: 3734
Route: [0, 233, 231, 245, 105, 159, 15, 249, 0]
Volume: 4.956
Cost: 2683
Route: [0, 113, 16, 199, 177, 2, 6, 247, 0]
Volume: 4.8961
Cost: 2584
Route: [0, 141, 127, 124, 160, 123, 220, 128, 0]
Volume: 4.878
Cost: 3635
Route: [0, 82, 92, 192, 114, 155, 201, 26, 72, 29, 28, 0]
Volume: 4.922
Cost: 2301
Route: [0, 154, 222, 89, 111, 186, 97, 174, 84, 0]
Volume: 4.5161
Cost: 3021
Route: [0, 12, 104, 228, 21, 189, 143, 179, 176, 193, 48, 0]
Volume: 4.9761
Cost: 4812
