OFV: 19191.0

Route: [0, 33, 89, 3, 61, 97, 83, 54, 84, 30, 99, 41, 94, 29, 79, 67, 22, 25, 18, 76, 2, 14, 80, 19, 96, 23, 56, 0]
Volume: 4.8511
Cost: 3812
Route: [0, 15, 5, 62, 70, 32, 1, 10, 71, 40, 6, 58, 78, 34, 55, 37, 69, 86, 64, 11, 0]
Volume: 4.7001
Cost: 3455
Route: [0, 60, 93, 57, 39, 59, 12, 63, 48, 35, 27, 16, 81, 13, 91, 85, 38, 50, 21, 82, 0]
Volume: 4.894
Cost: 3610
Route: [0, 66, 88, 92, 45, 28, 26, 52, 24, 9, 49, 31, 72, 90, 7, 51, 0]
Volume: 4.959
Cost: 2548
Route: [0, 53, 8, 74, 44, 77, 43, 17, 65, 87, 75, 73, 68, 98, 4, 47, 42, 36, 20, 95, 46, 0]
Volume: 4.736
Cost: 5766
