OFV: 77739.0

Route: [0, 227, 241, 417, 387, 253, 46, 463, 219, 264, 365, 169, 300, 212, 26, 382, 376, 84, 321, 468, 54, 141, 221, 465, 456, 403, 344, 36, 208, 328, 399, 356, 339, 151, 59, 296, 280, 496, 156, 92, 497, 149, 278, 148, 116, 427, 481, 396, 41, 56, 213, 186, 386, 135, 114, 424, 152, 0]
Volume: 11.3061
Cost: 7679
Route: [0, 220, 82, 429, 190, 385, 388, 43, 258, 237, 293, 419, 327, 436, 126, 372, 89, 475, 97, 444, 234, 342, 266, 346, 488, 411, 194, 262, 90, 442, 72, 118, 390, 0]
Volume: 6.7841
Cost: 5570
Route: [0, 308, 230, 7, 236, 405, 440, 498, 119, 461, 408, 222, 162, 232, 384, 24, 180, 29, 210, 184, 175, 437, 354, 11, 352, 166, 100, 177, 345, 206, 58, 110, 188, 298, 260, 383, 333, 103, 91, 464, 66, 86, 263, 164, 109, 301, 469, 319, 441, 176, 228, 256, 33, 366, 172, 0]
Volume: 11.5491
Cost: 6233
Route: [0, 330, 68, 316, 83, 341, 202, 294, 353, 150, 452, 147, 428, 310, 395, 415, 61, 338, 145, 378, 131, 394, 473, 491, 178, 379, 254, 448, 98, 185, 257, 290, 160, 8, 144, 303, 189, 458, 357, 404, 231, 267, 286, 25, 57, 226, 324, 261, 302, 368, 275, 117, 238, 0]
Volume: 11.9642
Cost: 7090
Route: [0, 309, 284, 443, 23, 120, 193, 5, 139, 478, 10, 273, 393, 470, 351, 47, 479, 96, 292, 398, 329, 201, 67, 277, 272, 459, 247, 102, 199, 223, 401, 168, 205, 140, 455, 318, 106, 167, 252, 451, 38, 466, 104, 225, 52, 490, 350, 269, 246, 265, 137, 124, 30, 482, 360, 0]
Volume: 12.3682
Cost: 6228
Route: [0, 196, 216, 153, 85, 305, 409, 460, 198, 158, 306, 174, 271, 224, 125, 331, 450, 474, 108, 235, 349, 438, 115, 197, 243, 323, 467, 173, 60, 249, 79, 406, 343, 276, 76, 374, 88, 472, 71, 130, 94, 78, 370, 432, 21, 0]
Volume: 11.046
Cost: 9112
Route: [0, 17, 209, 73, 433, 146, 421, 325, 340, 449, 35, 39, 195, 77, 95, 27, 113, 334, 499, 288, 268, 283, 128, 159, 93, 142, 244, 248, 314, 32, 55, 489, 425, 355, 75, 259, 287, 179, 295, 315, 204, 358, 2, 431, 297, 447, 245, 217, 171, 423, 495, 163, 70, 14, 454, 250, 317, 0]
Volume: 9.6971
Cost: 13289
Route: [0, 255, 402, 240, 105, 136, 289, 476, 359, 170, 207, 380, 364, 37, 34, 363, 274, 313, 181, 200, 307, 445, 369, 42, 426, 229, 182, 211, 362, 299, 19, 322, 1, 392, 494, 22, 215, 483, 375, 377, 251, 336, 157, 80, 485, 31, 326, 312, 65, 69, 6, 477, 0]
Volume: 10.7403
Cost: 7547
Route: [0, 430, 281, 391, 239, 270, 87, 413, 161, 121, 320, 127, 18, 45, 285, 367, 183, 132, 279, 40, 138, 81, 4, 414, 457, 311, 129, 122, 416, 74, 99, 133, 492, 304, 112, 371, 154, 400, 51, 134, 282, 16, 28, 9, 191, 397, 15, 44, 435, 123, 337, 373, 0]
Volume: 12.4222
Cost: 7795
Route: [0, 480, 446, 48, 462, 493, 332, 347, 486, 50, 434, 214, 361, 20, 412, 101, 143, 218, 155, 410, 111, 335, 53, 420, 233, 439, 348, 242, 487, 471, 389, 422, 13, 3, 64, 187, 192, 453, 484, 63, 62, 291, 381, 407, 165, 49, 12, 107, 418, 203, 0]
Volume: 12.1972
Cost: 7196
