OFV: 116041.0

Route: [0, 118, 152, 310, 369, 330, 170, 247, 103, 91, 277, 201, 428, 136, 230, 164, 107, 44, 198, 4, 220, 0]
Volume: 11.986
Cost: 5284
Route: [0, 411, 205, 464, 59, 113, 363, 452, 274, 240, 288, 89, 280, 440, 357, 28, 424, 232, 376, 81, 373, 166, 0]
Volume: 12.07
Cost: 4599
Route: [0, 27, 236, 319, 109, 130, 342, 291, 62, 127, 250, 322, 320, 26, 75, 249, 486, 344, 366, 111, 69, 171, 239, 176, 131, 149, 0]
Volume: 12.0
Cost: 5502
Route: [0, 317, 260, 15, 353, 110, 60, 323, 447, 380, 253, 154, 231, 293, 57, 126, 54, 84, 5, 413, 263, 200, 95, 34, 256, 0]
Volume: 12.312
Cost: 6560
Route: [0, 96, 352, 93, 106, 51, 425, 427, 491, 284, 38, 349, 393, 395, 469, 269, 422, 65, 208, 202, 188, 235, 336, 306, 58, 173, 328, 52, 0]
Volume: 12.2081
Cost: 6718
Route: [0, 56, 197, 185, 418, 35, 43, 61, 392, 222, 64, 433, 212, 316, 246, 174, 114, 271, 233, 19, 189, 186, 341, 0]
Volume: 11.946
Cost: 3765
Route: [0, 146, 472, 245, 480, 360, 117, 371, 358, 223, 20, 156, 101, 466, 475, 444, 290, 99, 417, 9, 487, 63, 219, 16, 47, 229, 454, 276, 196, 402, 25, 0]
Volume: 12.4201
Cost: 6886
Route: [0, 401, 3, 216, 37, 485, 408, 367, 303, 482, 383, 105, 345, 82, 453, 300, 446, 292, 221, 318, 151, 0]
Volume: 12.0661
Cost: 4970
Route: [0, 211, 492, 74, 305, 463, 467, 359, 394, 45, 296, 97, 24, 495, 116, 432, 311, 14, 335, 325, 8, 190, 162, 461, 0]
Volume: 11.562
Cost: 4991
Route: [0, 80, 403, 494, 416, 439, 86, 281, 438, 354, 434, 32, 206, 254, 168, 333, 204, 497, 498, 213, 13, 165, 314, 460, 313, 0]
Volume: 11.838
Cost: 6493
Route: [0, 125, 289, 226, 355, 377, 119, 243, 129, 159, 12, 448, 150, 420, 234, 340, 207, 72, 49, 194, 155, 370, 307, 465, 0]
Volume: 12.1201
Cost: 5790
Route: [0, 362, 419, 214, 145, 389, 153, 218, 462, 183, 406, 378, 244, 193, 275, 175, 30, 338, 67, 351, 390, 123, 297, 108, 285, 158, 348, 474, 0]
Volume: 12.2801
Cost: 8234
Route: [0, 391, 435, 264, 404, 160, 10, 315, 7, 68, 398, 163, 182, 237, 79, 76, 224, 301, 169, 278, 191, 251, 304, 347, 161, 483, 470, 361, 23, 0]
Volume: 12.2702
Cost: 6941
Route: [0, 379, 90, 294, 312, 295, 321, 6, 267, 33, 259, 471, 115, 135, 479, 409, 261, 450, 248, 309, 11, 184, 476, 257, 442, 53, 308, 217, 421, 41, 50, 144, 350, 0]
Volume: 12.1761
Cost: 5883
Route: [0, 70, 329, 252, 147, 31, 331, 299, 431, 55, 364, 100, 42, 39, 365, 412, 384, 496, 405, 286, 238, 73, 22, 2, 436, 0]
Volume: 12.39
Cost: 5300
Route: [0, 21, 484, 445, 459, 334, 139, 242, 102, 337, 48, 346, 179, 94, 46, 441, 399, 327, 262, 332, 282, 98, 17, 122, 490, 499, 178, 228, 287, 0]
Volume: 12.3641
Cost: 5806
Route: [0, 85, 77, 270, 227, 258, 40, 132, 382, 493, 172, 112, 187, 128, 385, 488, 134, 120, 451, 29, 356, 473, 124, 18, 489, 456, 141, 241, 273, 0]
Volume: 12.486
Cost: 6324
Route: [0, 266, 324, 203, 210, 437, 387, 400, 133, 426, 104, 268, 368, 1, 199, 192, 443, 302, 137, 386, 167, 0]
Volume: 10.91
Cost: 3847
Route: [0, 225, 326, 429, 457, 283, 279, 78, 410, 430, 478, 375, 343, 88, 396, 265, 142, 423, 414, 339, 0]
Volume: 11.7161
Cost: 4417
Route: [0, 374, 36, 449, 177, 477, 71, 255, 455, 468, 372, 66, 83, 157, 138, 381, 415, 140, 180, 195, 388, 298, 215, 407, 209, 397, 143, 181, 148, 92, 458, 481, 87, 121, 272, 0]
Volume: 12.404
Cost: 7731
