OFV: 982745.0

Route: [0, 216, 196, 85, 104, 305, 466, 444, 234, 346, 194, 308, 7, 0]
Volume: 4.9961
Cost: 16401
Route: [0, 139, 160, 151, 339, 59, 396, 41, 0]
Volume: 4.92
Cost: 18710
Route: [0, 169, 300, 445, 369, 42, 426, 128, 321, 182, 322, 382, 359, 0]
Volume: 4.964
Cost: 16491
Route: [0, 165, 24, 180, 29, 210, 184, 384, 232, 162, 451, 405, 0]
Volume: 4.998
Cost: 12648
Route: [0, 419, 472, 130, 94, 388, 43, 78, 370, 372, 475, 0]
Volume: 4.878
Cost: 24763
Route: [0, 264, 229, 376, 159, 299, 19, 362, 0]
Volume: 4.99
Cost: 17047
Route: [0, 193, 64, 401, 168, 455, 192, 453, 0]
Volume: 4.996
Cost: 12285
Route: [0, 329, 201, 67, 3, 247, 91, 109, 273, 393, 10, 470, 0]
Volume: 4.94
Cost: 14077
Route: [0, 252, 175, 206, 110, 345, 58, 213, 440, 0]
Volume: 4.826
Cost: 16206
Route: [0, 90, 488, 411, 342, 266, 262, 442, 230, 0]
Volume: 4.966
Cost: 13690
Route: [0, 292, 65, 141, 221, 456, 465, 333, 407, 228, 0]
Volume: 4.986
Cost: 17509
Route: [0, 272, 277, 13, 185, 257, 144, 8, 156, 496, 280, 92, 223, 199, 260, 383, 424, 0]
Volume: 4.968
Cost: 17691
Route: [0, 414, 457, 311, 122, 304, 129, 416, 99, 74, 492, 133, 183, 0]
Volume: 4.926
Cost: 25043
Route: [0, 469, 319, 301, 103, 116, 427, 497, 149, 148, 278, 481, 188, 298, 56, 0]
Volume: 4.924
Cost: 18871
Route: [0, 446, 48, 462, 493, 332, 235, 437, 100, 390, 0]
Volume: 4.994
Cost: 28658
Route: [0, 373, 454, 14, 70, 337, 123, 435, 44, 195, 397, 15, 0]
Volume: 4.926
Cost: 20498
Route: [0, 208, 448, 55, 489, 425, 355, 75, 287, 315, 179, 295, 259, 431, 297, 1, 211, 0]
Volume: 5.0
Cost: 30660
Route: [0, 6, 69, 398, 312, 37, 34, 172, 0]
Volume: 4.96
Cost: 12573
Route: [0, 289, 313, 181, 363, 274, 26, 253, 417, 387, 241, 0]
Volume: 4.858
Cost: 13983
Route: [0, 152, 105, 240, 136, 402, 255, 203, 0]
Volume: 4.2541
Cost: 4873
Route: [0, 5, 66, 164, 263, 187, 140, 205, 318, 106, 0]
Volume: 4.934
Cost: 12540
Route: [0, 464, 233, 335, 111, 231, 218, 410, 174, 443, 0]
Volume: 4.9699
Cost: 23064
Route: [0, 135, 114, 498, 119, 408, 222, 461, 186, 386, 0]
Volume: 4.7361
Cost: 11620
Route: [0, 270, 283, 377, 375, 215, 483, 204, 358, 2, 217, 245, 447, 341, 0]
Volume: 4.982
Cost: 30287
Route: [0, 86, 303, 189, 242, 53, 420, 458, 439, 348, 167, 0]
Volume: 4.972
Cost: 22076
Route: [0, 220, 82, 429, 190, 385, 258, 71, 237, 293, 360, 0]
Volume: 4.984
Cost: 26340
Route: [0, 227, 367, 138, 171, 334, 4, 40, 81, 113, 68, 0]
Volume: 4.966
Cost: 19983
Route: [0, 89, 374, 88, 76, 30, 482, 0]
Volume: 4.904
Cost: 24889
Route: [0, 236, 108, 197, 349, 243, 115, 438, 323, 467, 0]
Volume: 4.948
Cost: 28989
Route: [0, 28, 282, 154, 134, 51, 400, 371, 112, 27, 95, 0]
Volume: 4.932
Cost: 25878
Route: [0, 126, 432, 21, 327, 436, 0]
Volume: 4.74
Cost: 18350
Route: [0, 102, 290, 356, 296, 399, 98, 351, 0]
Volume: 4.994
Cost: 16554
Route: [0, 480, 17, 209, 73, 433, 146, 421, 325, 340, 449, 35, 39, 16, 9, 191, 77, 0]
Volume: 4.8622
Cost: 30345
Route: [0, 441, 478, 484, 62, 63, 291, 120, 0]
Volume: 4.986
Cost: 10394
Route: [0, 124, 97, 79, 173, 249, 60, 343, 406, 276, 38, 0]
Volume: 4.916
Cost: 26526
Route: [0, 163, 495, 423, 279, 132, 250, 317, 0]
Volume: 4.976
Cost: 22483
Route: [0, 330, 83, 202, 307, 294, 364, 0]
Volume: 4.98
Cost: 14328
Route: [0, 96, 31, 428, 93, 142, 244, 314, 248, 32, 238, 117, 275, 368, 302, 389, 476, 0]
Volume: 4.922
Cost: 30824
Route: [0, 137, 246, 350, 225, 409, 72, 0]
Volume: 4.9721
Cost: 16590
Route: [0, 459, 471, 357, 404, 267, 101, 412, 143, 118, 0]
Volume: 4.9501
Cost: 23563
Route: [0, 344, 80, 157, 485, 310, 147, 170, 0]
Volume: 4.9899
Cost: 17935
Route: [0, 33, 256, 380, 353, 403, 150, 452, 326, 422, 479, 47, 477, 0]
Volume: 4.972
Cost: 16308
Route: [0, 328, 254, 379, 473, 178, 395, 415, 61, 338, 145, 491, 131, 394, 378, 36, 0]
Volume: 4.878
Cost: 20767
Route: [0, 176, 487, 155, 224, 125, 57, 226, 324, 25, 286, 261, 0]
Volume: 4.858
Cost: 26664
Route: [0, 153, 265, 269, 52, 490, 460, 158, 306, 198, 11, 352, 354, 166, 0]
Volume: 4.952
Cost: 18791
Route: [0, 239, 365, 87, 413, 161, 127, 18, 121, 320, 288, 268, 499, 45, 285, 0]
Volume: 4.9721
Cost: 20950
Route: [0, 366, 463, 212, 219, 207, 46, 391, 281, 430, 0]
Volume: 4.878
Cost: 14312
Route: [0, 309, 284, 418, 23, 49, 12, 107, 0]
Volume: 4.64
Cost: 8434
Route: [0, 316, 200, 84, 392, 494, 22, 251, 336, 468, 54, 0]
Volume: 4.918
Cost: 20513
Route: [0, 381, 271, 474, 331, 450, 347, 486, 50, 434, 214, 361, 20, 177, 0]
Volume: 4.9862
Cost: 29771
