OFV: 219753.0

Route: [0, 189, 67, 122, 66, 238, 168, 36, 206, 230, 156, 153, 5, 93, 232, 100, 131, 186, 28, 98, 50, 0]
Volume: 4.732
Cost: 29109
Route: [0, 19, 195, 95, 249, 51, 242, 40, 108, 143, 96, 188, 83, 62, 57, 86, 104, 217, 92, 157, 0]
Volume: 4.9601
Cost: 16494
Route: [0, 48, 193, 49, 231, 124, 134, 115, 128, 160, 223, 175, 180, 173, 103, 184, 201, 164, 169, 181, 0]
Volume: 4.9621
Cost: 20424
Route: [0, 74, 132, 55, 29, 42, 120, 88, 81, 31, 159, 39, 123, 172, 135, 127, 2, 94, 221, 44, 71, 41, 179, 0]
Volume: 4.918
Cost: 16969
Route: [0, 207, 7, 38, 200, 176, 140, 101, 85, 228, 226, 222, 214, 59, 245, 213, 208, 166, 224, 0]
Volume: 4.791
Cost: 8972
Route: [0, 75, 89, 149, 191, 10, 118, 136, 183, 129, 90, 247, 237, 53, 178, 187, 116, 215, 60, 79, 0]
Volume: 4.884
Cost: 12454
Route: [0, 114, 192, 235, 138, 190, 142, 174, 146, 151, 82, 0]
Volume: 2.155
Cost: 7817
Route: [0, 209, 162, 73, 52, 27, 64, 204, 84, 68, 216, 11, 72, 99, 145, 185, 211, 106, 47, 17, 248, 8, 236, 163, 0]
Volume: 4.959
Cost: 21988
Route: [0, 18, 54, 30, 97, 61, 227, 219, 121, 152, 26, 198, 233, 234, 3, 246, 43, 155, 20, 0]
Volume: 4.996
Cost: 17952
Route: [0, 161, 1, 77, 33, 137, 119, 78, 133, 130, 241, 107, 205, 144, 4, 167, 210, 45, 225, 12, 91, 21, 212, 141, 165, 37, 0]
Volume: 4.914
Cost: 21817
Route: [0, 35, 70, 218, 22, 170, 87, 56, 65, 80, 24, 105, 182, 9, 25, 220, 0]
Volume: 4.947
Cost: 16804
Route: [0, 239, 113, 111, 16, 23, 229, 244, 154, 150, 112, 199, 34, 171, 117, 148, 58, 126, 76, 177, 0]
Volume: 4.8311
Cost: 10947
Route: [0, 203, 194, 110, 63, 69, 196, 6, 197, 139, 202, 46, 109, 147, 243, 125, 102, 158, 240, 14, 15, 32, 13, 0]
Volume: 4.9901
Cost: 18006
