OFV: 237077.0

Route: [0, 128, 96, 169, 83, 135, 152, 97, 208, 213, 37, 86, 99, 182, 215, 1, 76, 90, 100, 216, 154, 170, 61, 237, 52, 15, 192, 166, 188, 82, 66, 243, 58, 117, 79, 147, 186, 242, 118, 32, 151, 155, 89, 197, 6, 57, 91, 207, 175, 233, 148, 111, 94, 106, 185, 238, 40, 45, 234, 236, 43, 198, 229, 46, 201, 20, 227, 245, 179, 49, 113, 102, 31, 195, 2, 39, 34, 98, 150, 224, 219, 165, 194, 129, 137, 210, 139, 47, 116, 159, 85, 41, 230, 161, 0]
Volume: 11.6726
Cost: 77945
Route: [0, 171, 204, 221, 78, 158, 28, 168, 36, 180, 55, 74, 81, 104, 153, 54, 121, 240, 17, 77, 14, 235, 181, 134, 75, 3, 173, 246, 142, 22, 187, 203, 63, 145, 112, 241, 72, 42, 146, 124, 110, 177, 149, 140, 13, 4, 249, 11, 18, 162, 214, 16, 21, 144, 105, 10, 9, 218, 200, 231, 120, 25, 127, 196, 131, 160, 87, 53, 19, 193, 0]
Volume: 9.0204
Cost: 68988
Route: [0, 59, 92, 133, 157, 103, 156, 67, 107, 29, 176, 167, 247, 30, 217, 69, 44, 50, 33, 23, 132, 12, 125, 191, 122, 225, 222, 209, 119, 7, 126, 108, 248, 123, 27, 71, 184, 190, 73, 130, 56, 64, 206, 35, 223, 65, 189, 138, 68, 202, 70, 8, 228, 24, 84, 174, 239, 51, 93, 80, 114, 88, 60, 141, 211, 205, 38, 178, 220, 232, 26, 163, 5, 48, 109, 226, 244, 95, 183, 212, 115, 164, 62, 136, 172, 101, 143, 199, 0]
Volume: 9.9505
Cost: 90144
