OFV: 1167030.0

Route: [0, 360, 242, 401, 133, 471, 390, 218, 90, 377, 247, 2, 0]
Volume: 4.9882
Cost: 33423
Route: [0, 66, 111, 277, 341, 0]
Volume: 4.606
Cost: 14632
Route: [0, 248, 177, 39, 231, 383, 298, 112, 328, 353, 0]
Volume: 4.878
Cost: 26638
Route: [0, 365, 306, 478, 430, 8, 62, 103, 458, 463, 16, 434, 316, 14, 0]
Volume: 4.968
Cost: 23706
Route: [0, 474, 168, 437, 79, 93, 19, 0]
Volume: 4.4479
Cost: 10549
Route: [0, 57, 414, 24, 230, 335, 370, 178, 433, 413, 319, 261, 0]
Volume: 4.974
Cost: 30867
Route: [0, 256, 345, 452, 199, 56, 200, 81, 254, 274, 0]
Volume: 4.8001
Cost: 29563
Route: [0, 486, 322, 13, 267, 281, 171, 300, 391, 422, 0]
Volume: 4.94
Cost: 31578
Route: [0, 224, 424, 344, 232, 52, 222, 310, 29, 273, 338, 0]
Volume: 4.966
Cost: 16430
Route: [0, 292, 304, 387, 480, 36, 27, 403, 314, 68, 407, 34, 339, 238, 368, 0]
Volume: 4.9521
Cost: 31899
Route: [0, 450, 88, 259, 291, 482, 129, 466, 417, 211, 284, 364, 476, 173, 427, 487, 38, 0]
Volume: 4.788
Cost: 26217
Route: [0, 3, 249, 312, 54, 285, 337, 447, 465, 457, 7, 0]
Volume: 4.9201
Cost: 18836
Route: [0, 60, 423, 483, 251, 183, 389, 253, 455, 61, 0]
Volume: 4.962
Cost: 23205
Route: [0, 123, 50, 47, 412, 358, 481, 216, 464, 176, 143, 350, 0]
Volume: 4.944
Cost: 25986
Route: [0, 108, 408, 459, 122, 489, 493, 67, 381, 395, 0]
Volume: 4.9181
Cost: 29000
Route: [0, 376, 209, 220, 296, 97, 352, 409, 202, 438, 31, 119, 0]
Volume: 4.994
Cost: 24766
Route: [0, 257, 475, 37, 431, 162, 268, 295, 239, 116, 388, 59, 470, 174, 443, 0]
Volume: 4.982
Cost: 27105
Route: [0, 207, 167, 75, 233, 293, 217, 421, 366, 429, 342, 180, 20, 0]
Volume: 4.9721
Cost: 31576
Route: [0, 121, 208, 479, 89, 283, 157, 411, 393, 332, 0]
Volume: 4.986
Cost: 26527
Route: [0, 327, 35, 63, 394, 461, 184, 490, 451, 99, 169, 367, 126, 454, 0]
Volume: 4.9081
Cost: 21343
Route: [0, 397, 125, 201, 299, 439, 297, 193, 348, 250, 132, 118, 0]
Volume: 4.9841
Cost: 32801
Route: [0, 26, 12, 98, 0]
Volume: 2.878
Cost: 8228
Route: [0, 91, 385, 44, 150, 190, 449, 0]
Volume: 4.926
Cost: 19361
Route: [0, 185, 234, 1, 324, 114, 442, 270, 326, 166, 289, 153, 0]
Volume: 4.95
Cost: 26745
Route: [0, 203, 448, 46, 469, 210, 115, 343, 271, 260, 136, 86, 288, 0]
Volume: 4.974
Cost: 25925
Route: [0, 215, 221, 198, 318, 334, 77, 460, 436, 294, 276, 325, 0]
Volume: 4.988
Cost: 24188
Route: [0, 375, 308, 495, 462, 161, 71, 287, 269, 181, 188, 467, 139, 51, 0]
Volume: 4.922
Cost: 26590
Route: [0, 498, 96, 64, 134, 146, 195, 21, 131, 246, 15, 149, 0]
Volume: 4.996
Cost: 22572
Route: [0, 435, 106, 333, 380, 262, 137, 156, 192, 141, 303, 100, 374, 69, 398, 6, 477, 0]
Volume: 4.686
Cost: 38610
Route: [0, 379, 40, 45, 23, 305, 43, 386, 196, 278, 0]
Volume: 4.904
Cost: 18740
Route: [0, 124, 223, 320, 468, 135, 441, 0]
Volume: 4.98
Cost: 28432
Route: [0, 404, 102, 236, 491, 85, 0]
Volume: 4.912
Cost: 27650
Route: [0, 33, 245, 49, 240, 392, 182, 226, 5, 41, 212, 428, 313, 264, 0]
Volume: 4.932
Cost: 35558
Route: [0, 359, 453, 330, 94, 497, 0]
Volume: 4.96
Cost: 17345
Route: [0, 496, 279, 456, 140, 420, 163, 351, 282, 444, 0]
Volume: 4.9821
Cost: 19289
Route: [0, 418, 346, 152, 241, 472, 347, 18, 0]
Volume: 4.44
Cost: 25713
Route: [0, 307, 362, 357, 488, 73, 4, 0]
Volume: 4.904
Cost: 19015
Route: [0, 371, 492, 151, 170, 372, 32, 165, 402, 0]
Volume: 4.94
Cost: 11935
Route: [0, 426, 148, 266, 109, 11, 197, 280, 204, 0]
Volume: 4.71
Cost: 11269
Route: [0, 191, 302, 101, 400, 147, 120, 229, 354, 142, 419, 446, 378, 382, 28, 237, 30, 369, 25, 214, 0]
Volume: 4.9621
Cost: 32077
Route: [0, 384, 159, 309, 48, 263, 227, 0]
Volume: 4.932
Cost: 14636
Route: [0, 206, 290, 87, 331, 80, 396, 484, 186, 0]
Volume: 3.872
Cost: 8982
Route: [0, 340, 499, 406, 164, 415, 485, 82, 321, 225, 329, 0]
Volume: 4.944
Cost: 18695
Route: [0, 53, 323, 336, 416, 92, 84, 105, 65, 213, 107, 160, 219, 95, 0]
Volume: 4.96
Cost: 26946
Route: [0, 138, 244, 113, 128, 432, 425, 155, 70, 399, 494, 301, 55, 17, 275, 0]
Volume: 4.642
Cost: 21866
Route: [0, 194, 356, 130, 272, 252, 315, 361, 74, 440, 0]
Volume: 4.802
Cost: 18571
Route: [0, 187, 145, 175, 445, 144, 317, 311, 0]
Volume: 4.888
Cost: 17554
Route: [0, 473, 228, 154, 104, 255, 189, 373, 258, 405, 235, 349, 0]
Volume: 4.954
Cost: 24914
Route: [0, 286, 83, 76, 158, 72, 58, 265, 127, 410, 172, 42, 205, 10, 0]
Volume: 4.982
Cost: 19133
Route: [0, 78, 179, 355, 243, 363, 117, 110, 9, 22, 0]
Volume: 4.744
Cost: 19844
