OFV: 268656.0

Route: [0, 7, 45, 34, 29, 26, 66, 13, 19, 87, 60, 73, 62, 22, 28, 23, 10, 63, 4, 57, 54, 32, 31, 44, 0]
Volume: 4.8832
Cost: 59127
Route: [0, 64, 52, 16, 92, 70, 85, 0]
Volume: 1.55
Cost: 19405
Route: [0, 8, 6, 55, 93, 18, 65, 37, 27, 74, 24, 67, 25, 2, 3, 51, 14, 91, 20, 0]
Volume: 4.834
Cost: 45609
Route: [0, 81, 12, 48, 36, 59, 41, 96, 46, 17, 98, 97, 72, 61, 99, 89, 49, 69, 0]
Volume: 4.879
Cost: 47057
Route: [0, 95, 90, 39, 30, 76, 53, 1, 84, 79, 56, 40, 38, 94, 47, 82, 33, 5, 0]
Volume: 5.0
Cost: 43353
Route: [0, 68, 86, 50, 80, 9, 77, 21, 78, 83, 71, 58, 43, 15, 88, 75, 35, 11, 42, 0]
Volume: 4.9701
Cost: 54105
