OFV: 513637.0

Route: [0, 165, 24, 180, 29, 210, 184, 110, 58, 206, 345, 177, 260, 383, 168, 455, 318, 140, 205, 106, 167, 0]
Volume: 12.494
Cost: 17832
Route: [0, 270, 365, 87, 413, 161, 18, 121, 320, 45, 285, 127, 499, 288, 268, 283, 159, 322, 182, 321, 128, 211, 299, 19, 362, 212, 463, 253, 170, 0]
Volume: 12.33
Cost: 24127
Route: [0, 5, 471, 303, 189, 348, 439, 174, 271, 143, 155, 218, 410, 111, 404, 335, 53, 420, 458, 233, 487, 418, 0]
Volume: 12.386
Cost: 28044
Route: [0, 85, 350, 225, 460, 276, 249, 343, 406, 60, 79, 173, 76, 88, 374, 472, 78, 370, 21, 432, 436, 126, 0]
Volume: 12.3841
Cost: 33273
Route: [0, 309, 284, 23, 12, 49, 120, 193, 176, 441, 139, 478, 301, 469, 319, 10, 470, 164, 66, 109, 62, 484, 63, 291, 107, 0]
Volume: 12.2439
Cost: 14010
Route: [0, 252, 213, 175, 56, 41, 188, 298, 446, 48, 462, 493, 332, 467, 323, 349, 243, 486, 434, 214, 361, 20, 412, 101, 224, 286, 261, 401, 64, 187, 192, 453, 0]
Volume: 12.222
Cost: 37603
Route: [0, 6, 69, 329, 398, 65, 221, 456, 465, 31, 395, 415, 145, 338, 491, 379, 254, 339, 151, 59, 280, 496, 156, 399, 98, 479, 47, 351, 0]
Volume: 12.4521
Cost: 21957
Route: [0, 236, 488, 411, 305, 104, 52, 490, 306, 158, 198, 11, 352, 166, 354, 437, 100, 408, 222, 461, 451, 162, 232, 384, 186, 386, 0]
Volume: 12.4142
Cost: 19282
Route: [0, 220, 82, 429, 190, 385, 388, 43, 258, 130, 71, 94, 237, 293, 419, 327, 372, 89, 475, 97, 30, 482, 360, 0]
Volume: 11.606
Cost: 29444
Route: [0, 239, 367, 183, 132, 279, 95, 27, 416, 311, 122, 304, 112, 371, 154, 400, 51, 134, 282, 16, 28, 15, 77, 0]
Volume: 12.4141
Cost: 28782
Route: [0, 152, 136, 240, 105, 289, 476, 366, 256, 33, 443, 424, 114, 135, 498, 440, 405, 203, 0]
Volume: 10.6221
Cost: 12676
Route: [0, 480, 17, 209, 73, 325, 433, 146, 421, 340, 449, 39, 35, 9, 191, 397, 195, 44, 435, 70, 373, 14, 123, 337, 454, 317, 250, 0]
Volume: 12.294
Cost: 33076
Route: [0, 264, 300, 376, 229, 84, 392, 215, 483, 375, 377, 259, 287, 315, 179, 295, 204, 358, 2, 217, 245, 447, 431, 297, 251, 336, 468, 54, 141, 363, 294, 37, 34, 364, 0]
Volume: 12.4921
Cost: 35555
Route: [0, 102, 242, 357, 231, 267, 57, 324, 226, 25, 125, 474, 331, 450, 347, 50, 438, 115, 197, 235, 108, 409, 466, 38, 119, 118, 390, 0]
Volume: 12.424
Cost: 33092
Route: [0, 227, 359, 83, 341, 26, 382, 42, 426, 1, 494, 22, 93, 355, 75, 142, 244, 425, 489, 248, 314, 32, 55, 238, 117, 302, 368, 275, 389, 296, 356, 172, 477, 0]
Volume: 12.4762
Cost: 36275
Route: [0, 163, 495, 423, 492, 133, 74, 99, 129, 457, 414, 40, 81, 171, 334, 4, 138, 113, 417, 387, 241, 0]
Volume: 12.012
Cost: 25740
Route: [0, 330, 316, 68, 380, 313, 181, 274, 202, 200, 307, 445, 369, 169, 219, 46, 207, 391, 281, 430, 402, 255, 0]
Volume: 11.7
Cost: 17997
Route: [0, 96, 292, 312, 353, 403, 150, 452, 344, 36, 208, 328, 448, 378, 394, 131, 473, 178, 61, 80, 157, 485, 428, 310, 147, 326, 422, 201, 67, 3, 247, 91, 464, 263, 86, 273, 393, 0]
Volume: 12.484
Cost: 24146
Route: [0, 459, 272, 277, 13, 185, 290, 92, 257, 160, 8, 144, 396, 481, 427, 497, 149, 148, 278, 116, 223, 199, 333, 103, 381, 407, 228, 0]
Volume: 12.404
Cost: 22390
Route: [0, 196, 216, 153, 124, 265, 137, 269, 246, 444, 234, 342, 266, 346, 262, 194, 442, 90, 72, 308, 230, 7, 0]
Volume: 12.042
Cost: 18336
