OFV: 47588.0

Route: [0, 59, 157, 133, 25, 103, 156, 67, 107, 29, 120, 10, 191, 125, 122, 12, 225, 222, 209, 119, 73, 35, 56, 130, 64, 206, 223, 65, 189, 84, 24, 174, 202, 194, 70, 0]
Volume: 4.9535
Cost: 6389
Route: [0, 171, 221, 224, 219, 165, 137, 210, 129, 139, 17, 57, 91, 207, 175, 233, 148, 211, 82, 66, 38, 178, 220, 232, 188, 166, 115, 99, 183, 212, 95, 163, 26, 164, 62, 136, 170, 61, 237, 158, 204, 0]
Volume: 4.3965
Cost: 9234
Route: [0, 28, 239, 51, 238, 185, 106, 94, 111, 77, 14, 197, 6, 235, 134, 75, 3, 173, 246, 187, 22, 142, 203, 63, 240, 241, 72, 47, 116, 159, 85, 41, 230, 161, 0]
Volume: 4.667
Cost: 5274
Route: [0, 96, 169, 83, 149, 135, 13, 140, 152, 97, 208, 213, 37, 86, 244, 5, 48, 109, 226, 182, 15, 192, 114, 88, 60, 141, 205, 243, 79, 117, 58, 186, 147, 242, 118, 32, 151, 155, 89, 145, 112, 98, 150, 228, 138, 68, 0]
Volume: 4.9942
Cost: 8849
Route: [0, 78, 19, 71, 184, 190, 7, 126, 108, 248, 27, 123, 127, 196, 131, 92, 128, 199, 0]
Volume: 1.674
Cost: 3624
Route: [0, 87, 160, 53, 193, 8, 34, 39, 2, 195, 49, 113, 31, 102, 179, 245, 43, 198, 234, 229, 46, 201, 20, 236, 45, 227, 181, 74, 81, 55, 180, 40, 168, 36, 104, 153, 54, 93, 121, 80, 146, 42, 124, 110, 177, 0]
Volume: 4.9686
Cost: 7702
Route: [0, 52, 215, 1, 76, 90, 100, 154, 4, 216, 249, 11, 18, 162, 214, 105, 21, 16, 144, 132, 23, 33, 247, 217, 44, 30, 50, 69, 167, 176, 200, 231, 9, 218, 172, 143, 101, 0]
Volume: 4.7795
Cost: 6516
