OFV: 51019.0

Route: [0, 208, 35, 205, 109, 171, 62, 185, 217, 104, 139, 126, 46, 121, 117, 143, 42, 23, 246, 25, 70, 2, 72, 89, 19, 149, 153, 59, 0]
Volume: 12.32
Cost: 4448
Route: [0, 22, 191, 112, 13, 178, 163, 187, 249, 95, 229, 105, 140, 130, 216, 103, 248, 224, 218, 176, 1, 106, 169, 24, 20, 142, 0]
Volume: 12.4941
Cost: 6025
Route: [0, 114, 11, 183, 21, 66, 14, 135, 154, 15, 206, 177, 43, 7, 65, 211, 17, 136, 16, 230, 166, 173, 73, 57, 180, 82, 200, 137, 85, 54, 204, 0]
Volume: 12.464
Cost: 5033
Route: [0, 127, 45, 52, 158, 234, 96, 128, 202, 10, 231, 28, 228, 155, 162, 170, 33, 150, 168, 55, 67, 94, 244, 93, 53, 222, 197, 0]
Volume: 12.3841
Cost: 2612
Route: [0, 111, 78, 148, 239, 133, 199, 79, 184, 29, 113, 122, 190, 131, 174, 156, 132, 219, 99, 220, 152, 151, 48, 236, 223, 0]
Volume: 10.912
Cost: 6120
Route: [0, 12, 60, 226, 196, 44, 159, 47, 37, 39, 40, 209, 8, 75, 243, 49, 238, 147, 210, 186, 118, 144, 5, 58, 0]
Volume: 11.456
Cost: 4748
Route: [0, 179, 87, 120, 6, 69, 145, 129, 100, 36, 115, 81, 189, 212, 160, 86, 195, 232, 207, 227, 76, 241, 194, 213, 56, 240, 61, 41, 0]
Volume: 10.5761
Cost: 4835
Route: [0, 165, 245, 192, 125, 91, 92, 193, 63, 9, 50, 32, 215, 161, 18, 97, 124, 107, 110, 198, 101, 233, 4, 119, 64, 0]
Volume: 11.6541
Cost: 3779
Route: [0, 146, 26, 237, 157, 164, 201, 225, 27, 34, 31, 172, 138, 214, 3, 123, 71, 242, 134, 77, 181, 88, 141, 90, 0]
Volume: 9.864
Cost: 7241
Route: [0, 108, 182, 51, 30, 167, 116, 188, 38, 98, 221, 83, 247, 235, 102, 68, 80, 74, 175, 203, 84, 0]
Volume: 12.3782
Cost: 6178
