OFV: 50334.0

Route: [0, 43, 89, 233, 40, 203, 67, 54, 195, 127, 50, 215, 85, 12, 31, 200, 161, 111, 143, 246, 241, 223, 132, 196, 188, 90, 44, 148, 249, 2, 142, 52, 238, 245, 37, 134, 94, 122, 212, 130, 113, 173, 0]
Volume: 4.9715
Cost: 10447
Route: [0, 64, 144, 53, 202, 99, 186, 194, 8, 61, 168, 218, 86, 59, 204, 57, 115, 105, 71, 153, 183, 155, 178, 128, 185, 56, 14, 131, 35, 220, 107, 179, 224, 112, 60, 29, 10, 116, 174, 103, 171, 227, 231, 187, 120, 167, 77, 109, 172, 166, 81, 66, 0]
Volume: 4.82
Cost: 7593
Route: [0, 4, 65, 93, 25, 141, 225, 157, 226, 124, 129, 46, 211, 191, 27, 63, 177, 106, 190, 76, 240, 83, 21, 235, 242, 234, 69, 110, 125, 228, 149, 98, 17, 49, 15, 47, 207, 138, 20, 51, 108, 3, 119, 152, 97, 137, 175, 70, 121, 102, 48, 0]
Volume: 4.9769
Cost: 11524
Route: [0, 100, 0]
Volume: 0.095
Cost: 4
Route: [0, 24, 45, 84, 55, 72, 58, 213, 39, 248, 11, 222, 198, 151, 181, 38, 197, 236, 243, 158, 87, 91, 244, 82, 189, 159, 136, 78, 95, 154, 22, 1, 199, 30, 135, 165, 0]
Volume: 4.9517
Cost: 8466
Route: [0, 237, 33, 73, 34, 201, 232, 62, 192, 162, 133, 176, 126, 118, 147, 19, 150, 216, 36, 16, 217, 164, 80, 182, 7, 210, 75, 104, 32, 88, 170, 26, 5, 140, 219, 0]
Volume: 4.985
Cost: 5467
Route: [0, 13, 146, 6, 239, 206, 74, 214, 42, 23, 139, 163, 169, 68, 123, 145, 18, 9, 92, 221, 209, 28, 229, 117, 79, 184, 208, 96, 180, 41, 247, 160, 114, 205, 230, 193, 0]
Volume: 4.9891
Cost: 6778
Route: [0, 156, 101, 0]
Volume: 0.415
Cost: 55
