OFV: 47119.0

Route: [0, 97, 46, 22, 36, 63, 78, 15, 52, 90, 2, 4, 96, 16, 35, 59, 94, 33, 5, 27, 99, 50, 61, 11, 91, 72, 53, 40, 75, 10, 54, 83, 70, 57, 85, 25, 43, 34, 82, 64, 1, 18, 20, 26, 0]
Volume: 4.9956
Cost: 18779
Route: [0, 12, 65, 86, 76, 38, 81, 88, 92, 31, 77, 9, 21, 71, 73, 80, 7, 93, 0]
Volume: 2.499
Cost: 6429
Route: [0, 28, 87, 68, 37, 56, 24, 98, 89, 48, 45, 51, 3, 42, 13, 41, 55, 32, 14, 17, 67, 29, 74, 84, 19, 79, 23, 6, 62, 69, 47, 30, 58, 44, 49, 60, 39, 8, 95, 66, 0]
Volume: 4.9582
Cost: 21911
