OFV: 214823.0

Route: [0, 38, 28, 43, 58, 18, 15, 32, 50, 31, 21, 11, 61, 70, 19, 0]
Volume: 4.912
Cost: 26405
Route: [0, 48, 54, 4, 69, 3, 23, 40, 20, 52, 1, 74, 13, 0]
Volume: 4.9499
Cost: 49307
Route: [0, 62, 39, 26, 27, 68, 37, 63, 72, 71, 0]
Volume: 4.89
Cost: 29120
Route: [0, 29, 49, 66, 67, 65, 56, 0]
Volume: 3.932
Cost: 32329
Route: [0, 6, 14, 53, 12, 9, 51, 36, 5, 42, 0]
Volume: 4.98
Cost: 19575
Route: [0, 55, 7, 30, 2, 34, 17, 24, 60, 46, 25, 0]
Volume: 4.998
Cost: 23197
Route: [0, 44, 16, 45, 10, 59, 47, 33, 35, 22, 73, 64, 57, 8, 41, 0]
Volume: 4.874
Cost: 34890
