OFV: 642864.0

Route: [0, 425, 90, 33, 258, 185, 6, 492, 286, 49, 410, 13, 261, 256, 450, 319, 301, 0]
Volume: 4.884
Cost: 16387
Route: [0, 357, 80, 400, 406, 442, 168, 322, 86, 108, 294, 73, 475, 137, 487, 474, 351, 11, 0]
Volume: 4.993
Cost: 20811
Route: [0, 358, 225, 340, 233, 313, 157, 491, 284, 203, 345, 356, 268, 70, 210, 61, 0]
Volume: 4.8
Cost: 16489
Route: [0, 496, 211, 107, 81, 339, 360, 318, 186, 130, 381, 231, 191, 334, 224, 489, 494, 134, 123, 407, 307, 0]
Volume: 4.745
Cost: 18407
Route: [0, 488, 57, 462, 432, 449, 288, 151, 138, 199, 4, 242, 498, 283, 177, 364, 251, 451, 401, 103, 306, 278, 143, 141, 411, 274, 162, 0]
Volume: 4.9791
Cost: 28377
Route: [0, 153, 302, 155, 19, 82, 249, 232, 128, 145, 246, 98, 44, 117, 58, 403, 216, 337, 477, 135, 482, 0]
Volume: 4.9541
Cost: 27229
Route: [0, 296, 10, 79, 448, 124, 374, 60, 295, 63, 51, 324, 110, 218, 47, 188, 45, 422, 493, 419, 28, 184, 497, 377, 312, 0]
Volume: 4.984
Cost: 32838
Route: [0, 217, 29, 16, 421, 473, 436, 368, 361, 414, 348, 305, 119, 431, 229, 31, 149, 42, 39, 116, 238, 0]
Volume: 4.975
Cost: 31640
Route: [0, 170, 402, 330, 446, 179, 458, 121, 65, 77, 109, 83, 87, 220, 483, 75, 413, 308, 215, 309, 36, 43, 158, 290, 0]
Volume: 5.0
Cost: 31286
Route: [0, 355, 389, 277, 466, 32, 25, 88, 219, 152, 209, 433, 327, 207, 298, 67, 62, 263, 271, 447, 346, 176, 171, 71, 495, 275, 0]
Volume: 4.982
Cost: 30705
Route: [0, 282, 38, 173, 40, 490, 139, 443, 393, 323, 24, 396, 272, 197, 333, 281, 78, 264, 46, 257, 146, 93, 106, 247, 230, 150, 317, 0]
Volume: 4.9871
Cost: 31635
Route: [0, 371, 415, 452, 359, 328, 163, 293, 144, 196, 161, 329, 118, 129, 314, 234, 214, 204, 376, 213, 172, 56, 300, 55, 335, 0]
Volume: 4.9842
Cost: 21952
Route: [0, 267, 21, 253, 362, 85, 486, 192, 332, 237, 26, 105, 457, 1, 164, 200, 479, 113, 27, 454, 273, 270, 0]
Volume: 4.981
Cost: 24621
Route: [0, 375, 166, 444, 205, 470, 280, 147, 240, 372, 181, 342, 3, 409, 235, 193, 244, 287, 418, 20, 404, 0]
Volume: 4.841
Cost: 21539
Route: [0, 439, 64, 453, 15, 343, 182, 255, 303, 438, 435, 292, 208, 142, 370, 17, 405, 285, 379, 0]
Volume: 4.9641
Cost: 28884
Route: [0, 241, 127, 223, 399, 239, 428, 320, 222, 468, 336, 30, 148, 195, 69, 331, 97, 96, 111, 221, 140, 23, 0]
Volume: 4.993
Cost: 37262
Route: [0, 460, 367, 499, 445, 349, 248, 434, 194, 66, 54, 37, 388, 84, 92, 156, 126, 326, 254, 159, 347, 252, 369, 226, 22, 484, 245, 112, 0]
Volume: 4.976
Cost: 28397
Route: [0, 385, 398, 59, 465, 471, 416, 154, 269, 386, 353, 125, 52, 250, 380, 315, 424, 132, 160, 104, 338, 0]
Volume: 4.9671
Cost: 24520
Route: [0, 187, 467, 310, 190, 89, 189, 2, 259, 198, 34, 114, 392, 202, 299, 228, 12, 72, 316, 102, 276, 266, 0]
Volume: 4.994
Cost: 24334
Route: [0, 95, 325, 50, 408, 344, 429, 485, 243, 131, 354, 35, 41, 122, 382, 262, 8, 464, 94, 321, 48, 236, 412, 373, 0]
Volume: 4.9721
Cost: 39418
Route: [0, 417, 387, 383, 391, 206, 476, 441, 74, 394, 178, 5, 437, 18, 100, 341, 136, 426, 463, 175, 304, 0]
Volume: 4.97
Cost: 36774
Route: [0, 481, 480, 180, 397, 212, 350, 423, 0]
Volume: 2.3062
Cost: 9087
Route: [0, 265, 440, 14, 133, 169, 420, 395, 167, 291, 115, 456, 9, 7, 469, 459, 366, 478, 91, 384, 101, 297, 174, 472, 427, 0]
Volume: 4.91
Cost: 27639
Route: [0, 260, 201, 461, 365, 311, 120, 289, 183, 165, 68, 76, 352, 53, 390, 378, 227, 455, 279, 430, 363, 99, 0]
Volume: 4.9751
Cost: 32633
