OFV: 31798.0

Route: [0, 71, 67, 30, 77, 7, 22, 41, 86, 27, 13, 64, 72, 85, 61, 21, 76, 5, 9, 65, 55, 31, 14, 0]
Volume: 12.434
Cost: 6496
Route: [0, 1, 25, 18, 82, 12, 57, 80, 95, 38, 81, 24, 6, 99, 58, 39, 69, 53, 66, 62, 40, 0]
Volume: 11.6141
Cost: 4650
Route: [0, 34, 89, 29, 78, 43, 90, 20, 19, 63, 42, 98, 97, 96, 52, 92, 87, 44, 32, 33, 46, 47, 50, 16, 35, 84, 93, 88, 54, 48, 0]
Volume: 12.0001
Cost: 10288
Route: [0, 37, 8, 73, 28, 83, 60, 36, 79, 56, 94, 4, 26, 45, 17, 11, 74, 68, 23, 10, 0]
Volume: 10.358
Cost: 6947
Route: [0, 49, 15, 70, 75, 91, 51, 3, 2, 59, 0]
Volume: 5.92
Cost: 3417
