OFV: 358870.0

Route: [0, 12, 31, 32, 4, 63, 10, 23, 28, 36, 5, 0]
Volume: 4.99
Cost: 31231
Route: [0, 86, 50, 21, 77, 9, 80, 89, 49, 69, 0]
Volume: 4.932
Cost: 24997
Route: [0, 3, 51, 2, 25, 90, 39, 79, 30, 76, 53, 1, 84, 16, 0]
Volume: 3.758
Cost: 36569
Route: [0, 35, 75, 88, 58, 43, 15, 11, 42, 0]
Volume: 3.7241
Cost: 44503
Route: [0, 44, 59, 41, 96, 46, 17, 97, 98, 61, 99, 78, 68, 0]
Volume: 4.968
Cost: 41402
Route: [0, 81, 48, 54, 57, 22, 62, 71, 83, 72, 0]
Volume: 4.89
Cost: 36104
Route: [0, 67, 24, 37, 74, 65, 27, 18, 55, 93, 6, 8, 0]
Volume: 4.838
Cost: 22385
Route: [0, 34, 45, 7, 29, 26, 66, 13, 19, 87, 60, 73, 0]
Volume: 4.676
Cost: 51290
Route: [0, 64, 52, 95, 14, 91, 20, 0]
Volume: 4.36
Cost: 40737
Route: [0, 85, 33, 82, 47, 94, 38, 40, 56, 92, 70, 0]
Volume: 4.8301
Cost: 29652
