OFV: 325792.0

Route: [0, 152, 105, 240, 136, 289, 476, 359, 463, 212, 169, 300, 376, 229, 84, 321, 322, 182, 128, 159, 1, 392, 494, 22, 251, 485, 157, 80, 395, 415, 61, 473, 338, 491, 145, 178, 379, 254, 339, 151, 59, 296, 356, 496, 280, 156, 399, 92, 497, 149, 148, 278, 116, 427, 481, 396, 41, 298, 188, 11, 352, 166, 354, 437, 100, 177, 345, 58, 110, 206, 460, 490, 52, 350, 225, 124, 265, 137, 269, 246, 409, 466, 104, 305, 38, 408, 222, 461, 162, 451, 186, 119, 498, 135, 114, 440, 203, 0]
Volume: 11.089
Cost: 48100
Route: [0, 228, 443, 424, 381, 484, 62, 63, 291, 106, 455, 318, 205, 140, 168, 383, 260, 56, 446, 48, 462, 493, 108, 235, 467, 323, 79, 173, 249, 343, 406, 60, 76, 88, 374, 472, 220, 82, 429, 190, 43, 388, 385, 258, 94, 71, 130, 237, 293, 419, 78, 370, 21, 432, 327, 436, 126, 372, 89, 475, 97, 30, 482, 360, 216, 153, 196, 85, 444, 234, 342, 266, 488, 411, 346, 262, 194, 442, 90, 72, 118, 390, 0]
Volume: 9.8381
Cost: 64169
Route: [0, 309, 284, 330, 316, 68, 227, 241, 417, 387, 380, 83, 200, 307, 445, 369, 42, 426, 211, 413, 87, 127, 18, 45, 285, 367, 183, 132, 279, 95, 27, 416, 311, 122, 129, 304, 99, 74, 133, 492, 112, 371, 154, 400, 51, 134, 282, 16, 28, 15, 195, 44, 435, 337, 70, 14, 454, 123, 373, 317, 250, 239, 264, 219, 270, 365, 46, 207, 391, 281, 430, 402, 255, 0]
Volume: 9.7772
Cost: 44499
Route: [0, 23, 120, 193, 5, 176, 441, 478, 10, 273, 393, 470, 351, 47, 479, 398, 65, 312, 353, 150, 403, 326, 452, 147, 221, 456, 465, 31, 428, 310, 394, 378, 131, 344, 36, 208, 328, 448, 98, 422, 185, 257, 290, 160, 8, 144, 303, 189, 348, 439, 174, 271, 474, 450, 331, 224, 125, 57, 226, 324, 25, 286, 261, 223, 199, 333, 103, 401, 64, 187, 192, 453, 167, 407, 165, 49, 12, 107, 0]
Volume: 10.4635
Cost: 46021
Route: [0, 230, 7, 308, 236, 405, 386, 232, 384, 29, 210, 184, 24, 180, 252, 213, 175, 198, 306, 158, 276, 332, 243, 349, 438, 115, 197, 486, 50, 347, 434, 214, 361, 20, 267, 101, 412, 143, 155, 218, 410, 111, 357, 231, 404, 335, 53, 420, 458, 233, 242, 487, 471, 389, 117, 275, 302, 368, 238, 314, 32, 248, 55, 489, 425, 244, 355, 75, 142, 377, 375, 215, 483, 259, 287, 179, 295, 315, 431, 204, 358, 2, 217, 245, 447, 93, 297, 336, 468, 54, 141, 363, 313, 181, 274, 253, 170, 0]
Volume: 12.3993
Cost: 71370
Route: [0, 480, 17, 73, 209, 433, 421, 146, 325, 340, 449, 39, 35, 9, 191, 397, 77, 163, 495, 423, 457, 414, 4, 138, 40, 113, 334, 81, 171, 288, 268, 499, 121, 320, 161, 283, 19, 299, 362, 382, 26, 341, 202, 294, 34, 37, 364, 96, 292, 6, 69, 329, 201, 67, 247, 102, 459, 272, 277, 13, 3, 91, 464, 263, 164, 86, 66, 109, 301, 469, 319, 139, 418, 256, 33, 366, 477, 172, 0]
Volume: 9.9842
Cost: 51633
