OFV: 186827.0

Route: [0, 219, 199, 200, 56, 345, 464, 176, 256, 313, 0]
Volume: 4.4281
Cost: 3834
Route: [0, 426, 141, 233, 293, 314, 68, 403, 217, 34, 369, 25, 30, 339, 238, 0]
Volume: 4.8721
Cost: 4552
Route: [0, 177, 39, 231, 383, 380, 262, 192, 156, 61, 0]
Volume: 4.662
Cost: 3899
Route: [0, 456, 496, 279, 9, 363, 117, 110, 351, 420, 0]
Volume: 4.4761
Cost: 3514
Route: [0, 31, 119, 82, 60, 423, 207, 75, 400, 147, 120, 477, 222, 52, 424, 0]
Volume: 4.9922
Cost: 3928
Route: [0, 397, 300, 281, 267, 471, 133, 401, 95, 0]
Volume: 4.9141
Cost: 4024
Route: [0, 138, 244, 113, 111, 66, 277, 0]
Volume: 4.88
Cost: 2915
Route: [0, 148, 266, 79, 168, 437, 93, 0]
Volume: 4.7019
Cost: 1903
Route: [0, 371, 362, 425, 70, 155, 399, 128, 432, 488, 4, 73, 0]
Volume: 4.666
Cost: 3542
Route: [0, 395, 102, 491, 236, 85, 0]
Volume: 4.912
Cost: 2733
Route: [0, 402, 492, 151, 63, 35, 327, 170, 372, 32, 0]
Volume: 4.858
Cost: 2922
Route: [0, 44, 385, 92, 53, 323, 336, 416, 0]
Volume: 4.34
Cost: 3009
Route: [0, 384, 435, 3, 249, 312, 337, 447, 457, 7, 465, 0]
Volume: 4.9881
Cost: 3597
Route: [0, 290, 226, 5, 41, 392, 182, 347, 74, 205, 440, 191, 340, 0]
Volume: 4.804
Cost: 4246
Route: [0, 125, 201, 439, 297, 193, 348, 81, 254, 140, 163, 0]
Volume: 4.934
Cost: 3990
Route: [0, 474, 18, 183, 455, 389, 253, 251, 483, 20, 0]
Volume: 4.9441
Cost: 3437
Route: [0, 54, 285, 453, 330, 365, 346, 152, 241, 472, 428, 42, 153, 0]
Volume: 4.896
Cost: 4243
Route: [0, 484, 80, 413, 319, 322, 132, 2, 390, 90, 299, 160, 0]
Volume: 4.7421
Cost: 4804
Route: [0, 186, 433, 284, 326, 166, 475, 261, 318, 334, 198, 221, 272, 130, 0]
Volume: 4.93
Cost: 4114
Route: [0, 497, 94, 359, 341, 22, 0]
Volume: 4.96
Cost: 3110
Route: [0, 78, 444, 282, 179, 278, 394, 184, 76, 158, 83, 427, 487, 38, 165, 349, 10, 257, 0]
Volume: 4.926
Cost: 4280
Route: [0, 194, 356, 144, 317, 252, 315, 215, 361, 0]
Volume: 4.86
Cost: 3797
Route: [0, 386, 23, 422, 216, 481, 358, 47, 412, 204, 0]
Volume: 4.96
Cost: 4035
Route: [0, 292, 57, 159, 48, 263, 309, 387, 304, 0]
Volume: 4.804
Cost: 3005
Route: [0, 178, 479, 208, 283, 157, 376, 134, 64, 287, 181, 0]
Volume: 4.944
Cost: 4614
Route: [0, 275, 17, 360, 242, 123, 50, 473, 154, 228, 104, 255, 258, 405, 0]
Volume: 4.656
Cost: 5292
Route: [0, 248, 469, 46, 210, 124, 223, 396, 0]
Volume: 4.766
Cost: 4094
Route: [0, 84, 105, 65, 190, 449, 107, 368, 329, 338, 0]
Volume: 4.612
Cost: 2856
Route: [0, 333, 298, 112, 328, 325, 353, 175, 344, 0]
Volume: 4.804
Cost: 2962
Route: [0, 452, 218, 13, 377, 171, 247, 118, 250, 391, 270, 0]
Volume: 4.8941
Cost: 3924
Route: [0, 280, 458, 316, 434, 212, 67, 381, 11, 0]
Volume: 4.988
Cost: 3501
Route: [0, 197, 373, 189, 16, 463, 103, 62, 14, 478, 8, 306, 430, 0]
Volume: 4.876
Cost: 3538
Route: [0, 324, 114, 442, 116, 388, 59, 164, 485, 415, 0]
Volume: 4.98
Cost: 3564
Route: [0, 311, 230, 370, 335, 106, 211, 417, 27, 264, 0]
Volume: 4.95
Cost: 4029
Route: [0, 91, 467, 51, 139, 375, 308, 498, 96, 495, 161, 462, 71, 269, 188, 0]
Volume: 4.96
Cost: 3851
Route: [0, 206, 180, 229, 354, 142, 419, 446, 374, 69, 303, 398, 6, 0]
Volume: 4.838
Cost: 4316
Route: [0, 448, 480, 36, 260, 115, 343, 271, 136, 86, 77, 167, 239, 174, 89, 443, 121, 0]
Volume: 4.986
Cost: 4330
Route: [0, 243, 143, 350, 40, 379, 305, 43, 367, 126, 0]
Volume: 4.98
Cost: 3666
Route: [0, 19, 307, 418, 357, 33, 55, 301, 494, 0]
Volume: 4.972
Cost: 3849
Route: [0, 224, 235, 108, 122, 489, 493, 240, 49, 459, 245, 408, 0]
Volume: 4.7921
Cost: 4657
Route: [0, 227, 274, 288, 203, 26, 12, 98, 187, 0]
Volume: 4.362
Cost: 2294
Route: [0, 364, 24, 476, 414, 173, 72, 58, 265, 127, 410, 172, 0]
Volume: 4.804
Cost: 3709
Route: [0, 411, 470, 135, 320, 468, 441, 445, 310, 29, 0]
Volume: 4.966
Cost: 3260
Route: [0, 109, 378, 382, 429, 342, 407, 366, 421, 28, 237, 146, 0]
Volume: 4.984
Cost: 3700
Route: [0, 209, 296, 220, 97, 409, 352, 438, 202, 195, 21, 0]
Volume: 4.7219
Cost: 3125
Route: [0, 331, 100, 137, 1, 393, 332, 289, 145, 232, 0]
Volume: 4.974
Cost: 4295
Route: [0, 87, 436, 162, 268, 295, 431, 460, 37, 294, 276, 0]
Volume: 4.832
Cost: 3752
Route: [0, 213, 246, 15, 131, 321, 149, 225, 185, 234, 499, 406, 273, 0]
Volume: 4.872
Cost: 3342
Route: [0, 450, 286, 88, 259, 291, 482, 129, 466, 302, 101, 214, 150, 0]
Volume: 4.904
Cost: 4530
Route: [0, 355, 404, 45, 169, 99, 451, 490, 486, 196, 461, 454, 0]
Volume: 4.6761
Cost: 4344
