OFV: 53883.0

Route: [0, 7, 74, 132, 55, 29, 120, 42, 143, 188, 83, 2, 94, 44, 221, 11, 211, 217, 92, 224, 0]
Volume: 4.081
Cost: 3022
Route: [0, 189, 67, 122, 22, 170, 87, 56, 5, 206, 168, 36, 238, 66, 203, 239, 0]
Volume: 4.879
Cost: 4578
Route: [0, 159, 31, 39, 172, 123, 135, 127, 62, 71, 72, 99, 145, 185, 106, 95, 195, 19, 47, 248, 0]
Volume: 4.7551
Cost: 3991
Route: [0, 18, 10, 118, 136, 234, 233, 223, 175, 180, 173, 103, 187, 116, 215, 60, 208, 0]
Volume: 4.29
Cost: 5159
Route: [0, 207, 75, 166, 213, 79, 37, 58, 126, 76, 177, 176, 48, 157, 200, 163, 0]
Volume: 4.401
Cost: 2542
Route: [0, 113, 111, 117, 23, 229, 112, 244, 154, 150, 12, 225, 45, 91, 21, 212, 181, 141, 169, 165, 148, 0]
Volume: 4.7871
Cost: 4087
Route: [0, 13, 15, 64, 52, 27, 216, 68, 109, 46, 147, 243, 125, 102, 158, 139, 202, 69, 196, 197, 6, 63, 105, 38, 0]
Volume: 4.8601
Cost: 5134
Route: [0, 149, 164, 54, 30, 97, 61, 227, 121, 152, 26, 198, 219, 247, 3, 129, 237, 155, 245, 16, 0]
Volume: 4.978
Cost: 4778
Route: [0, 35, 70, 194, 218, 230, 156, 153, 232, 93, 131, 100, 186, 28, 98, 151, 146, 114, 192, 0]
Volume: 4.465
Cost: 5953
Route: [0, 89, 140, 101, 85, 53, 178, 201, 184, 193, 49, 231, 124, 134, 115, 128, 160, 90, 183, 246, 43, 0]
Volume: 4.9961
Cost: 3730
Route: [0, 182, 9, 25, 235, 190, 138, 142, 174, 50, 82, 77, 33, 137, 119, 78, 133, 107, 241, 130, 205, 144, 4, 210, 167, 199, 171, 34, 161, 1, 0]
Volume: 4.806
Cost: 4858
Route: [0, 209, 162, 32, 73, 14, 240, 65, 110, 80, 24, 204, 84, 17, 8, 236, 220, 0]
Volume: 4.988
Cost: 3186
Route: [0, 179, 41, 249, 51, 242, 40, 108, 96, 88, 81, 57, 104, 86, 20, 191, 228, 226, 222, 214, 59, 0]
Volume: 4.753
Cost: 2865
