OFV: 573480.0

Route: [0, 86, 55, 21, 19, 95, 80, 7, 0]
Volume: 4.96
Cost: 48899
Route: [0, 77, 6, 63, 84, 58, 99, 72, 22, 4, 57, 0]
Volume: 5.0
Cost: 50030
Route: [0, 2, 43, 73, 81, 83, 26, 13, 46, 10, 44, 49, 82, 0]
Volume: 5.0
Cost: 68203
Route: [0, 8, 90, 0]
Volume: 3.7739
Cost: 32831
Route: [0, 74, 38, 23, 78, 68, 40, 31, 89, 54, 88, 50, 66, 39, 51, 79, 0]
Volume: 4.9641
Cost: 58654
Route: [0, 41, 67, 56, 35, 37, 61, 97, 29, 92, 0]
Volume: 4.992
Cost: 56427
Route: [0, 36, 96, 14, 93, 3, 75, 53, 87, 0]
Volume: 4.924
Cost: 53159
Route: [0, 64, 17, 27, 15, 33, 32, 59, 65, 76, 30, 0]
Volume: 4.88
Cost: 52369
Route: [0, 70, 48, 98, 16, 69, 62, 91, 0]
Volume: 4.918
Cost: 48559
Route: [0, 18, 42, 45, 60, 11, 1, 24, 34, 52, 47, 28, 0]
Volume: 4.974
Cost: 53914
Route: [0, 9, 25, 85, 20, 5, 94, 12, 71, 0]
Volume: 4.918
Cost: 50435
