OFV: 41905.0

Route: [0, 44, 95, 83, 0]
Volume: 4.16
Cost: 4095
Route: [0, 7, 59, 84, 16, 90, 82, 11, 28, 89, 0]
Volume: 4.4821
Cost: 5069
Route: [0, 73, 25, 10, 75, 18, 49, 43, 4, 87, 92, 19, 24, 0]
Volume: 4.964
Cost: 3261
Route: [0, 12, 72, 70, 78, 50, 71, 94, 61, 14, 63, 86, 57, 0]
Volume: 4.916
Cost: 3873
Route: [0, 30, 64, 96, 48, 2, 32, 79, 6, 38, 74, 0]
Volume: 4.9741
Cost: 3693
Route: [0, 88, 97, 9, 22, 65, 51, 60, 36, 37, 39, 31, 5, 0]
Volume: 4.8821
Cost: 3625
Route: [0, 69, 85, 46, 91, 42, 77, 0]
Volume: 4.826
Cost: 4428
Route: [0, 33, 81, 41, 8, 98, 35, 26, 27, 1, 99, 58, 45, 0]
Volume: 4.99
Cost: 6039
Route: [0, 76, 68, 62, 93, 66, 23, 3, 20, 67, 13, 55, 17, 0]
Volume: 4.964
Cost: 4077
Route: [0, 21, 29, 80, 15, 52, 53, 40, 54, 34, 47, 56, 0]
Volume: 4.874
Cost: 3745
