OFV: 80345.0

Route: [0, 244, 327, 452, 159, 147, 458, 236, 303, 318, 145, 175, 478, 34, 97, 28, 376, 132, 36, 102, 319, 151, 63, 497, 386, 40, 53, 20, 137, 436, 426, 131, 269, 367, 383, 307, 310, 279, 43, 330, 364, 149, 224, 453, 232, 354, 197, 488, 69, 120, 57, 335, 184, 47, 45, 465, 375, 110, 238, 378, 381, 183, 247, 479, 64, 300, 407, 223, 333, 19, 395, 176, 365, 103, 338, 210, 116, 122, 406, 203, 417, 98, 382, 466, 377, 231, 71, 429, 278, 440, 212, 84, 339, 397, 92, 419, 0]
Volume: 11.0053
Cost: 12783
Route: [0, 178, 161, 435, 82, 471, 387, 418, 460, 287, 337, 489, 308, 133, 171, 302, 396, 363, 299, 470, 139, 454, 280, 277, 388, 163, 404, 482, 62, 443, 213, 99, 322, 255, 150, 334, 391, 360, 323, 130, 439, 58, 347, 253, 328, 493, 408, 194, 296, 226, 80, 109, 188, 441, 51, 86, 312, 341, 165, 447, 274, 204, 13, 18, 313, 138, 249, 96, 218, 100, 156, 214, 260, 246, 292, 468, 288, 455, 225, 473, 29, 77, 68, 56, 220, 73, 332, 35, 403, 95, 283, 10, 355, 315, 5, 0]
Volume: 12.3786
Cost: 14634
Route: [0, 481, 140, 469, 67, 216, 295, 351, 211, 42, 494, 432, 160, 281, 409, 15, 125, 304, 420, 153, 474, 186, 89, 449, 496, 344, 193, 221, 398, 54, 348, 434, 362, 17, 61, 298, 237, 31, 172, 229, 123, 431, 41, 476, 258, 148, 115, 60, 198, 372, 271, 158, 498, 182, 128, 291, 483, 342, 267, 30, 59, 421, 208, 346, 241, 467, 22, 412, 119, 374, 179, 233, 399, 207, 228, 162, 164, 108, 33, 76, 195, 427, 356, 245, 268, 239, 370, 480, 206, 485, 200, 285, 273, 7, 349, 266, 495, 126, 380, 490, 23, 185, 0]
Volume: 12.3976
Cost: 14168
Route: [0, 169, 202, 457, 317, 107, 201, 251, 416, 87, 284, 136, 143, 6, 254, 78, 472, 392, 152, 401, 252, 196, 32, 121, 114, 264, 343, 499, 65, 234, 167, 21, 350, 4, 361, 141, 27, 289, 230, 272, 155, 353, 191, 445, 324, 320, 168, 433, 75, 293, 389, 415, 3, 205, 373, 11, 486, 127, 101, 192, 104, 424, 451, 111, 0]
Volume: 8.2732
Cost: 9612
Route: [0, 340, 240, 306, 219, 359, 170, 385, 400, 79, 1, 129, 38, 448, 462, 117, 321, 189, 46, 357, 243, 270, 81, 294, 325, 425, 345, 263, 311, 16, 112, 146, 492, 384, 414, 265, 410, 2, 105, 9, 113, 379, 142, 309, 336, 438, 423, 390, 437, 124, 369, 314, 166, 477, 106, 450, 187, 331, 181, 262, 118, 134, 72, 49, 177, 459, 290, 154, 52, 88, 242, 93, 368, 209, 402, 428, 180, 227, 305, 50, 475, 275, 215, 484, 430, 0]
Volume: 12.1931
Cost: 17907
Route: [0, 358, 74, 326, 90, 248, 144, 83, 456, 70, 261, 199, 316, 301, 394, 282, 297, 157, 39, 446, 411, 48, 24, 286, 26, 37, 276, 66, 14, 413, 235, 250, 259, 352, 442, 25, 393, 422, 55, 487, 91, 12, 366, 371, 135, 217, 257, 461, 85, 94, 329, 190, 464, 174, 256, 44, 405, 222, 491, 8, 173, 463, 444, 0]
Volume: 7.3111
Cost: 11241
