OFV: 111409.0

Route: [0, 271, 342, 291, 483, 421, 59, 30, 267, 128, 158, 498, 182, 198, 172, 229, 468, 288, 455, 225, 473, 29, 0]
Volume: 4.9791
Cost: 4685
Route: [0, 470, 264, 114, 343, 499, 65, 121, 32, 196, 234, 167, 350, 21, 478, 318, 401, 252, 430, 0]
Volume: 4.9701
Cost: 4282
Route: [0, 436, 131, 269, 367, 383, 62, 482, 388, 163, 404, 224, 149, 453, 43, 279, 90, 0]
Volume: 4.695
Cost: 4449
Route: [0, 324, 464, 174, 256, 44, 405, 222, 443, 93, 88, 242, 209, 368, 402, 428, 180, 305, 227, 492, 308, 0]
Volume: 4.939
Cost: 5882
Route: [0, 280, 407, 223, 333, 274, 365, 226, 80, 188, 441, 51, 86, 312, 341, 296, 493, 408, 194, 323, 451, 0]
Volume: 4.869
Cost: 4020
Route: [0, 330, 364, 301, 394, 282, 297, 157, 39, 261, 199, 0]
Volume: 4.8522
Cost: 2435
Route: [0, 74, 232, 354, 197, 488, 69, 57, 184, 47, 45, 110, 238, 465, 335, 375, 165, 447, 204, 18, 13, 454, 83, 0]
Volume: 4.799
Cost: 5362
Route: [0, 446, 276, 411, 286, 26, 37, 48, 19, 395, 116, 338, 210, 103, 176, 24, 66, 139, 171, 363, 396, 0]
Volume: 4.954
Cost: 4904
Route: [0, 358, 302, 414, 265, 410, 2, 105, 379, 162, 164, 108, 33, 76, 195, 427, 356, 268, 239, 491, 384, 0]
Volume: 4.8971
Cost: 4216
Route: [0, 422, 55, 487, 91, 12, 366, 371, 217, 257, 461, 85, 94, 329, 190, 135, 25, 393, 0]
Volume: 4.936
Cost: 3214
Route: [0, 326, 192, 104, 186, 449, 193, 344, 496, 221, 398, 54, 348, 434, 362, 17, 61, 298, 237, 31, 46, 357, 87, 0]
Volume: 4.8069
Cost: 4048
Route: [0, 459, 290, 154, 52, 120, 381, 378, 183, 247, 479, 64, 300, 313, 138, 249, 277, 316, 70, 456, 0]
Volume: 4.955
Cost: 6078
Route: [0, 448, 321, 189, 429, 278, 382, 98, 417, 241, 208, 346, 467, 22, 119, 412, 440, 212, 84, 0]
Volume: 4.9521
Cost: 4201
Route: [0, 211, 351, 42, 281, 125, 15, 409, 304, 420, 153, 474, 494, 432, 160, 469, 67, 216, 295, 0]
Volume: 4.937
Cost: 3395
Route: [0, 169, 133, 202, 457, 317, 416, 107, 201, 251, 299, 485, 200, 285, 273, 206, 480, 370, 444, 0]
Volume: 4.924
Cost: 2737
Route: [0, 424, 159, 147, 458, 236, 303, 145, 175, 34, 56, 220, 332, 73, 403, 95, 283, 0]
Volume: 4.9109
Cost: 2735
Route: [0, 213, 99, 322, 150, 334, 255, 391, 360, 130, 439, 58, 347, 253, 328, 109, 462, 117, 92, 0]
Volume: 4.4441
Cost: 4569
Route: [0, 413, 235, 250, 259, 352, 442, 415, 75, 320, 433, 168, 293, 389, 3, 205, 486, 11, 373, 127, 101, 244, 0]
Volume: 4.71
Cost: 4054
Route: [0, 340, 418, 460, 287, 337, 489, 471, 387, 82, 400, 79, 219, 359, 0]
Volume: 4.199
Cost: 981
Route: [0, 111, 173, 8, 463, 245, 9, 113, 399, 228, 233, 207, 374, 179, 142, 309, 336, 7, 349, 5, 0]
Volume: 4.7431
Cost: 4542
Route: [0, 178, 161, 435, 385, 170, 1, 129, 306, 284, 136, 143, 6, 254, 78, 472, 392, 10, 355, 315, 0]
Volume: 4.005
Cost: 1465
Route: [0, 475, 118, 262, 72, 49, 177, 134, 380, 490, 23, 215, 126, 266, 495, 50, 0]
Volume: 4.8549
Cost: 4712
Route: [0, 240, 38, 122, 466, 377, 231, 71, 406, 203, 243, 270, 81, 325, 294, 425, 89, 140, 345, 263, 311, 16, 112, 146, 0]
Volume: 4.6
Cost: 6816
Route: [0, 452, 152, 68, 77, 35, 97, 376, 28, 102, 151, 155, 272, 289, 230, 353, 191, 445, 419, 0]
Volume: 4.933
Cost: 4440
Route: [0, 327, 438, 423, 331, 181, 390, 437, 166, 314, 369, 477, 106, 450, 187, 124, 275, 185, 0]
Volume: 4.6471
Cost: 3782
Route: [0, 248, 96, 100, 218, 156, 214, 476, 41, 431, 123, 260, 246, 292, 258, 148, 115, 60, 372, 339, 397, 0]
Volume: 4.981
Cost: 4140
Route: [0, 144, 310, 307, 40, 53, 20, 63, 386, 497, 137, 132, 36, 319, 4, 361, 141, 27, 426, 14, 484, 481, 0]
Volume: 4.9822
Cost: 5265
