OFV: 445262.0

Route: [0, 20, 53, 59, 69, 52, 8, 48, 46, 51, 0]
Volume: 4.9
Cost: 53623
Route: [0, 25, 54, 43, 65, 27, 24, 13, 74, 12, 41, 56, 0]
Volume: 4.942
Cost: 67008
Route: [0, 63, 17, 64, 37, 45, 26, 49, 66, 47, 0]
Volume: 4.698
Cost: 52721
Route: [0, 42, 32, 3, 6, 50, 18, 22, 10, 30, 72, 15, 38, 21, 28, 71, 29, 0]
Volume: 4.914
Cost: 63660
Route: [0, 36, 44, 58, 33, 34, 2, 40, 7, 31, 68, 1, 14, 0]
Volume: 4.67
Cost: 70212
Route: [0, 70, 55, 57, 0]
Volume: 2.652
Cost: 37656
Route: [0, 73, 5, 16, 35, 39, 4, 11, 9, 23, 0]
Volume: 4.966
Cost: 47859
Route: [0, 60, 19, 61, 67, 62, 0]
Volume: 4.672
Cost: 52523
