OFV: 322728.0

Route: [0, 31, 2, 22, 79, 19, 38, 8, 74, 64, 0]
Volume: 4.84
Cost: 23364
Route: [0, 77, 88, 92, 86, 70, 43, 97, 84, 0]
Volume: 4.926
Cost: 29529
Route: [0, 91, 10, 96, 3, 27, 55, 52, 0]
Volume: 4.876
Cost: 26401
Route: [0, 98, 66, 56, 68, 11, 0]
Volume: 4.8539
Cost: 18490
Route: [0, 42, 24, 45, 53, 25, 29, 20, 0]
Volume: 4.96
Cost: 24950
Route: [0, 32, 57, 28, 83, 90, 9, 0]
Volume: 4.904
Cost: 23715
Route: [0, 73, 37, 23, 18, 65, 1, 58, 0]
Volume: 4.178
Cost: 28721
Route: [0, 14, 82, 50, 60, 89, 99, 49, 51, 48, 15, 0]
Volume: 4.926
Cost: 26885
Route: [0, 72, 17, 63, 59, 75, 16, 39, 81, 47, 41, 12, 0]
Volume: 4.632
Cost: 29791
Route: [0, 40, 46, 85, 76, 80, 34, 0]
Volume: 4.842
Cost: 20954
Route: [0, 78, 21, 44, 4, 87, 54, 13, 71, 36, 0]
Volume: 4.656
Cost: 31474
Route: [0, 26, 62, 35, 67, 94, 7, 69, 5, 30, 33, 61, 95, 6, 93, 0]
Volume: 4.8901
Cost: 38454
