OFV: 16173.0

Route: [0, 88, 11, 73, 56, 38, 83, 95, 33, 8, 41, 81, 98, 35, 26, 52, 60, 9, 22, 65, 51, 75, 13, 67, 55, 96, 48, 64, 2, 32, 76, 69, 57, 86, 80, 97, 28, 89, 0]
Volume: 11.8169
Cost: 7017
Route: [0, 30, 12, 72, 10, 49, 36, 15, 3, 62, 23, 99, 93, 39, 1, 78, 70, 50, 71, 94, 61, 79, 17, 68, 5, 16, 63, 19, 44, 25, 24, 0]
Volume: 7.807
Cost: 3986
Route: [0, 7, 58, 59, 21, 46, 91, 42, 31, 18, 40, 54, 34, 20, 27, 37, 87, 4, 43, 92, 53, 66, 29, 90, 82, 14, 6, 85, 84, 47, 45, 74, 77, 0]
Volume: 6.991
Cost: 5170
