OFV: 21281.0

Route: [0, 18, 70, 48, 98, 55, 94, 12, 84, 58, 21, 62, 19, 95, 63, 69, 91, 80, 16, 6, 77, 47, 34, 24, 52, 89, 31, 54, 38, 8, 0]
Volume: 11.8323
Cost: 4100
Route: [0, 44, 10, 97, 61, 29, 49, 82, 35, 37, 41, 67, 56, 74, 92, 7, 86, 9, 36, 64, 60, 51, 39, 79, 66, 0]
Volume: 11.126
Cost: 6526
Route: [0, 2, 43, 73, 81, 26, 83, 13, 46, 50, 20, 5, 71, 85, 25, 99, 72, 45, 22, 42, 4, 57, 0]
Volume: 12.1801
Cost: 6514
Route: [0, 32, 15, 33, 59, 65, 76, 30, 27, 17, 96, 14, 93, 3, 87, 53, 75, 11, 1, 78, 23, 68, 40, 88, 28, 90, 0]
Volume: 12.0921
Cost: 4141
