OFV: 10587.0

Route: [0, 80, 7, 93, 30, 58, 69, 79, 26, 19, 23, 29, 17, 67, 74, 14, 32, 55, 20, 1, 18, 54, 83, 57, 85, 70, 25, 43, 34, 82, 64, 10, 48, 98, 89, 75, 24, 56, 40, 68, 37, 87, 0]
Volume: 4.239
Cost: 2484
Route: [0, 22, 46, 97, 36, 63, 31, 92, 77, 88, 21, 71, 9, 73, 53, 45, 51, 3, 41, 42, 13, 84, 6, 62, 47, 44, 49, 95, 8, 39, 60, 66, 0]
Volume: 4.1812
Cost: 4221
Route: [0, 12, 65, 86, 76, 78, 52, 15, 2, 90, 4, 96, 16, 35, 59, 94, 33, 5, 27, 61, 91, 72, 11, 50, 99, 38, 81, 28, 0]
Volume: 4.0326
Cost: 3882
