OFV: 230445.0

Route: [0, 84, 91, 24, 73, 37, 23, 95, 82, 50, 14, 60, 89, 66, 68, 56, 99, 49, 51, 48, 15, 98, 0]
Volume: 4.975
Cost: 42767
Route: [0, 34, 26, 62, 35, 67, 69, 7, 94, 5, 30, 33, 61, 1, 58, 6, 93, 31, 9, 11, 0]
Volume: 4.953
Cost: 46855
Route: [0, 64, 77, 88, 92, 86, 70, 43, 97, 10, 96, 3, 27, 55, 53, 45, 25, 29, 20, 78, 57, 28, 0]
Volume: 4.983
Cost: 49712
Route: [0, 32, 90, 83, 18, 65, 44, 21, 4, 87, 54, 13, 71, 36, 2, 22, 79, 19, 38, 42, 8, 74, 0]
Volume: 4.99
Cost: 44252
Route: [0, 40, 46, 85, 76, 80, 72, 17, 63, 59, 75, 16, 39, 81, 52, 47, 41, 12, 0]
Volume: 4.882
Cost: 46859
