OFV: 289195.0

Route: [0, 15, 7, 51, 66, 62, 70, 1, 86, 83, 88, 90, 80, 21, 32, 38, 29, 67, 31, 48, 2, 14, 63, 81, 16, 35, 27, 13, 91, 85, 12, 64, 23, 28, 52, 92, 24, 45, 26, 49, 9, 50, 59, 11, 56, 0]
Volume: 4.7385
Cost: 99576
Route: [0, 8, 74, 53, 77, 44, 37, 55, 34, 78, 3, 61, 97, 6, 58, 20, 40, 69, 89, 5, 17, 87, 43, 65, 75, 98, 73, 68, 47, 4, 42, 36, 95, 46, 0]
Volume: 4.256
Cost: 105858
Route: [0, 93, 60, 57, 39, 18, 76, 25, 22, 10, 72, 30, 94, 41, 99, 54, 84, 96, 19, 71, 79, 82, 33, 0]
Volume: 3.957
Cost: 83761
