OFV: 415630.0

Route: [0, 34, 53, 15, 49, 5, 58, 97, 90, 29, 6, 57, 96, 4, 56, 25, 0]
Volume: 4.9561
Cost: 41605
Route: [0, 14, 84, 64, 66, 83, 28, 37, 69, 46, 82, 35, 88, 0]
Volume: 4.48
Cost: 47744
Route: [0, 2, 22, 67, 3, 26, 80, 54, 0]
Volume: 4.8761
Cost: 39654
Route: [0, 77, 44, 31, 11, 20, 0]
Volume: 2.76
Cost: 34947
Route: [0, 63, 8, 40, 45, 91, 52, 86, 89, 70, 73, 0]
Volume: 4.9501
Cost: 51889
Route: [0, 81, 32, 87, 9, 43, 23, 0]
Volume: 4.38
Cost: 35738
Route: [0, 19, 16, 60, 68, 17, 72, 18, 78, 27, 7, 38, 94, 0]
Volume: 4.9961
Cost: 43070
Route: [0, 75, 39, 98, 21, 99, 1, 59, 12, 93, 48, 71, 76, 85, 0]
Volume: 4.926
Cost: 42055
Route: [0, 50, 74, 36, 95, 51, 24, 61, 55, 92, 62, 0]
Volume: 3.7159
Cost: 38710
Route: [0, 30, 65, 79, 13, 41, 42, 47, 10, 33, 0]
Volume: 4.766
Cost: 40218
