OFV: 47757.0

Route: [0, 165, 66, 16, 199, 173, 246, 148, 27, 177, 2, 6, 247, 43, 139, 182, 166, 93, 85, 183, 122, 216, 121, 14, 24, 32, 91, 81, 71, 157, 118, 0]
Volume: 3.6755
Cost: 6872
Route: [0, 162, 248, 68, 99, 212, 164, 168, 23, 203, 56, 231, 7, 241, 35, 151, 38, 107, 44, 74, 54, 153, 232, 175, 57, 137, 129, 8, 233, 249, 217, 147, 198, 1, 167, 113, 96, 77, 194, 31, 133, 39, 206, 169, 65, 0]
Volume: 4.5711
Cost: 6048
Route: [0, 213, 87, 103, 234, 170, 191, 50, 125, 142, 62, 101, 60, 223, 240, 184, 135, 138, 37, 5, 116, 120, 90, 20, 46, 34, 150, 130, 236, 18, 94, 144, 207, 202, 59, 3, 136, 196, 30, 0]
Volume: 4.5976
Cost: 6751
Route: [0, 176, 193, 48, 13, 205, 238, 75, 69, 235, 9, 131, 221, 19, 197, 10, 237, 200, 36, 25, 73, 158, 156, 41, 161, 11, 22, 149, 53, 132, 17, 79, 209, 210, 42, 224, 245, 105, 159, 15, 112, 219, 134, 0]
Volume: 4.6135
Cost: 7249
Route: [0, 82, 92, 192, 201, 155, 114, 163, 187, 78, 49, 145, 52, 76, 102, 146, 225, 188, 215, 244, 126, 208, 58, 239, 226, 154, 186, 97, 174, 108, 84, 228, 21, 189, 179, 185, 98, 117, 83, 0]
Volume: 4.7931
Cost: 8142
Route: [0, 109, 243, 172, 218, 222, 89, 111, 33, 51, 106, 63, 55, 80, 211, 67, 190, 140, 230, 229, 227, 86, 88, 95, 204, 119, 178, 115, 26, 72, 29, 61, 64, 28, 0]
Volume: 4.7396
Cost: 6853
Route: [0, 171, 47, 70, 4, 242, 110, 180, 40, 195, 45, 100, 152, 143, 214, 141, 127, 181, 124, 160, 123, 220, 12, 104, 128, 0]
Volume: 2.703
Cost: 5842
