OFV: 508867.0

Route: [0, 22, 402, 492, 151, 327, 35, 63, 179, 355, 126, 243, 102, 236, 491, 85, 125, 201, 299, 439, 297, 471, 401, 133, 267, 281, 390, 218, 90, 13, 377, 300, 247, 132, 118, 50, 123, 279, 496, 456, 140, 163, 420, 351, 143, 350, 196, 461, 278, 394, 356, 194, 164, 415, 485, 60, 393, 483, 251, 183, 455, 389, 253, 20, 314, 68, 237, 25, 369, 30, 146, 214, 150, 44, 385, 92, 336, 416, 323, 53, 84, 105, 65, 190, 449, 213, 107, 368, 338, 0]
Volume: 11.5891
Cost: 80712
Route: [0, 313, 264, 0]
Volume: 0.3415
Cost: 6260
Route: [0, 219, 197, 204, 280, 95, 11, 274, 32, 165, 38, 372, 170, 450, 286, 487, 57, 159, 48, 309, 172, 410, 166, 326, 106, 333, 298, 112, 328, 268, 295, 460, 75, 167, 116, 388, 59, 1, 477, 302, 101, 238, 31, 119, 82, 215, 221, 315, 272, 130, 252, 198, 318, 334, 77, 207, 233, 468, 441, 413, 319, 322, 193, 171, 348, 256, 176, 481, 358, 47, 412, 473, 154, 228, 405, 235, 108, 408, 494, 301, 55, 275, 17, 4, 73, 399, 155, 425, 70, 432, 128, 357, 242, 379, 305, 23, 43, 367, 40, 404, 363, 117, 110, 9, 282, 78, 444, 454, 349, 288, 0]
Volume: 11.5436
Cost: 115959
Route: [0, 186, 331, 80, 396, 484, 87, 290, 206, 148, 426, 109, 266, 19, 307, 397, 45, 386, 486, 184, 427, 263, 304, 387, 52, 445, 175, 222, 310, 29, 144, 317, 311, 248, 39, 177, 231, 383, 380, 262, 192, 156, 137, 141, 61, 423, 332, 223, 403, 320, 174, 208, 121, 479, 443, 89, 283, 157, 352, 97, 409, 220, 296, 209, 202, 438, 195, 21, 131, 246, 15, 321, 149, 225, 185, 234, 406, 273, 499, 361, 42, 153, 26, 12, 98, 187, 203, 10, 257, 224, 227, 0]
Volume: 11.6083
Cost: 83518
Route: [0, 384, 435, 3, 341, 457, 7, 465, 447, 362, 488, 360, 33, 122, 489, 392, 182, 226, 5, 41, 212, 241, 472, 67, 381, 216, 464, 345, 452, 2, 250, 391, 261, 86, 364, 414, 24, 476, 173, 72, 58, 265, 127, 475, 46, 469, 210, 260, 343, 271, 115, 270, 448, 124, 239, 400, 147, 120, 180, 229, 354, 142, 419, 446, 303, 398, 6, 100, 374, 69, 378, 382, 429, 342, 407, 366, 421, 28, 217, 34, 339, 376, 134, 64, 495, 287, 161, 71, 462, 269, 181, 188, 308, 375, 498, 96, 467, 139, 51, 91, 329, 160, 395, 0]
Volume: 12.35
Cost: 117862
Route: [0, 474, 18, 168, 437, 79, 93, 277, 138, 66, 111, 113, 244, 249, 312, 54, 337, 285, 418, 346, 453, 359, 365, 330, 94, 497, 14, 62, 103, 458, 463, 16, 434, 316, 373, 189, 104, 255, 258, 306, 478, 430, 8, 152, 347, 493, 459, 245, 49, 240, 428, 199, 200, 56, 81, 254, 422, 169, 99, 490, 451, 76, 158, 83, 88, 259, 291, 482, 129, 466, 433, 27, 293, 135, 470, 411, 324, 114, 442, 37, 431, 162, 436, 294, 276, 325, 353, 480, 36, 136, 417, 211, 284, 230, 335, 370, 178, 289, 145, 232, 344, 424, 74, 205, 440, 191, 340, 292, 371, 0]
Volume: 12.0004
Cost: 104556
