OFV: 70180.0

Route: [0, 176, 140, 101, 213, 79, 208, 166, 111, 224, 0]
Volume: 4.468
Cost: 1876
Route: [0, 207, 75, 157, 200, 163, 0]
Volume: 4.312
Cost: 1348
Route: [0, 74, 143, 96, 88, 29, 55, 132, 95, 0]
Volume: 4.994
Cost: 2215
Route: [0, 235, 138, 190, 142, 174, 50, 82, 210, 205, 144, 167, 4, 21, 212, 181, 141, 169, 0]
Volume: 4.874
Cost: 4038
Route: [0, 89, 58, 137, 78, 133, 130, 107, 241, 33, 119, 77, 0]
Volume: 4.908
Cost: 2750
Route: [0, 159, 31, 39, 172, 44, 221, 11, 106, 0]
Volume: 4.884
Cost: 3249
Route: [0, 182, 9, 25, 209, 162, 15, 64, 52, 27, 73, 32, 0]
Volume: 4.968
Cost: 2106
Route: [0, 13, 240, 24, 204, 84, 216, 68, 109, 46, 147, 125, 243, 102, 158, 0]
Volume: 4.88
Cost: 4677
Route: [0, 7, 19, 195, 47, 248, 17, 8, 236, 220, 0]
Volume: 4.686
Cost: 1718
Route: [0, 238, 168, 230, 156, 153, 93, 131, 100, 186, 28, 98, 151, 146, 0]
Volume: 4.9801
Cost: 5198
Route: [0, 191, 226, 222, 214, 228, 43, 116, 187, 0]
Volume: 4.762
Cost: 1969
Route: [0, 104, 86, 215, 60, 0]
Volume: 4.972
Cost: 1949
Route: [0, 35, 203, 65, 218, 63, 196, 197, 139, 202, 6, 69, 14, 38, 0]
Volume: 4.302
Cost: 3219
Route: [0, 113, 37, 126, 76, 177, 117, 23, 229, 112, 244, 154, 150, 199, 171, 34, 161, 1, 0]
Volume: 4.8219
Cost: 3193
Route: [0, 48, 85, 53, 178, 54, 103, 193, 184, 201, 165, 148, 0]
Volume: 4.9682
Cost: 2847
Route: [0, 91, 12, 45, 225, 173, 180, 30, 97, 246, 16, 0]
Volume: 4.988
Cost: 4567
Route: [0, 179, 41, 249, 51, 242, 40, 71, 72, 99, 145, 185, 211, 217, 92, 0]
Volume: 4.9521
Cost: 2855
Route: [0, 122, 67, 22, 170, 87, 56, 5, 232, 206, 36, 66, 114, 192, 0]
Volume: 4.9359
Cost: 4937
Route: [0, 149, 164, 18, 10, 118, 136, 90, 183, 129, 237, 20, 59, 0]
Volume: 4.97
Cost: 3121
Route: [0, 189, 70, 194, 110, 80, 105, 239, 0]
Volume: 4.88
Cost: 2075
Route: [0, 123, 135, 127, 83, 94, 2, 62, 188, 108, 120, 42, 81, 57, 0]
Volume: 4.986
Cost: 2634
Route: [0, 49, 231, 124, 227, 121, 152, 219, 233, 234, 3, 0]
Volume: 4.9661
Cost: 3571
Route: [0, 26, 198, 134, 115, 128, 160, 223, 175, 61, 247, 155, 245, 0]
Volume: 4.942
Cost: 4068
