OFV: 147163.0

Route: [0, 103, 201, 178, 107, 136, 138, 32, 422, 117, 230, 215, 0]
Volume: 4.974
Cost: 2504
Route: [0, 404, 71, 396, 492, 364, 161, 385, 435, 16, 109, 0]
Volume: 4.8021
Cost: 3039
Route: [0, 124, 177, 292, 327, 92, 193, 149, 128, 481, 475, 0]
Volume: 4.95
Cost: 2803
Route: [0, 52, 253, 46, 465, 263, 472, 470, 154, 0]
Volume: 4.844
Cost: 2296
Route: [0, 238, 188, 409, 144, 50, 150, 160, 280, 0]
Volume: 4.81
Cost: 2926
Route: [0, 329, 377, 414, 446, 0]
Volume: 4.8219
Cost: 3131
Route: [0, 301, 284, 313, 243, 358, 337, 386, 0]
Volume: 2.64
Cost: 2604
Route: [0, 468, 419, 260, 140, 139, 36, 408, 137, 296, 79, 0]
Volume: 4.984
Cost: 2671
Route: [0, 369, 490, 341, 315, 78, 236, 384, 257, 3, 64, 273, 17, 366, 0]
Volume: 4.752
Cost: 2757
Route: [0, 374, 277, 168, 466, 127, 186, 397, 438, 376, 439, 174, 221, 270, 350, 250, 0]
Volume: 4.8681
Cost: 2824
Route: [0, 424, 402, 453, 320, 55, 153, 307, 184, 0]
Volume: 4.966
Cost: 2795
Route: [0, 355, 187, 268, 2, 394, 393, 274, 495, 0]
Volume: 4.912
Cost: 3221
Route: [0, 114, 25, 298, 53, 26, 328, 97, 265, 407, 148, 0]
Volume: 4.842
Cost: 3140
Route: [0, 336, 456, 445, 13, 429, 437, 365, 175, 102, 121, 288, 88, 1, 0]
Volume: 4.8621
Cost: 2460
Route: [0, 247, 57, 379, 73, 474, 226, 141, 162, 0]
Volume: 4.784
Cost: 3051
Route: [0, 487, 447, 76, 330, 293, 234, 0]
Volume: 4.854
Cost: 2861
Route: [0, 415, 86, 259, 261, 458, 496, 360, 170, 180, 311, 431, 44, 98, 0]
Volume: 4.902
Cost: 2504
Route: [0, 111, 428, 104, 335, 321, 211, 304, 242, 421, 0]
Volume: 4.508
Cost: 2390
Route: [0, 479, 89, 205, 316, 24, 319, 189, 33, 29, 371, 459, 100, 0]
Volume: 4.818
Cost: 2828
Route: [0, 455, 283, 45, 248, 486, 471, 56, 314, 0]
Volume: 4.998
Cost: 2808
Route: [0, 105, 9, 208, 41, 410, 269, 96, 478, 494, 460, 93, 216, 338, 0]
Volume: 4.984
Cost: 3220
Route: [0, 349, 163, 40, 241, 158, 302, 239, 0]
Volume: 4.912
Cost: 4150
Route: [0, 488, 200, 213, 441, 370, 312, 454, 297, 232, 433, 399, 267, 367, 0]
Volume: 4.842
Cost: 3032
Route: [0, 406, 499, 192, 190, 185, 14, 440, 0]
Volume: 4.712
Cost: 2460
Route: [0, 115, 324, 326, 347, 342, 484, 449, 101, 266, 334, 72, 462, 0]
Volume: 4.9921
Cost: 3085
Route: [0, 197, 126, 143, 443, 332, 285, 69, 434, 372, 0]
Volume: 4.998
Cost: 2595
Route: [0, 387, 119, 204, 246, 418, 207, 323, 354, 220, 82, 308, 464, 351, 212, 59, 0]
Volume: 4.954
Cost: 2528
Route: [0, 294, 224, 390, 322, 48, 485, 203, 0]
Volume: 4.9801
Cost: 3165
Route: [0, 251, 123, 182, 21, 279, 344, 491, 68, 0]
Volume: 4.292
Cost: 2817
Route: [0, 134, 300, 244, 176, 310, 289, 271, 240, 84, 95, 0]
Volume: 4.91
Cost: 2491
Route: [0, 214, 171, 416, 22, 191, 94, 476, 229, 132, 255, 0]
Volume: 4.736
Cost: 2955
Route: [0, 333, 352, 299, 18, 276, 493, 317, 432, 411, 222, 27, 87, 67, 0]
Volume: 4.882
Cost: 2538
Route: [0, 199, 444, 450, 400, 467, 156, 282, 194, 348, 286, 179, 135, 0]
Volume: 4.968
Cost: 3021
Route: [0, 340, 155, 425, 426, 345, 0]
Volume: 4.666
Cost: 2896
Route: [0, 278, 118, 83, 99, 368, 159, 262, 420, 0]
Volume: 4.754
Cost: 2609
Route: [0, 195, 4, 217, 7, 11, 20, 30, 237, 108, 0]
Volume: 4.92
Cost: 2621
Route: [0, 339, 145, 112, 356, 381, 303, 477, 51, 0]
Volume: 4.8981
Cost: 3038
Route: [0, 5, 147, 290, 427, 305, 218, 287, 35, 130, 10, 457, 0]
Volume: 4.68
Cost: 2869
Route: [0, 231, 63, 65, 8, 228, 252, 28, 417, 436, 0]
Volume: 4.892
Cost: 2792
Route: [0, 120, 167, 227, 405, 375, 264, 39, 448, 380, 254, 275, 0]
Volume: 4.6881
Cost: 2523
Route: [0, 77, 43, 225, 256, 219, 34, 318, 258, 469, 85, 0]
Volume: 4.6679
Cost: 2708
Route: [0, 166, 452, 116, 173, 210, 125, 172, 62, 398, 47, 15, 0]
Volume: 4.712
Cost: 2803
Route: [0, 430, 382, 131, 31, 391, 373, 42, 383, 392, 388, 480, 361, 359, 306, 0]
Volume: 4.9921
Cost: 2720
Route: [0, 165, 209, 74, 61, 497, 0]
Volume: 4.4841
Cost: 3013
Route: [0, 110, 91, 81, 23, 309, 489, 54, 378, 473, 412, 75, 0]
Volume: 4.948
Cost: 2732
Route: [0, 206, 58, 113, 142, 331, 169, 401, 483, 353, 202, 183, 0]
Volume: 4.814
Cost: 2841
Route: [0, 272, 389, 362, 12, 0]
Volume: 4.8939
Cost: 2365
Route: [0, 423, 395, 19, 357, 49, 151, 196, 164, 80, 0]
Volume: 4.8301
Cost: 2856
Route: [0, 129, 60, 122, 38, 281, 482, 451, 295, 0]
Volume: 4.7961
Cost: 3558
Route: [0, 363, 90, 70, 66, 249, 346, 245, 0]
Volume: 4.834
Cost: 3053
Route: [0, 325, 233, 442, 6, 133, 235, 106, 198, 146, 291, 0]
Volume: 4.864
Cost: 2955
Route: [0, 343, 37, 413, 463, 403, 461, 152, 498, 223, 181, 157, 0]
Volume: 4.9141
Cost: 2541
