OFV: 600624.0

Route: [0, 409, 129, 212, 457, 142, 56, 207, 14, 374, 402, 139, 38, 135, 162, 329, 353, 62, 213, 157, 357, 228, 293, 47, 269, 336, 27, 252, 407, 417, 198, 133, 12, 122, 109, 32, 54, 225, 468, 22, 246, 179, 64, 436, 473, 377, 316, 255, 233, 172, 300, 444, 17, 44, 270, 177, 48, 97, 320, 245, 256, 454, 324, 93, 100, 348, 492, 121, 82, 389, 197, 338, 216, 196, 494, 448, 390, 285, 244, 493, 185, 315, 465, 26, 171, 92, 281, 395, 58, 78, 211, 238, 430, 362, 174, 220, 243, 183, 195, 7, 30, 131, 72, 46, 0]
Volume: 12.4042
Cost: 163252
Route: [0, 178, 460, 18, 199, 34, 346, 258, 184, 350, 60, 309, 428, 408, 397, 248, 53, 455, 381, 224, 392, 91, 191, 449, 203, 342, 11, 283, 8, 235, 148, 130, 319, 127, 313, 327, 367, 180, 385, 424, 437, 209, 387, 166, 107, 158, 169, 358, 298, 190, 463, 302, 261, 112, 393, 482, 167, 265, 153, 479, 474, 339, 318, 478, 396, 476, 19, 484, 467, 433, 63, 356, 388, 118, 108, 202, 450, 152, 439, 360, 188, 307, 173, 401, 159, 427, 268, 74, 299, 466, 68, 423, 485, 464, 0]
Volume: 11.2598
Cost: 96913
Route: [0, 234, 86, 276, 305, 361, 344, 37, 438, 75, 201, 331, 317, 163, 295, 4, 435, 187, 375, 290, 341, 119, 289, 416, 16, 413, 99, 271, 120, 161, 308, 52, 499, 150, 214, 429, 175, 382, 242, 340, 126, 132, 292, 343, 288, 141, 421, 419, 223, 480, 50, 1, 391, 469, 369, 314, 24, 110, 218, 103, 321, 239, 114, 5, 149, 116, 59, 40, 250, 217, 89, 431, 43, 349, 124, 208, 379, 371, 164, 496, 76, 154, 230, 2, 472, 146, 272, 279, 42, 181, 57, 29, 194, 422, 412, 251, 49, 128, 280, 487, 434, 378, 345, 210, 85, 462, 0]
Volume: 12.4777
Cost: 107224
Route: [0, 470, 263, 282, 229, 445, 394, 286, 461, 83, 368, 10, 156, 222, 87, 111, 406, 81, 138, 334, 373, 204, 115, 51, 260, 101, 410, 415, 200, 304, 404, 145, 20, 170, 400, 69, 189, 113, 274, 21, 219, 186, 420, 355, 277, 257, 35, 497, 73, 36, 323, 483, 66, 296, 231, 94, 23, 297, 264, 399, 176, 332, 275, 335, 441, 267, 453, 405, 372, 77, 15, 380, 61, 232, 495, 284, 322, 366, 39, 452, 143, 125, 88, 102, 414, 28, 440, 266, 489, 96, 227, 384, 168, 376, 278, 471, 67, 259, 206, 31, 0]
Volume: 11.8816
Cost: 111542
Route: [0, 105, 359, 136, 262, 45, 237, 123, 193, 443, 104, 13, 287, 351, 326, 294, 221, 134, 144, 192, 310, 491, 253, 403, 291, 226, 6, 352, 365, 363, 325, 490, 425, 95, 370, 488, 311, 498, 147, 215, 333, 84, 386, 3, 432, 475, 446, 160, 442, 447, 137, 165, 426, 411, 337, 481, 459, 354, 236, 9, 33, 418, 55, 65, 451, 330, 398, 71, 240, 117, 140, 41, 205, 312, 301, 477, 458, 70, 151, 90, 456, 247, 155, 306, 254, 79, 80, 383, 182, 486, 249, 328, 364, 347, 273, 241, 303, 25, 106, 98, 0]
Volume: 11.1977
Cost: 121693
