OFV: 904537.0

Route: [0, 343, 45, 153, 3, 64, 273, 391, 279, 21, 182, 409, 286, 348, 282, 194, 467, 156, 450, 400, 204, 246, 418, 82, 354, 207, 220, 323, 351, 464, 308, 377, 329, 414, 172, 446, 440, 0]
Volume: 4.9975
Cost: 63361
Route: [0, 374, 424, 250, 436, 105, 75, 291, 303, 277, 254, 402, 22, 133, 155, 186, 43, 382, 249, 477, 17, 248, 171, 426, 324, 471, 65, 434, 469, 87, 427, 305, 218, 287, 290, 423, 0]
Volume: 4.5956
Cost: 71090
Route: [0, 406, 214, 55, 257, 50, 144, 388, 361, 480, 328, 496, 170, 259, 401, 483, 353, 36, 319, 139, 140, 24, 260, 408, 137, 189, 33, 297, 29, 371, 398, 474, 226, 117, 422, 341, 498, 420, 183, 0]
Volume: 4.9888
Cost: 67081
Route: [0, 387, 134, 223, 104, 211, 352, 14, 470, 9, 86, 428, 300, 147, 212, 262, 88, 177, 167, 267, 394, 274, 393, 495, 367, 268, 399, 2, 162, 355, 79, 95, 0]
Volume: 4.9801
Cost: 55783
Route: [0, 124, 120, 363, 184, 90, 66, 206, 499, 321, 304, 69, 285, 335, 332, 292, 149, 92, 193, 327, 128, 481, 475, 1, 103, 421, 111, 369, 5, 100, 0]
Volume: 4.3635
Cost: 53913
Route: [0, 110, 488, 202, 444, 37, 490, 412, 119, 253, 73, 125, 4, 433, 102, 31, 384, 62, 373, 200, 179, 141, 126, 164, 152, 47, 123, 201, 283, 392, 383, 42, 237, 230, 315, 70, 135, 0]
Volume: 4.9889
Cost: 66583
Route: [0, 336, 59, 108, 239, 224, 255, 294, 491, 68, 251, 157, 166, 280, 160, 114, 455, 199, 460, 93, 216, 209, 435, 16, 109, 0]
Volume: 3.3251
Cost: 52539
Route: [0, 404, 12, 362, 389, 272, 396, 492, 71, 161, 364, 385, 497, 74, 61, 338, 337, 386, 358, 301, 313, 284, 243, 0]
Volume: 3.2955
Cost: 47211
Route: [0, 115, 231, 63, 314, 56, 457, 10, 130, 430, 129, 462, 60, 122, 295, 270, 486, 127, 466, 168, 235, 397, 425, 438, 417, 252, 28, 8, 228, 174, 221, 340, 38, 145, 112, 356, 51, 85, 0]
Volume: 4.8151
Cost: 63841
Route: [0, 52, 346, 247, 245, 359, 89, 456, 459, 307, 44, 316, 91, 344, 320, 443, 20, 296, 57, 452, 368, 390, 132, 181, 188, 32, 25, 302, 53, 150, 419, 58, 360, 431, 311, 180, 458, 261, 379, 468, 215, 0]
Volume: 4.9705
Cost: 70563
Route: [0, 165, 349, 113, 142, 331, 407, 265, 148, 97, 40, 241, 163, 158, 26, 169, 118, 23, 54, 41, 410, 309, 473, 378, 489, 81, 478, 96, 269, 208, 116, 173, 210, 205, 232, 454, 213, 441, 312, 370, 159, 217, 11, 7, 0]
Volume: 4.9256
Cost: 86178
Route: [0, 447, 330, 76, 487, 325, 233, 381, 293, 106, 442, 198, 376, 6, 84, 439, 350, 72, 146, 35, 326, 347, 484, 449, 222, 27, 405, 227, 375, 264, 380, 39, 448, 395, 19, 357, 196, 49, 151, 197, 195, 345, 98, 275, 77, 372, 0]
Volume: 4.919
Cost: 72344
Route: [0, 48, 203, 322, 485, 298, 83, 99, 192, 190, 185, 461, 107, 403, 463, 138, 413, 136, 178, 143, 30, 121, 288, 175, 365, 437, 429, 445, 13, 236, 78, 476, 229, 94, 191, 494, 278, 479, 333, 415, 306, 0]
Volume: 4.8662
Cost: 71632
Route: [0, 234, 67, 339, 281, 482, 451, 416, 342, 101, 411, 432, 334, 266, 299, 18, 276, 317, 493, 242, 258, 34, 318, 271, 219, 240, 225, 256, 289, 244, 310, 176, 472, 46, 263, 465, 131, 453, 187, 15, 80, 238, 366, 154, 0]
Volume: 4.9701
Cost: 62418
