OFV: 22171.0

Route: [0, 72, 10, 2, 52, 80, 22, 50, 91, 0]
Volume: 4.96
Cost: 1528
Route: [0, 57, 27, 23, 32, 68, 5, 34, 93, 43, 69, 92, 73, 0]
Volume: 4.954
Cost: 3163
Route: [0, 84, 55, 89, 45, 14, 66, 54, 75, 35, 71, 58, 86, 18, 0]
Volume: 4.93
Cost: 2598
Route: [0, 87, 20, 1, 4, 96, 51, 81, 44, 17, 0]
Volume: 4.9361
Cost: 2023
Route: [0, 33, 29, 40, 6, 53, 99, 59, 79, 64, 0]
Volume: 4.982
Cost: 2030
Route: [0, 12, 30, 63, 88, 62, 77, 16, 70, 74, 15, 21, 90, 0]
Volume: 4.868
Cost: 2207
Route: [0, 94, 38, 56, 24, 41, 67, 37, 25, 61, 11, 0]
Volume: 4.976
Cost: 2695
Route: [0, 47, 83, 36, 65, 39, 28, 0]
Volume: 4.938
Cost: 2323
Route: [0, 8, 78, 49, 19, 42, 3, 46, 85, 82, 9, 95, 0]
Volume: 4.98
Cost: 2205
Route: [0, 48, 60, 7, 76, 98, 97, 13, 31, 26, 0]
Volume: 4.89
Cost: 1399
