OFV: 710691.0

Route: [0, 134, 40, 198, 151, 113, 154, 96, 244, 115, 141, 80, 93, 19, 103, 72, 76, 25, 183, 163, 12, 18, 128, 133, 235, 35, 62, 215, 0]
Volume: 12.4801
Cost: 76573
Route: [0, 233, 33, 57, 247, 58, 224, 81, 194, 71, 248, 82, 192, 119, 165, 16, 78, 142, 31, 223, 222, 213, 131, 32, 55, 120, 209, 193, 7, 105, 0]
Volume: 12.4881
Cost: 73853
Route: [0, 136, 241, 140, 238, 126, 190, 181, 211, 60, 164, 161, 246, 249, 6, 84, 219, 50, 4, 88, 205, 124, 0]
Volume: 11.298
Cost: 46963
Route: [0, 41, 243, 204, 47, 184, 109, 188, 158, 15, 2, 185, 148, 8, 144, 229, 225, 0]
Volume: 9.9001
Cost: 62494
Route: [0, 10, 102, 212, 218, 77, 203, 186, 63, 127, 107, 99, 242, 92, 175, 68, 108, 245, 5, 13, 214, 26, 112, 0]
Volume: 12.114
Cost: 48859
Route: [0, 79, 139, 38, 138, 95, 3, 11, 206, 167, 23, 74, 132, 145, 199, 90, 177, 220, 73, 51, 36, 0]
Volume: 9.406
Cost: 60337
Route: [0, 9, 22, 91, 150, 104, 130, 216, 178, 111, 171, 29, 37, 231, 201, 210, 21, 27, 114, 86, 176, 125, 52, 44, 49, 54, 162, 0]
Volume: 12.266
Cost: 63886
Route: [0, 59, 217, 232, 65, 200, 14, 69, 146, 123, 227, 191, 174, 234, 117, 208, 149, 172, 182, 207, 156, 0]
Volume: 12.3599
Cost: 69828
Route: [0, 118, 83, 24, 228, 240, 121, 116, 66, 39, 137, 122, 226, 97, 94, 230, 56, 64, 20, 195, 0]
Volume: 12.414
Cost: 76659
Route: [0, 159, 202, 89, 166, 30, 221, 61, 157, 87, 147, 106, 34, 17, 189, 179, 153, 173, 42, 196, 75, 180, 152, 239, 160, 43, 168, 45, 135, 85, 46, 53, 0]
Volume: 12.288
Cost: 70601
Route: [0, 48, 1, 28, 169, 98, 170, 100, 155, 129, 237, 101, 187, 236, 110, 143, 70, 197, 67, 0]
Volume: 11.99
Cost: 60638
