OFV: 115582.0

Route: [0, 52, 24, 17, 2, 51, 31, 36, 43, 25, 26, 13, 5, 80, 16, 18, 76, 92, 27, 42, 61, 81, 67, 45, 35, 11, 29, 4, 7, 9, 59, 8, 78, 56, 40, 71, 85, 77, 46, 89, 57, 75, 10, 0]
Volume: 4.7705
Cost: 53551
Route: [0, 73, 37, 48, 32, 74, 68, 23, 95, 39, 84, 28, 64, 90, 86, 15, 19, 69, 1, 99, 33, 91, 62, 49, 97, 88, 87, 66, 53, 79, 65, 44, 21, 54, 3, 82, 63, 93, 0]
Volume: 4.5125
Cost: 41977
Route: [0, 22, 50, 72, 34, 55, 58, 41, 60, 96, 98, 20, 6, 12, 70, 30, 14, 47, 94, 83, 38, 0]
Volume: 2.3395
Cost: 20054
