OFV: 938741.0

Route: [0, 105, 128, 194, 422, 379, 477, 458, 164, 496, 371, 154, 76, 374, 402, 207, 14, 56, 230, 2, 472, 254, 80, 79, 383, 280, 486, 249, 328, 273, 241, 364, 303, 347, 25, 106, 98, 0]
Volume: 4.651
Cost: 73382
Route: [0, 159, 75, 201, 331, 163, 317, 23, 94, 297, 231, 215, 333, 425, 370, 488, 311, 498, 147, 275, 335, 441, 267, 453, 365, 325, 363, 405, 490, 446, 103, 108, 259, 0]
Volume: 4.9181
Cost: 62042
Route: [0, 470, 19, 337, 314, 6, 352, 292, 343, 288, 141, 421, 419, 93, 348, 97, 177, 48, 100, 320, 245, 256, 454, 324, 492, 270, 17, 44, 172, 233, 300, 444, 255, 316, 473, 377, 179, 64, 436, 107, 468, 246, 22, 265, 153, 479, 476, 152, 0]
Volume: 4.9807
Cost: 132173
Route: [0, 460, 34, 346, 212, 457, 181, 57, 29, 412, 251, 49, 70, 151, 90, 456, 247, 146, 155, 306, 142, 42, 272, 279, 487, 434, 378, 210, 85, 462, 0]
Volume: 4.2891
Cost: 41553
Route: [0, 173, 307, 86, 361, 295, 4, 435, 187, 399, 264, 341, 281, 171, 92, 111, 24, 138, 432, 475, 386, 3, 84, 368, 10, 211, 243, 220, 30, 72, 0]
Volume: 4.9276
Cost: 62893
Route: [0, 68, 188, 74, 268, 401, 427, 299, 466, 360, 229, 202, 330, 398, 71, 55, 418, 451, 65, 63, 236, 9, 33, 397, 248, 53, 455, 381, 96, 384, 168, 31, 0]
Volume: 4.7532
Cost: 48145
Route: [0, 67, 263, 282, 450, 116, 59, 40, 250, 43, 349, 124, 239, 218, 156, 222, 87, 447, 165, 426, 396, 478, 495, 284, 322, 366, 39, 452, 287, 104, 13, 143, 125, 88, 102, 91, 392, 224, 208, 471, 0]
Volume: 4.7685
Cost: 60926
Route: [0, 131, 83, 137, 334, 373, 204, 115, 51, 95, 410, 200, 150, 404, 274, 21, 145, 189, 170, 113, 400, 219, 186, 355, 420, 277, 257, 73, 497, 35, 483, 323, 36, 66, 296, 234, 423, 485, 464, 0]
Volume: 4.9446
Cost: 76285
Route: [0, 409, 136, 262, 258, 184, 489, 227, 350, 60, 309, 428, 408, 140, 41, 117, 484, 467, 240, 481, 459, 354, 433, 356, 388, 118, 445, 394, 286, 461, 321, 5, 114, 149, 217, 89, 431, 205, 312, 301, 440, 45, 178, 0]
Volume: 4.8681
Cost: 57225
Route: [0, 129, 359, 191, 449, 123, 193, 443, 342, 11, 283, 8, 269, 336, 27, 252, 407, 417, 198, 326, 294, 221, 134, 144, 192, 318, 474, 339, 491, 310, 253, 403, 291, 223, 480, 1, 50, 391, 469, 369, 406, 81, 110, 160, 442, 411, 7, 439, 0]
Volume: 4.9037
Cost: 74396
Route: [0, 199, 345, 182, 139, 38, 135, 353, 329, 162, 62, 213, 351, 232, 61, 380, 15, 77, 372, 226, 382, 126, 132, 242, 340, 175, 390, 448, 69, 196, 494, 121, 82, 389, 197, 338, 216, 20, 395, 78, 362, 174, 183, 206, 0]
Volume: 4.9856
Cost: 101998
Route: [0, 18, 266, 237, 203, 47, 319, 127, 130, 167, 32, 54, 12, 122, 109, 133, 261, 302, 463, 190, 298, 358, 169, 158, 313, 327, 367, 424, 437, 385, 180, 209, 166, 387, 225, 112, 482, 393, 148, 235, 293, 228, 357, 157, 414, 28, 376, 278, 0]
Volume: 4.9705
Cost: 84308
Route: [0, 276, 305, 37, 438, 344, 375, 290, 119, 415, 285, 244, 214, 493, 413, 16, 416, 99, 315, 26, 465, 271, 289, 185, 120, 161, 308, 52, 499, 304, 429, 101, 260, 332, 176, 58, 238, 430, 195, 46, 0]
Volume: 4.9991
Cost: 63415
