OFV: 93116.0

Route: [0, 102, 33, 11, 8, 55, 249, 192, 149, 37, 229, 243, 94, 87, 245, 197, 0]
Volume: 4.91
Cost: 4026
Route: [0, 178, 166, 120, 126, 93, 185, 227, 12, 0]
Volume: 3.252
Cost: 2652
Route: [0, 82, 230, 234, 83, 242, 92, 116, 0]
Volume: 2.912
Cost: 4818
Route: [0, 135, 201, 104, 228, 182, 53, 6, 112, 207, 77, 159, 78, 203, 171, 121, 172, 0]
Volume: 4.87
Cost: 3680
Route: [0, 111, 15, 173, 42, 195, 150, 237, 57, 168, 136, 63, 0]
Volume: 4.784
Cost: 4540
Route: [0, 202, 80, 144, 130, 21, 184, 125, 30, 36, 226, 0]
Volume: 4.992
Cost: 4248
Route: [0, 58, 123, 238, 156, 240, 88, 181, 193, 32, 0]
Volume: 4.784
Cost: 3942
Route: [0, 199, 154, 106, 160, 28, 105, 68, 23, 206, 169, 0]
Volume: 4.648
Cost: 4702
Route: [0, 214, 200, 96, 152, 16, 52, 220, 76, 179, 81, 198, 0]
Volume: 4.9681
Cost: 3548
Route: [0, 223, 158, 189, 196, 20, 142, 69, 100, 0]
Volume: 4.746
Cost: 4225
Route: [0, 143, 183, 75, 99, 131, 211, 72, 0]
Volume: 4.598
Cost: 3877
Route: [0, 139, 163, 246, 247, 180, 47, 35, 50, 0]
Volume: 4.89
Cost: 3786
Route: [0, 31, 7, 241, 51, 59, 60, 167, 205, 65, 217, 134, 34, 118, 194, 74, 129, 219, 70, 41, 0]
Volume: 4.872
Cost: 4217
Route: [0, 141, 2, 71, 151, 176, 24, 148, 66, 239, 56, 222, 133, 85, 9, 119, 128, 115, 0]
Volume: 4.768
Cost: 5074
Route: [0, 110, 29, 221, 186, 187, 175, 213, 162, 236, 25, 210, 73, 107, 0]
Volume: 4.7881
Cost: 3568
Route: [0, 165, 215, 14, 225, 38, 235, 122, 89, 164, 40, 0]
Volume: 4.692
Cost: 4255
Route: [0, 10, 233, 64, 39, 208, 188, 17, 4, 191, 0]
Volume: 4.96
Cost: 3284
Route: [0, 13, 216, 54, 1, 138, 155, 127, 232, 67, 43, 117, 0]
Volume: 4.708
Cost: 3059
Route: [0, 27, 79, 147, 224, 46, 124, 108, 0]
Volume: 4.766
Cost: 3441
Route: [0, 209, 109, 91, 177, 5, 49, 3, 48, 212, 170, 0]
Volume: 3.954
Cost: 5339
Route: [0, 18, 113, 231, 101, 132, 90, 44, 62, 137, 114, 98, 145, 0]
Volume: 4.466
Cost: 3697
Route: [0, 190, 218, 248, 153, 103, 26, 0]
Volume: 4.814
Cost: 4563
Route: [0, 61, 174, 22, 95, 204, 157, 161, 97, 84, 86, 140, 19, 146, 244, 45, 0]
Volume: 4.888
Cost: 4575
