OFV: 42100.0

Route: [0, 48, 44, 21, 51, 8, 49, 84, 29, 94, 37, 38, 50, 66, 3, 93, 71, 41, 74, 86, 46, 33, 35, 16, 87, 9, 28, 32, 63, 13, 45, 92, 25, 18, 65, 99, 42, 31, 30, 2, 15, 85, 52, 43, 0]
Volume: 12.4262
Cost: 18567
Route: [0, 10, 5, 17, 69, 36, 22, 11, 83, 82, 39, 26, 95, 80, 60, 34, 91, 81, 20, 79, 72, 23, 61, 98, 19, 6, 78, 24, 68, 73, 7, 70, 67, 27, 57, 0]
Volume: 7.8351
Cost: 12701
Route: [0, 62, 55, 12, 53, 1, 56, 90, 77, 75, 96, 47, 40, 54, 76, 89, 4, 64, 58, 97, 59, 14, 88, 0]
Volume: 7.4661
Cost: 10832
