OFV: 97405.0

Route: [0, 17, 317, 437, 327, 280, 371, 1, 329, 60, 295, 195, 183, 281, 430, 175, 398, 306, 381, 365, 15, 57, 40, 158, 56, 30, 20, 147, 315, 50, 441, 358, 271, 471, 120, 49, 428, 78, 483, 456, 235, 62, 73, 309, 356, 418, 463, 84, 114, 296, 186, 464, 261, 394, 29, 102, 278, 194, 489, 151, 462, 172, 452, 148, 53, 490, 250, 468, 367, 460, 9, 165, 298, 130, 58, 162, 55, 90, 79, 380, 99, 368, 467, 442, 324, 488, 402, 223, 465, 417, 362, 484, 113, 129, 387, 0]
Volume: 10.3565
Cost: 13704
Route: [0, 375, 476, 449, 351, 10, 210, 448, 382, 157, 2, 434, 294, 268, 218, 256, 344, 246, 160, 25, 330, 472, 354, 39, 305, 395, 308, 414, 436, 360, 239, 43, 82, 312, 286, 208, 128, 411, 420, 176, 224, 390, 199, 307, 415, 220, 74, 107, 492, 481, 495, 385, 207, 41, 11, 95, 485, 69, 450, 408, 161, 213, 338, 316, 290, 35, 140, 152, 267, 42, 127, 416, 200, 77, 243, 443, 282, 372, 47, 337, 431, 383, 333, 116, 209, 192, 212, 455, 341, 377, 131, 445, 0]
Volume: 12.1008
Cost: 20860
Route: [0, 493, 410, 245, 252, 174, 31, 229, 201, 393, 461, 291, 297, 71, 70, 81, 7, 36, 141, 83, 253, 13, 480, 277, 386, 339, 397, 259, 453, 142, 469, 211, 422, 473, 153, 63, 101, 108, 54, 479, 269, 123, 376, 346, 171, 439, 419, 27, 478, 353, 242, 221, 227, 144, 0]
Volume: 5.8526
Cost: 12308
Route: [0, 399, 364, 189, 233, 67, 486, 349, 32, 230, 429, 366, 219, 126, 203, 355, 400, 447, 4, 44, 97, 80, 115, 125, 197, 146, 293, 263, 466, 6, 407, 167, 314, 190, 310, 85, 206, 75, 118, 279, 88, 302, 270, 124, 352, 494, 457, 433, 289, 427, 301, 91, 303, 328, 188, 8, 403, 155, 169, 336, 343, 401, 104, 112, 193, 260, 342, 52, 187, 181, 98, 276, 425, 138, 72, 106, 0]
Volume: 9.8619
Cost: 13988
Route: [0, 111, 121, 179, 454, 406, 225, 21, 232, 491, 405, 33, 284, 319, 285, 231, 361, 87, 244, 254, 86, 325, 132, 413, 93, 359, 288, 163, 226, 497, 184, 105, 94, 12, 345, 137, 373, 238, 379, 487, 318, 363, 313, 392, 59, 384, 423, 202, 145, 498, 496, 19, 258, 205, 204, 322, 369, 299, 37, 14, 474, 331, 275, 89, 217, 45, 65, 34, 135, 248, 150, 66, 61, 300, 228, 180, 173, 156, 48, 3, 68, 51, 475, 100, 499, 262, 241, 0]
Volume: 11.3421
Cost: 16060
Route: [0, 274, 396, 182, 117, 438, 22, 426, 119, 222, 470, 292, 168, 96, 266, 272, 46, 23, 134, 477, 304, 404, 391, 234, 412, 340, 166, 323, 378, 388, 357, 38, 196, 255, 421, 287, 424, 335, 257, 164, 216, 440, 154, 332, 444, 265, 76, 103, 159, 109, 16, 435, 191, 321, 24, 459, 28, 143, 283, 264, 64, 247, 18, 249, 350, 149, 214, 178, 273, 215, 347, 409, 177, 334, 122, 482, 139, 237, 451, 389, 370, 185, 311, 92, 446, 26, 236, 251, 326, 432, 136, 320, 458, 348, 133, 198, 240, 170, 5, 110, 374, 0]
Volume: 11.4012
Cost: 20485
