OFV: 160025.0

Route: [0, 263, 145, 189, 69, 400, 170, 113, 274, 20, 21, 219, 216, 196, 494, 338, 197, 389, 82, 121, 0]
Volume: 4.99
Cost: 6957
Route: [0, 238, 430, 419, 141, 421, 100, 97, 48, 348, 177, 492, 93, 324, 256, 454, 245, 320, 395, 58, 0]
Volume: 4.931
Cost: 9296
Route: [0, 68, 314, 369, 469, 391, 1, 50, 372, 15, 77, 380, 396, 478, 192, 339, 318, 491, 310, 253, 403, 291, 439, 0]
Volume: 4.786
Cost: 7630
Route: [0, 234, 453, 365, 363, 352, 6, 292, 343, 242, 340, 382, 126, 132, 288, 175, 448, 390, 86, 0]
Volume: 4.86
Cost: 6603
Route: [0, 361, 290, 341, 399, 264, 187, 317, 94, 297, 296, 231, 23, 66, 186, 257, 36, 323, 483, 35, 497, 73, 277, 355, 420, 0]
Volume: 4.9023
Cost: 7474
Route: [0, 5, 217, 40, 250, 43, 398, 330, 71, 55, 433, 459, 354, 467, 481, 337, 19, 103, 218, 388, 118, 108, 202, 450, 0]
Volume: 4.8293
Cost: 5049
Route: [0, 434, 378, 157, 357, 228, 8, 269, 336, 27, 252, 407, 417, 235, 148, 198, 326, 294, 221, 134, 144, 70, 0]
Volume: 4.9793
Cost: 6481
Route: [0, 42, 90, 151, 456, 247, 146, 155, 306, 142, 254, 79, 210, 85, 462, 98, 106, 0]
Volume: 4.593
Cost: 5624
Route: [0, 376, 34, 346, 359, 203, 123, 193, 443, 342, 88, 125, 11, 13, 104, 287, 283, 182, 0]
Volume: 4.859
Cost: 5000
Route: [0, 425, 176, 101, 260, 429, 285, 244, 214, 200, 304, 150, 52, 499, 404, 161, 120, 308, 185, 99, 289, 413, 416, 16, 26, 465, 315, 485, 0]
Volume: 4.821
Cost: 5611
Route: [0, 84, 3, 334, 386, 432, 475, 446, 442, 160, 447, 165, 426, 137, 129, 199, 105, 278, 471, 31, 0]
Volume: 4.9392
Cost: 5356
Route: [0, 281, 171, 92, 332, 95, 370, 498, 488, 311, 147, 275, 335, 441, 267, 204, 115, 51, 423, 0]
Volume: 4.728
Cost: 5513
Route: [0, 486, 487, 280, 128, 212, 457, 80, 279, 272, 181, 57, 29, 194, 422, 251, 412, 49, 0]
Volume: 4.971
Cost: 3654
Route: [0, 321, 239, 114, 59, 116, 149, 89, 431, 349, 124, 397, 248, 53, 455, 381, 178, 460, 18, 0]
Volume: 4.41
Cost: 4668
Route: [0, 25, 241, 364, 303, 347, 273, 328, 249, 414, 28, 41, 356, 451, 63, 236, 33, 9, 418, 65, 0]
Volume: 4.845
Cost: 6236
Route: [0, 309, 60, 350, 384, 428, 408, 208, 112, 482, 167, 12, 122, 109, 133, 32, 54, 225, 107, 437, 209, 424, 140, 0]
Volume: 4.951
Cost: 6912
Route: [0, 440, 45, 266, 127, 130, 319, 393, 302, 261, 463, 190, 298, 358, 169, 410, 415, 493, 271, 119, 464, 0]
Volume: 4.7182
Cost: 7785
Route: [0, 445, 286, 394, 461, 211, 78, 195, 243, 183, 362, 174, 220, 7, 0]
Volume: 4.883
Cost: 4948
Route: [0, 184, 489, 96, 227, 379, 477, 458, 154, 56, 139, 38, 207, 14, 402, 374, 164, 371, 496, 76, 230, 2, 472, 383, 0]
Volume: 4.9911
Cost: 4746
Route: [0, 173, 307, 401, 159, 427, 268, 188, 74, 299, 466, 360, 0]
Volume: 3.947
Cost: 2173
Route: [0, 168, 136, 262, 61, 232, 495, 284, 322, 366, 237, 224, 91, 392, 205, 312, 301, 0]
Volume: 4.95
Cost: 6085
Route: [0, 131, 30, 282, 229, 152, 158, 313, 385, 166, 387, 367, 327, 180, 468, 246, 22, 316, 473, 377, 179, 64, 436, 83, 409, 0]
Volume: 4.9462
Cost: 8549
Route: [0, 135, 213, 153, 265, 479, 474, 255, 233, 444, 300, 172, 44, 270, 17, 223, 480, 226, 325, 405, 490, 333, 215, 373, 258, 0]
Volume: 4.968
Cost: 11097
Route: [0, 62, 353, 329, 162, 476, 138, 110, 111, 24, 81, 406, 87, 222, 156, 10, 368, 411, 470, 72, 259, 67, 206, 0]
Volume: 4.8171
Cost: 6999
Route: [0, 276, 305, 75, 201, 331, 163, 295, 4, 435, 375, 344, 37, 438, 0]
Volume: 4.4621
Cost: 4134
Route: [0, 345, 293, 47, 351, 39, 452, 143, 102, 449, 191, 117, 484, 240, 46, 0]
Volume: 4.9
Cost: 5445
