OFV: 71464.0

Route: [0, 480, 17, 209, 73, 433, 146, 421, 325, 340, 449, 35, 39, 134, 51, 400, 371, 112, 492, 133, 95, 27, 113, 4, 334, 138, 40, 81, 171, 183, 132, 279, 423, 495, 163, 367, 285, 413, 87, 161, 121, 320, 127, 18, 45, 268, 499, 288, 283, 128, 1, 392, 251, 395, 415, 61, 356, 339, 151, 59, 296, 280, 496, 399, 156, 92, 497, 149, 148, 278, 116, 260, 383, 168, 205, 455, 318, 106, 167, 451, 408, 162, 186, 386, 135, 114, 424, 228, 256, 33, 172, 366, 477, 0]
Volume: 10.5731
Cost: 13755
Route: [0, 220, 82, 429, 190, 385, 388, 43, 258, 71, 130, 94, 237, 293, 419, 472, 374, 88, 76, 79, 173, 60, 249, 406, 343, 493, 48, 446, 462, 332, 347, 486, 50, 434, 214, 224, 57, 25, 226, 324, 261, 471, 389, 117, 238, 275, 368, 302, 396, 188, 298, 140, 91, 464, 66, 86, 263, 164, 109, 393, 273, 470, 96, 398, 65, 329, 69, 6, 292, 312, 364, 34, 37, 181, 253, 46, 417, 387, 241, 330, 316, 68, 476, 289, 240, 105, 136, 255, 402, 0]
Volume: 11.8362
Cost: 14151
Route: [0, 152, 227, 359, 170, 207, 463, 380, 83, 341, 200, 307, 229, 182, 159, 322, 494, 22, 93, 483, 215, 375, 377, 142, 244, 32, 248, 314, 55, 489, 425, 355, 75, 259, 287, 315, 295, 179, 431, 297, 447, 358, 2, 204, 245, 217, 414, 457, 304, 129, 122, 311, 416, 99, 74, 154, 282, 16, 191, 9, 28, 15, 397, 195, 44, 77, 70, 123, 454, 337, 14, 435, 373, 0]
Volume: 10.5081
Cost: 12171
Route: [0, 309, 284, 443, 23, 120, 193, 5, 176, 441, 139, 478, 301, 469, 319, 10, 351, 479, 47, 3, 187, 175, 271, 361, 20, 412, 101, 143, 155, 218, 410, 174, 108, 235, 349, 438, 115, 197, 243, 323, 467, 276, 306, 198, 158, 409, 460, 490, 52, 225, 350, 269, 246, 265, 137, 124, 30, 97, 475, 89, 372, 78, 370, 432, 21, 327, 436, 126, 360, 482, 196, 216, 153, 85, 305, 466, 104, 444, 234, 266, 342, 488, 411, 346, 262, 194, 442, 90, 72, 118, 390, 0]
Volume: 11.9227
Cost: 12409
Route: [0, 308, 230, 7, 236, 405, 440, 498, 119, 38, 222, 461, 232, 384, 24, 180, 29, 210, 184, 206, 110, 345, 58, 177, 56, 41, 481, 427, 36, 344, 208, 328, 428, 310, 485, 157, 80, 336, 468, 54, 141, 403, 326, 422, 13, 67, 201, 277, 272, 459, 247, 102, 199, 223, 333, 103, 401, 64, 192, 453, 484, 291, 62, 63, 381, 407, 165, 49, 12, 107, 418, 203, 0]
Volume: 9.4086
Cost: 8475
Route: [0, 430, 281, 391, 317, 250, 239, 365, 219, 264, 270, 169, 300, 212, 26, 382, 445, 369, 42, 426, 376, 84, 321, 211, 299, 362, 19, 202, 294, 363, 274, 313, 353, 150, 452, 147, 456, 221, 465, 31, 394, 131, 378, 473, 145, 338, 491, 178, 379, 254, 448, 98, 185, 257, 290, 160, 8, 144, 303, 189, 242, 487, 348, 439, 233, 53, 420, 458, 335, 357, 111, 404, 231, 267, 286, 125, 474, 331, 450, 11, 352, 166, 354, 437, 100, 213, 252, 0]
Volume: 9.3026
Cost: 10503
