OFV: 27794.0

Route: [0, 9, 59, 64, 33, 16, 27, 62, 74, 34, 0]
Volume: 4.7581
Cost: 3854
Route: [0, 53, 63, 23, 69, 52, 6, 49, 39, 10, 72, 0]
Volume: 4.946
Cost: 3477
Route: [0, 3, 29, 54, 21, 0]
Volume: 4.0
Cost: 1165
Route: [0, 18, 5, 42, 28, 11, 15, 57, 43, 0]
Volume: 4.884
Cost: 2755
Route: [0, 30, 38, 66, 65, 50, 22, 20, 19, 7, 0]
Volume: 4.36
Cost: 3710
Route: [0, 24, 13, 45, 25, 48, 0]
Volume: 4.134
Cost: 1500
Route: [0, 40, 12, 4, 36, 26, 55, 37, 68, 51, 1, 73, 17, 44, 0]
Volume: 4.598
Cost: 3366
Route: [0, 71, 67, 35, 14, 61, 56, 58, 31, 0]
Volume: 4.364
Cost: 4095
Route: [0, 32, 8, 47, 70, 2, 41, 60, 46, 0]
Volume: 4.29
Cost: 3872
