OFV: 24331.0

Route: [0, 278, 369, 404, 495, 393, 125, 474, 42, 285, 236, 276, 411, 58, 258, 297, 132, 218, 352, 93, 456, 252, 261, 145, 29, 115, 53, 217, 287, 370, 321, 360, 280, 351, 107, 32, 357, 212, 86, 47, 452, 8, 139, 69, 28, 435, 160, 24, 260, 226, 98, 433, 246, 15, 180, 416, 326, 467, 7, 484, 101, 63, 140, 374, 166, 213, 275, 164, 345, 127, 216, 331, 206, 415, 153, 491, 405, 471, 304, 431, 315, 234, 104, 342, 112, 267, 65, 419, 0]
Volume: 10.0652
Cost: 3943
Route: [0, 209, 422, 71, 186, 309, 366, 11, 184, 128, 481, 363, 320, 397, 281, 75, 286, 427, 150, 155, 453, 436, 240, 181, 426, 2, 413, 332, 255, 131, 183, 302, 62, 299, 310, 477, 124, 447, 432, 347, 264, 205, 412, 89, 430, 335, 67, 74, 251, 319, 147, 475, 141, 420, 111, 192, 307, 142, 493, 16, 253, 244, 245, 144, 163, 185, 408, 257, 479, 17, 41, 499, 476, 365, 254, 399, 1, 461, 279, 168, 68, 265, 230, 359, 394, 388, 201, 449, 381, 114, 346, 498, 0]
Volume: 11.2856
Cost: 5937
Route: [0, 462, 87, 429, 44, 465, 445, 43, 380, 485, 92, 460, 361, 138, 26, 294, 295, 273, 362, 6, 496, 440, 129, 284, 227, 204, 57, 103, 329, 443, 390, 396, 379, 211, 119, 387, 300, 45, 243, 325, 39, 451, 340, 336, 298, 268, 202, 33, 78, 77, 25, 133, 463, 228, 152, 403, 30, 27, 338, 301, 191, 187, 31, 59, 355, 130, 409, 0]
Volume: 8.8919
Cost: 4913
Route: [0, 123, 384, 122, 398, 402, 222, 318, 23, 262, 444, 34, 221, 330, 296, 105, 90, 283, 358, 233, 270, 19, 61, 311, 256, 108, 60, 66, 372, 480, 348, 377, 328, 424, 375, 439, 14, 215, 148, 341, 219, 290, 468, 121, 349, 136, 483, 149, 303, 492, 197, 383, 418, 200, 84, 428, 126, 392, 56, 225, 386, 473, 266, 458, 143, 82, 423, 371, 177, 291, 259, 207, 196, 18, 91, 194, 407, 10, 421, 437, 0]
Volume: 9.0175
Cost: 3107
Route: [0, 367, 165, 494, 20, 35, 263, 438, 406, 76, 489, 13, 231, 272, 3, 179, 161, 373, 497, 317, 182, 487, 232, 339, 488, 102, 414, 190, 364, 54, 49, 83, 417, 36, 135, 401, 223, 174, 305, 40, 137, 171, 170, 37, 188, 176, 118, 238, 464, 55, 117, 151, 51, 454, 324, 208, 389, 455, 157, 450, 334, 110, 446, 220, 282, 95, 52, 210, 158, 314, 159, 247, 235, 391, 156, 356, 400, 353, 116, 100, 224, 292, 167, 154, 106, 162, 214, 38, 134, 178, 425, 322, 239, 12, 198, 4, 0]
Volume: 11.7853
Cost: 3369
Route: [0, 385, 203, 113, 288, 472, 337, 99, 189, 79, 466, 175, 368, 146, 64, 327, 50, 80, 308, 486, 97, 173, 21, 73, 333, 271, 46, 120, 249, 410, 277, 109, 376, 323, 478, 88, 274, 195, 457, 395, 459, 237, 248, 70, 293, 269, 81, 354, 169, 312, 72, 229, 470, 441, 242, 48, 448, 96, 94, 313, 199, 343, 22, 482, 172, 490, 442, 85, 378, 469, 344, 241, 316, 382, 9, 434, 250, 193, 5, 306, 350, 289, 0]
Volume: 10.6381
Cost: 3062
