OFV: 63481.0

Route: [0, 151, 2, 71, 141, 80, 144, 130, 21, 184, 125, 30, 36, 226, 176, 24, 148, 66, 239, 56, 222, 133, 0]
Volume: 12.0061
Cost: 6156
Route: [0, 224, 46, 150, 237, 121, 171, 203, 159, 172, 112, 104, 53, 201, 207, 77, 78, 57, 168, 136, 63, 13, 0]
Volume: 12.022
Cost: 4424
Route: [0, 162, 236, 213, 25, 210, 73, 107, 209, 48, 212, 170, 49, 3, 155, 138, 127, 1, 174, 117, 9, 119, 128, 115, 0]
Volume: 12.3881
Cost: 6876
Route: [0, 178, 166, 120, 227, 12, 185, 93, 126, 140, 19, 45, 244, 146, 202, 216, 139, 110, 29, 221, 186, 175, 187, 40, 0]
Volume: 12.33
Cost: 5283
Route: [0, 58, 229, 37, 243, 192, 149, 249, 55, 8, 85, 98, 90, 44, 137, 62, 114, 145, 132, 101, 113, 231, 18, 103, 26, 0]
Volume: 12.272
Cost: 4921
Route: [0, 82, 230, 83, 234, 242, 116, 92, 223, 158, 189, 196, 20, 7, 241, 51, 31, 142, 60, 218, 205, 167, 248, 134, 59, 69, 190, 100, 0]
Volume: 12.478
Cost: 7745
Route: [0, 211, 72, 206, 169, 10, 233, 64, 39, 17, 208, 188, 4, 191, 111, 15, 173, 42, 195, 147, 79, 27, 124, 108, 0]
Volume: 12.2901
Cost: 6174
Route: [0, 143, 75, 183, 131, 99, 153, 217, 65, 34, 219, 129, 74, 118, 194, 70, 41, 0]
Volume: 12.0601
Cost: 4768
Route: [0, 61, 22, 86, 84, 204, 97, 157, 161, 95, 54, 232, 67, 43, 199, 154, 106, 68, 105, 160, 28, 23, 182, 6, 135, 228, 0]
Volume: 12.214
Cost: 5830
Route: [0, 214, 200, 152, 16, 96, 52, 220, 76, 35, 179, 50, 81, 198, 247, 246, 163, 47, 180, 164, 5, 177, 91, 109, 0]
Volume: 11.9921
Cost: 5264
Route: [0, 245, 87, 197, 94, 235, 38, 225, 122, 165, 14, 215, 89, 102, 33, 11, 238, 240, 88, 156, 181, 123, 193, 32, 0]
Volume: 12.2841
Cost: 6040
